COLUMNS

passenger_count
pickup_ID
dropoff_ID
request_time_sec
pickup_district
dropoff_district
LDuals
IDuals
vehicle_ID
pick_position
drop_position

REQUESTS_INFO
1      311       498       29578     87        52        191       191       141       1         2         
1      415       245       29604     100       999       156       156       162       1         2         
4      1023      120       29603     291       57        201       201       165       1         2         
1      285       133       29585     299       9         113       113       214       1         2         
3      905       1023      29581     290       291       197       197       253       1         2         
1      893       693       29590     291       280       195       195       267       1         3         
1      549       717       29571     52        189       181       181       274       1         4         
1      992       11        29569     290       999       189       189       342       1         2         
1      417       267       29602     100       266       106       106       371       1         3         
1      372       674       29581     119       189       202       202       394       1         3         
3      354       603       29582     119       189       192       192       400       1         3         
2      924       672       29538     290       189       242       242       412       1         2         
2      456       46        29587     52        98        155       155       460       1         4         
2      838       544       29604     290       52        155       155       471       1         4         
1      413       628       29592     52        189       130       130       484       1         3         
2      946       605       29584     290       189       201       201       539       1         2         
1      568       505       29603     52        52        116       116       645       1         2         
1      805       651       29597     291       189       113       113       653       1         4         
2      644       31        29592     131       9         144       144       667       1         3         
1      397       576       29520     168       189       219       219       686       1         2         
2      663       759       29570     131       131       137       137       709       1         2         
2      778       1234      29590     131       129       186       186       710       1         2         
2      757       859       29609     131       290       127       127       716       1         3         
2      947       35        29522     290       98        247       247       744       1         2         
1      549       676       29524     52        189       246       246       765       1         2         
1      914       781       29502     291       291       299       299       784       1         2         
1      914       716       29603     291       189       187       187       807       1         2         
1      368       531       29584     299       189       183       183       819       1         3         
1      874       665       29592     291       131       171       171       822       1         4         
1      959       760       29575     291       291       255       255       823       1         2         
1      908       761       29592     290       50        176       176       864       1         3         
2      527       269       29581     52        127       163       163       880       1         2         
1      959       693       29571     291       280       259       259       896       1         3         
3      886       652       29550     290       189       247       247       909       1         2         
3      960       1090      29550     291       291       271       271       916       1         2         
3      959       22        29521     291       98        309       309       917       1         2         
1      727       145       29583     290       178       119       119       935       1         2         
1      959       623       29591     291       280       175       175       960       1         3         
1      972       1032      29602     290       84        134       134       975       1         2         
3      842       489       29572     290       199       193       193       979       1         2         
1      1148      1199      29585     291       84        159       159       1069      1         3         
3      1012      207       29562     84        286       183       183       1072      1         3         
1      1066      1211      29577     291       129       158       158       1107      1         3         
1      1022      560       29601     291       189       119       119       1111      1         4         
1      948       693       29563     290       280       207       207       1117      1         2         
1      958       1530      29577     291       296       251       251       1124      1         2         
2      1086      1207      29582     291       192       195       195       1126      1         2         
3      905       1023      29581     290       291       197       197       1160      1         4         
1      861       836       29471     290       290       297       297       1160      2         3         
1      981       651       29534     291       189       264       264       1161      1         3         
1      883       728       29551     290       290       214       214       1162      1         2         
3      937       839       29548     291       290       234       234       1185      1         2         
1      770       678       29554     290       290       188       188       1305      1         2         
2      1128      1189      29541     291       192       189       189       1321      1         3         
3      573       617       29585     189       131       180       180       1759      1         2         
1      819       969       29549     999       290       242       242       1795      1         2         
1      376       531       29591     168       189       177       177       1833      1         2         
3      886       652       29550     290       189       247       247       1915      1         2         
1      297       627       29585     277       189       201       201       1960      1         3         
1      512       629       29588     199       189       98        98        1969      1         2         
1      334       134       29589     119       9         208       208       1985      1         2         
2      549       647       29508     52        280       262       262       1995      1         3         
1      702       443       29610     290       168       0         0         0         0         0         
1      597       670       29610     131       280       0         0         0         0         0         
1      134       699       29610     9         290       0         0         0         0         0         
1      419       436       29610     168       100       0         0         0         0         0         
1      1128      1087      29610     291       291       0         0         0         0         0         
1      702       536       29610     290       189       0         0         0         0         0         
1      783       604       29611     50        189       0         0         0         0         0         
1      554       551       29611     189       189       0         0         0         0         0         
1      947       670       29612     290       280       0         0         0         0         0         
1      801       473       29612     291       52        0         0         0         0         0         
1      1248      1212      29612     129       129       0         0         0         0         0         
1      971       399       29613     290       168       0         0         0         0         0         
1      395       676       29613     100       189       0         0         0         0         0         
1      374       288       29613     119       127       0         0         0         0         0         
1      604       652       29613     189       189       0         0         0         0         0         
1      815       581       29613     290       189       0         0         0         0         0         
1      355       535       29613     119       189       0         0         0         0         0         
1      608       651       29613     189       189       0         0         0         0         0         
1      295       117       29614     87        286       0         0         0         0         0         
2      1022      649       29614     291       189       0         0         0         0         0         
1      621       671       29614     280       280       0         0         0         0         0         
1      455       371       29614     52        52        0         0         0         0         0         
1      771       626       29614     290       189       0         0         0         0         0         
1      861       35        29614     290       98        0         0         0         0         0         
3      655       906       29615     189       290       0         0         0         0         0         
1      618       695       29615     131       189       0         0         0         0         0         
1      929       607       29615     290       189       0         0         0         0         0         
3      916       602       29615     291       189       0         0         0         0         0         
2      916       602       29615     291       189       0         0         0         0         0         
4      781       697       29615     291       189       0         0         0         0         0         
1      983       716       29615     291       189       0         0         0         0         0         
1      553       698       29616     189       189       0         0         0         0         0         
2      374       369       29616     119       52        0         0         0         0         0         
2      527       511       29616     52        199       0         0         0         0         0         
1      598       648       29616     189       189       0         0         0         0         0         
1      598       679       29616     189       290       0         0         0         0         0         
1      346       346       29617     299       299       0         0         0         0         0         
1      376       218       29617     168       87        0         0         0         0         0         
1      608       487       29618     189       199       0         0         0         0         0         
1      894       837       29618     291       290       0         0         0         0         0         
1      273       609       29619     206       189       0         0         0         0         0         
1      928       925       29619     290       290       0         0         0         0         0         
1      328       416       29619     299       100       0         0         0         0         0         
1      851       662       29619     291       131       0         0         0         0         0         
1      485       155       29619     189       286       0         0         0         0         0         
1      663       550       29619     131       189       0         0         0         0         0         
1      836       908       29620     290       290       0         0         0         0         0         
1      760       415       29620     291       100       0         0         0         0         0         
2      654       556       29620     189       199       0         0         0         0         0         
1      923       527       29620     290       52        0         0         0         0         0         
2      345       373       29620     299       119       0         0         0         0         0         
3      345       373       29620     299       119       0         0         0         0         0         
1      768       649       29621     290       189       0         0         0         0         0         
1      478       678       29621     52        290       0         0         0         0         0         
1      462       649       29621     189       189       0         0         0         0         0         
4      726       629       29621     290       189       0         0         0         0         0         
1      761       602       29621     50        189       0         0         0         0         0         
1      578       479       29621     189       52        0         0         0         0         0         
1      905       721       29622     290       290       0         0         0         0         0         
1      887       578       29622     290       189       0         0         0         0         0         
1      1207      882       29623     192       290       0         0         0         0         0         
1      1000      804       29623     291       291       0         0         0         0         0         
2      1106      691       29623     291       131       0         0         0         0         0         
1      133       265       29623     9         299       0         0         0         0         0         
1      1068      604       29623     291       189       0         0         0         0         0         
1      549       673       29623     52        189       0         0         0         0         0         
1      417       604       29624     100       189       0         0         0         0         0         
1      433       531       29624     52        189       0         0         0         0         0         
2      213       408       29624     266       299       0         0         0         0         0         
1      284       246       29624     299       266       0         0         0         0         0         
3      608       513       29624     189       199       0         0         0         0         0         
1      462       648       29624     189       189       0         0         0         0         0         
1      10        627       29625     98        189       0         0         0         0         0         
1      1044      915       29625     291       291       0         0         0         0         0         
1      1001      600       29625     291       280       0         0         0         0         0         
3      549       594       29625     52        131       0         0         0         0         0         
3      549       594       29625     52        131       0         0         0         0         0         
1      457       139       29625     52        57        0         0         0         0         0         
2      788       651       29626     290       189       0         0         0         0         0         
3      788       651       29626     290       189       0         0         0         0         0         
1      725       208       29626     290       286       0         0         0         0         0         
4      903       696       29626     290       189       0         0         0         0         0         
1      440       481       29626     168       189       0         0         0         0         0         
1      179       332       29627     178       87        0         0         0         0         0         
1      369       375       29627     52        119       0         0         0         0         0         
3      850       417       29628     291       100       0         0         0         0         0         
1      630       581       29628     189       189       0         0         0         0         0         
1      118       416       29629     286       100       0         0         0         0         0         
1      433       533       29630     52        199       0         0         0         0         0         
1      304       35        29630     299       98        0         0         0         0         0         
1      924       985       29630     290       50        0         0         0         0         0         
1      968       497       29630     290       999       0         0         0         0         0         
1      827       548       29630     291       52        0         0         0         0         0         
1      347       532       29630     299       199       0         0         0         0         0         
1      947       766       29631     290       290       0         0         0         0         0         
1      345       479       29631     299       52        0         0         0         0         0         
2      603       718       29631     189       189       0         0         0         0         0         
2      48        460       29631     98        189       0         0         0         0         0         
1      947       721       29631     290       290       0         0         0         0         0         
1      793       580       29631     290       189       0         0         0         0         0         
2      748       700       29631     290       290       0         0         0         0         0         
3      748       700       29631     290       290       0         0         0         0         0         
1      290       394       29632     127       100       0         0         0         0         0         
1      479       623       29632     52        280       0         0         0         0         0         
1      455       390       29632     52        52        0         0         0         0         0         
1      817       556       29632     290       199       0         0         0         0         0         
1      694       527       29632     189       52        0         0         0         0         0         
1      738       575       29632     189       189       0         0         0         0         0         
1      458       718       29633     52        189       0         0         0         0         0         
1      695       575       29633     189       189       0         0         0         0         0         
1      416       1100      29633     100       84        0         0         0         0         0         
1      365       578       29633     299       189       0         0         0         0         0         
1      117       34        29634     286       98        0         0         0         0         0         
1      308       534       29634     127       199       0         0         0         0         0         
1      295       701       29634     87        290       0         0         0         0         0         
1      1150      1187      29634     291       291       0         0         0         0         0         
1      598       717       29634     189       189       0         0         0         0         0         
1      679       578       29634     290       189       0         0         0         0         0         
1      768       1031      29634     290       50        0         0         0         0         0         
1      693       575       29635     280       189       0         0         0         0         0         
1      443       537       29635     168       189       0         0         0         0         0         
1      695       534       29635     189       199       0         0         0         0         0         
1      836       696       29635     290       189       0         0         0         0         0         
1      509       646       29635     199       280       0         0         0         0         0         
1      349       416       29635     127       100       0         0         0         0         0         
1      455       671       29636     52        280       0         0         0         0         0         
1      663       594       29636     131       131       0         0         0         0         0         
1      254       98        29636     87        98        0         0         0         0         0         
1      892       604       29636     291       189       0         0         0         0         0         
1      725       970       29636     290       290       0         0         0         0         0         
1      523       526       29637     52        52        0         0         0         0         0         
1      59        212       29637     999       266       0         0         0         0         0         
1      991       672       29637     290       189       0         0         0         0         0         
3      597       457       29637     131       52        0         0         0         0         0         
1      817       699       29638     290       290       0         0         0         0         0         
1      947       670       29638     290       280       0         0         0         0         0         
2      713       649       29638     131       189       0         0         0         0         0         
1      504       413       29638     52        52        0         0         0         0         0         
3      272       902       29638     127       50        0         0         0         0         0         
2      272       902       29638     127       50        0         0         0         0         0         
1      734       627       29638     131       189       0         0         0         0         0         
2      600       9         29639     280       98        0         0         0         0         0         
3      600       9         29639     280       98        0         0         0         0         0         
1      632       121       29639     189       57        0         0         0         0         0         
1      759       626       29639     131       189       0         0         0         0         0         
1      418       116       29639     168       9         0         0         0         0         0         
