COLUMNS

passenger_count
pickup_ID
dropoff_ID
request_time_sec
pickup_district
dropoff_district
LDuals
IDuals
vehicle_ID
pick_position
drop_position

REQUESTS_INFO
1      772       720       30631     290       290       249       249       14        1         2         
1      1129      717       30630     291       189       239       239       15        1         3         
2      840       725       30658     290       290       256.75    256.75    37        1         2         
1      812       652       30669     290       189       203       203       48        1         4         
1      813       669       30673     290       280       238       238       66        1         3         
3      970       628       30552     290       189       374       374       79        1         2         
1      949       627       30687     290       189       168       168       80        1         3         
4      835       696       30646     290       189       241       241       82        1         2         
1      524       390       30666     52        52        150       150       107       1         2         
1      771       1218      30526     290       84        350.5     350.5     115       1         3         
1      668       560       30664     280       189       154       154       117       1         2         
2      767       671       30673     290       280       171       171       128       1         3         
3      970       509       30660     290       199       203       203       138       1         3         
1      633       22        30666     189       98        179       179       140       1         2         
1      1026      462       30678     291       189       246       246       145       1         4         
1      772       577       30666     290       189       211.5     211.5     146       1         3         
3      840       544       30665     290       52        250.5     250.5     146       2         4         
1      508       117       30668     199       286       145       145       152       1         3         
4      1128      827       30417     291       291       474       474       160       1         2         
1      171       313       30677     286       87        90        90        213       1         4         
2      1054      1122      30667     84        84        230       230       223       1         2         
1      876       810       30661     50        290       186       186       241       1         3         
1      939       759       30671     291       131       208       208       241       2         4         
2      154       269       30685     286       127       97        97        247       1         2         
1      792       652       30650     290       189       242       242       255       1         2         
1      940       748       30656     291       290       255       255       257       1         3         
1      837       651       30665     290       189       195.75    195.75    265       1         4         
1      837       649       30676     290       189       195       195       265       2         3         
3      504       416       30586     52        100       272       272       269       1         2         
1      457       691       30665     52        131       138       138       276       1         4         
1      812       628       30639     290       189       234       234       286       1         3         
3      716       599       30664     189       280       154       154       303       1         2         
1      252       328       30678     206       299       132       132       330       1         2         
1      858       721       30674     290       290       135       135       376       1         3         
1      655       963       30673     189       50        126       126       394       1         4         
1      366       858       30670     299       290       152       152       406       1         3         
3      969       674       30548     290       189       355       355       415       1         3         
1      969       557       30661     290       189       170       170       415       2         4         
1      1023      717       30668     291       189       228       228       417       1         2         
2      345       544       30661     299       52        175       175       420       1         2         
1      768       720       30632     290       290       249       249       423       1         2         
1      875       600       30683     291       280       179       179       428       1         4         
1      460       267       30599     189       266       232       232       485       1         2         
2      1187      497       30645     291       999       216       216       504       1         2         
1      418       409       30676     168       52        104       104       522       1         3         
1      778       605       30670     131       189       169       169       549       1         3         
2      369       600       30683     52        280       145       145       554       1         3         
1      811       741       30684     290       50        151       151       564       1         2         
3      345       544       30661     299       52        175       175       598       1         2         
1      875       674       30677     291       189       185       185       605       1         2         
1      767       605       30670     290       189       174       174       609       1         3         
2      768       968       30685     290       290       192       192       609       2         4         
2      680       527       30675     290       52        211       211       613       1         2         
1      722       606       30573     290       189       249       249       641       1         2         
2      858       672       30684     290       189       162       162       651       1         4         
3      927       1011      30602     290       84        331       331       659       1         2         
1      1068      1079      30597     291       84        326       326       661       1         2         
1      802       766       30663     291       290       185       185       687       1         2         
3      815       652       30604     290       189       320       320       729       1         2         
1      812       602       30651     290       189       222       222       731       1         3         
2      838       940       30541     290       291       385       385       759       1         2         
2      772       396       30568     290       119       324       324       774       1         2         
1      421       438       30660     168       100       129       129       775       1         2         
1      356       31        30672     119       9         175       175       777       1         3         
1      771       647       30661     290       280       215.5     215.5     783       1         2         
3      812       439       30654     290       189       237       237       790       1         4         
1      813       699       30639     290       290       272       272       790       2         3         
1      618       116       30688     131       9         124       124       792       1         3         
1      817       557       30677     290       189       204       204       821       1         4         
1      990       760       30648     290       291       228       228       827       1         3         
1      973       399       30674     84        168       206       206       850       1         3         
3      862       291       30675     290       87        274       274       855       1         2         
2      824       718       30577     291       189       260       260       857       1         2         
1      312       451       30689     87        999       152       152       871       1         2         
1      527       416       30668     52        100       159       159       875       1         3         
2      172       35        30633     286       98        183       183       903       1         2         
3      927       996       30617     290       84        316       316       906       1         2         
1      842       388       30503     290       299       446       446       913       1         2         
1      702       651       30668     290       189       182       182       924       1         2         
1      816       738       30680     290       189       201       201       930       1         3         
1      1087      1529      30613     291       296       306       306       933       1         2         
1      968       720       30527     290       290       350       350       959       1         2         
2      837       532       30676     290       199       227       227       962       1         4         
4      780       778       30674     291       131       163       163       974       1         2         
1      929       1032      30611     290       84        273       273       976       1         4         
3      927       996       30617     290       84        316       316       976       2         3         
1      804       759       30660     291       131       125       125       980       1         2         
1      862       669       30645     290       280       266       266       984       1         3         
3      1054      1122      30667     84        84        230       230       1011      1         3         
1      329       629       30640     127       189       151       151       1034      1         4         
1      504       284       30643     52        299       183       183       1051      1         3         
1      293       331       30670     87        127       149       149       1067      1         2         
1      1088      747       30681     291       290       203       203       1086      1         4         
1      306       209       30672     299       266       197       197       1087      1         2         
1      757       720       30649     131       290       176       176       1093      1         3         
1      500       710       30674     52        131       133       133       1099      1         2         
1      842       694       30511     290       189       423.5     423.5     1107      1         2         
3      795       909       30518     290       290       385       385       1111      1         2         
1      766       189       30617     290       286       232       232       1119      1         2         
1      928       10        30570     290       98        267       267       1123      1         4         
1      1140      1003      30659     84        291       155       155       1161      1         3         
1      772       749       30653     290       290       200       200       1201      1         2         
2      1012      505       30573     84        52        344       344       1221      1         2         
1      772       605       30687     290       189       190.5     190.5     1237      1         2         
1      1173      1325      30684     129       129       140       140       1269      1         3         
3      737       596       30689     189       131       120       120       1288      1         3         
3      970       628       30552     290       189       374       374       1292      1         2         
1      840       669       30632     290       280       238.5     238.5     1302      1         5         
3      859       558       30631     290       189       255       255       1312      1         3         
1      789       924       30677     290       290       153       153       1327      1         3         
1      757       643       30662     131       131       140       140       1358      1         2         
1      812       652       30686     290       189       167       167       1374      1         5         
1      928       852       30579     290       291       330       330       1433      1         3         
2      864       507       30680     290       189       196       196       1725      1         4         
1      887       767       30353     290       290       559       559       1725      2         3         
2      768       1011      30637     290       84        233       233       1754      1         4         
1      1045      415       30655     291       100       248       248       1795      1         2         
3      927       1011      30602     290       84        331       331       1799      1         2         
1      991       604       30602     290       189       156       156       1806      1         2         
3      676       626       30685     189       189       139       139       1813      1         3         
1      746       20        30675     290       98        214       214       1843      1         3         
3      504       438       30663     52        100       195       195       1848      1         3         
3      276       727       30607     87        290       237       237       1863      1         2         
1      836       605       30680     290       189       180       180       1879      1         3         
3      837       532       30676     290       199       227       227       1879      2         4         
2      1004      1462      30681     291       296       257       257       1887      1         2         
1      768       627       30635     290       189       246       246       1889      1         2         
1      850       718       30681     291       189       170       170       1908      1         3         
3      840       725       30658     290       290       261.5     261.5     1915      1         2         
1      958       946       30666     291       290       196       196       1930      1         3         
3      1048      1217      30611     291       84        323       323       1931      1         2         
1      328       394       30688     299       100       138       138       1947      1         2         
1      747       578       30620     290       189       278       278       1950      1         2         
2      608       78        30678     189       9         148       148       1957      1         4         
1      328       373       30624     299       119       176       176       1958      1         4         
1      837       599       30662     290       280       209       209       1969      1         4         
1      851       629       30632     291       189       253       253       1974      1         2         
2      311       505       30653     87        52        147       147       1978      1         3         
3      464       287       30667     168       299       136       136       1994      1         3         
3      940       413       30690     291       52        0         0         0         0         0         
2      200       268       30690     87        299       0         0         0         0         0         
1      679       11        30690     290       999       0         0         0         0         0         
1      747       652       30690     290       189       0         0         0         0         0         
1      744       557       30691     290       189       0         0         0         0         0         
2      549       692       30691     52        280       0         0         0         0         0         
3      549       692       30691     52        280       0         0         0         0         0         
1      1043      836       30691     291       290       0         0         0         0         0         
1      511       460       30691     199       189       0         0         0         0         0         
1      692       461       30691     280       189       0         0         0         0         0         
1      486       600       30691     199       280       0         0         0         0         0         
1      507       232       30691     189       266       0         0         0         0         0         
3      717       626       30692     189       189       0         0         0         0         0         
1      747       47        30692     290       98        0         0         0         0         0         
1      436       555       30692     100       199       0         0         0         0         0         
1      555       718       30692     199       189       0         0         0         0         0         
2      691       372       30693     131       119       0         0         0         0         0         
1      858       782       30693     290       291       0         0         0         0         0         
1      743       483       30693     290       189       0         0         0         0         0         
1      805       578       30693     291       189       0         0         0         0         0         
1      873       527       30693     291       52        0         0         0         0         0         
1      1076      627       30694     84        189       0         0         0         0         0         
2      352       116       30694     119       9         0         0         0         0         0         
1      715       1284      30694     131       129       0         0         0         0         0         
1      393       116       30694     52        9         0         0         0         0         0         
1      842       1031      30694     290       50        0         0         0         0         0         
3      837       212       30694     290       266       0         0         0         0         0         
1      527       694       30694     52        189       0         0         0         0         0         
1      740       581       30694     50        189       0         0         0         0         0         
1      575       350       30695     189       127       0         0         0         0         0         
3      249       484       30695     266       189       0         0         0         0         0         
1      213       116       30695     266       9         0         0         0         0         0         
3      249       484       30695     266       189       0         0         0         0         0         
1      698       556       30695     189       199       0         0         0         0         0         
1      743       604       30696     290       189       0         0         0         0         0         
1      512       64        30696     199       98        0         0         0         0         0         
1      629       555       30696     189       199       0         0         0         0         0         
3      628       441       30696     189       168       0         0         0         0         0         
1      348       576       30696     299       189       0         0         0         0         0         
1      945       602       30697     50        189       0         0         0         0         0         
2      417       266       30697     100       266       0         0         0         0         0         
1      599       663       30697     280       131       0         0         0         0         0         
2      556       527       30697     199       52        0         0         0         0         0         
1      527       408       30698     52        299       0         0         0         0         0         
1      134       9         30698     9         98        0         0         0         0         0         
2      760       575       30699     291       189       0         0         0         0         0         
3      1489      551       30699     296       189       0         0         0         0         0         
2      1265      436       30699     192       100       0         0         0         0         0         
1      579       1032      30699     189       84        0         0         0         0         0         
3      760       575       30699     291       189       0         0         0         0         0         
1      668       697       30699     280       189       0         0         0         0         0         
3      465       97        30700     199       9         0         0         0         0         0         
1      758       558       30700     131       189       0         0         0         0         0         
1      837       674       30700     290       189       0         0         0         0         0         
1      215       580       30700     178       189       0         0         0         0         0         
1      368       698       30700     299       189       0         0         0         0         0         
1      1172      1263      30700     129       192       0         0         0         0         0         
1      527       416       30700     52        100       0         0         0         0         0         
2      465       97        30700     199       9         0         0         0         0         0         
3      253       10        30701     206       98        0         0         0         0         0         
1      767       571       30701     290       52        0         0         0         0         0         
1      325       478       30701     299       52        0         0         0         0         0         
1      600       628       30701     280       189       0         0         0         0         0         
2      461       721       30701     189       290       0         0         0         0         0         
1      577       578       30701     189       189       0         0         0         0         0         
1      504       553       30701     52        189       0         0         0         0         0         
3      253       10        30701     206       98        0         0         0         0         0         
1      527       457       30702     52        52        0         0         0         0         0         
1      991       532       30702     290       199       0         0         0         0         0         
2      440       629       30702     168       189       0         0         0         0         0         
1      554       481       30702     189       189       0         0         0         0         0         
1      736       801       30703     131       291       0         0         0         0         0         
1      534       604       30703     199       189       0         0         0         0         0         
1      557       669       30703     189       280       0         0         0         0         0         
1      66        498       30703     98        52        0         0         0         0         0         
2      1168      1207      30703     291       192       0         0         0         0         0         
1      602       573       30703     189       189       0         0         0         0         0         
1      632       377       30703     189       168       0         0         0         0         0         
2      605       212       30703     189       266       0         0         0         0         0         
3      882       946       30703     290       290       0         0         0         0         0         
1      841       744       30703     290       290       0         0         0         0         0         
2      903       909       30703     290       290       0         0         0         0         0         
3      903       909       30703     290       290       0         0         0         0         0         
1      349       644       30704     127       131       0         0         0         0         0         
2      189       600       30704     286       280       0         0         0         0         0         
1      627       728       30704     189       290       0         0         0         0         0         
1      103       98        30704     57        98        0         0         0         0         0         
2      118       1189      30705     286       192       0         0         0         0         0         
1      723       697       30705     290       189       0         0         0         0         0         
1      252       192       30705     206       266       0         0         0         0         0         
1      760       603       30705     291       189       0         0         0         0         0         
1      686       116       30705     131       9         0         0         0         0         0         
1      788       116       30705     290       9         0         0         0         0         0         
1      115       32        30705     9         98        0         0         0         0         0         
1      479       47        30705     52        98        0         0         0         0         0         
2      961       805       30705     291       291       0         0         0         0         0         
1      837       117       30705     290       286       0         0         0         0         0         
1      674       970       30706     189       290       0         0         0         0         0         
1      556       685       30706     199       999       0         0         0         0         0         
1      812       483       30706     290       189       0         0         0         0         0         
1      627       622       30706     189       280       0         0         0         0         0         
1      608       461       30706     189       189       0         0         0         0         0         
1      535       529       30706     189       189       0         0         0         0         0         
3      1270      1178      30706     129       84        0         0         0         0         0         
2      1270      1178      30706     129       84        0         0         0         0         0         
1      770       717       30706     290       189       0         0         0         0         0         
1      309       527       30706     127       52        0         0         0         0         0         
1      859       627       30707     290       189       0         0         0         0         0         
1      690       553       30707     131       189       0         0         0         0         0         
2      647       603       30707     280       189       0         0         0         0         0         
1      948       1038      30707     290       84        0         0         0         0         0         
1      554       694       30707     189       189       0         0         0         0         0         
1      311       657       30708     87        999       0         0         0         0         0         
1      482       372       30708     189       119       0         0         0         0         0         
1      717       692       30708     189       280       0         0         0         0         0         
1      604       675       30708     189       189       0         0         0         0         0         
1      417       134       30708     100       9         0         0         0         0         0         
1      861       606       30708     290       189       0         0         0         0         0         
3      1148      1233      30709     291       129       0         0         0         0         0         
3      1148      1233      30709     291       129       0         0         0         0         0         
3      329       545       30709     127       52        0         0         0         0         0         
2      329       545       30709     127       52        0         0         0         0         0         
1      604       721       30709     189       290       0         0         0         0         0         
1      818       527       30709     290       52        0         0         0         0         0         
1      621       650       30709     280       189       0         0         0         0         0         
1      391       603       30709     52        189       0         0         0         0         0         
1      736       727       30709     131       290       0         0         0         0         0         
2      760       803       30709     291       291       0         0         0         0         0         
1      994       725       30709     84        290       0         0         0         0         0         
1      646       81        30710     280       98        0         0         0         0         0         
3      702       907       30710     290       290       0         0         0         0         0         
1      768       695       30710     290       189       0         0         0         0         0         
3      557       417       30711     189       100       0         0         0         0         0         
3      557       417       30711     189       100       0         0         0         0         0         
1      497       536       30711     999       189       0         0         0         0         0         
1      434       718       30711     52        189       0         0         0         0         0         
1      505       597       30711     52        131       0         0         0         0         0         
1      504       483       30711     52        189       0         0         0         0         0         
1      134       556       30711     9         199       0         0         0         0         0         
1      662       581       30711     131       189       0         0         0         0         0         
1      768       674       30712     290       189       0         0         0         0         0         
1      804       672       30712     291       189       0         0         0         0         0         
1      582       574       30712     189       189       0         0         0         0         0         
3      505       399       30712     52        168       0         0         0         0         0         
3      505       399       30712     52        168       0         0         0         0         0         
1      213       134       30712     266       9         0         0         0         0         0         
1      503       389       30713     52        299       0         0         0         0         0         
1      328       694       30713     299       189       0         0         0         0         0         
1      699       557       30713     290       189       0         0         0         0         0         
1      291       134       30713     87        9         0         0         0         0         0         
1      629       35        30714     189       98        0         0         0         0         0         
1      179       399       30714     178       168       0         0         0         0         0         
3      605       289       30715     189       127       0         0         0         0         0         
3      837       526       30716     290       52        0         0         0         0         0         
2      837       526       30716     290       52        0         0         0         0         0         
1      81        170       30716     98        286       0         0         0         0         0         
3      873       1023      30716     291       291       0         0         0         0         0         
2      873       1023      30716     291       291       0         0         0         0         0         
2      781       626       30716     291       189       0         0         0         0         0         
2      791       602       30716     290       189       0         0         0         0         0         
1      499       440       30717     52        168       0         0         0         0         0         
2      871       502       30717     291       52        0         0         0         0         0         
1      461       604       30717     189       189       0         0         0         0         0         
1      905       970       30717     290       290       0         0         0         0         0         
1      1196      915       30717     129       291       0         0         0         0         0         
1      605       557       30717     189       189       0         0         0         0         0         
1      308       604       30717     127       189       0         0         0         0         0         
1      530       526       30717     189       52        0         0         0         0         0         
1      78        628       30717     9         189       0         0         0         0         0         
3      693       669       30718     280       280       0         0         0         0         0         
1      549       581       30718     52        189       0         0         0         0         0         
1      532       743       30718     199       290       0         0         0         0         0         
1      732       269       30719     131       127       0         0         0         0         0         
1      834       696       30719     290       189       0         0         0         0         0         
1      1053      924       30719     84        290       0         0         0         0         0         
1      778       1054      30719     131       84        0         0         0         0         0         
1      791       909       30719     290       290       0         0         0         0         0         
1      502       577       30719     52        189       0         0         0         0         0         
1      810       720       30719     290       290       0         0         0         0         0         
1      748       838       30719     290       290       0         0         0         0         0         
1      355       1683      30719     119       142       0         0         0         0         0         
1      859       600       30719     290       280       0         0         0         0         0         
1      675       737       30719     189       189       0         0         0         0         0         
3      269       484       30719     127       189       0         0         0         0         0         
2      269       484       30719     127       189       0         0         0         0         0         
3      982       1068      30719     291       291       0         0         0         0         0         
2      982       1068      30719     291       291       0         0         0         0         0         
1      743       646       30719     290       280       0         0         0         0         0         
