COLUMNS

passenger_count
pickup_ID
dropoff_ID
request_time_sec
pickup_district
dropoff_district
LDuals
IDuals
vehicle_ID
pick_position
drop_position

REQUESTS_INFO
2      526       694       32097     52        189       131       131       0         1         3         
1      924       698       32112     290       189       148       148       5         1         2         
2      575       103       32102     189       57        160       160       19        1         3         
3      501       432       32119     52        52        168       168       20        1         2         
3      925       902       32087     290       50        205       205       46        1         3         
4      772       696       32121     290       189       180       180       47        1         2         
3      792       599       32079     290       280       196       196       66        1         2         
1      581       768       32125     189       290       114       114       79        1         2         
3      863       991       32098     290       290       231       231       116       1         2         
1      466       727       32121     199       290       143       143       125       1         3         
1      294       463       32122     87        168       123       123       141       1         2         
1      961       673       32103     291       189       190       190       142       1         3         
2      884       701       32070     290       290       222       222       176       1         2         
1      668       760       32086     280       291       165.5     165.5     189       1         2         
3      368       62        32114     299       98        175       175       203       1         3         
1      813       551       32079     290       189       219       219       208       1         4         
1      759       698       32116     131       189       157       157       236       1         2         
1      880       849       32079     50        291       227       227       237       1         2         
2      239       335       32117     87        119       113       113       240       1         2         
1      475       604       32106     52        189       145       145       315       1         3         
3      907       676       32122     290       189       200       200       320       1         3         
1      201       629       32111     87        189       139       139       371       1         2         
2      312       434       32111     87        52        131       131       392       1         2         
1      1002      1208      32113     291       192       167       167       398       1         2         
1      643       451       32104     131       999       143       143       414       1         3         
2      884       842       32129     290       290       163       163       428       1         3         
1      1031      679       32120     50        290       193       193       449       1         2         
1      864       702       31900     290       290       368       368       454       1         2         
1      903       991       32107     290       290       145       145       478       1         2         
3      884       721       31867     290       290       425       425       481       1         2         
3      927       746       32023     290       290       276       276       486       1         2         
2      827       960       32108     291       291       150       150       487       1         3         
2      894       904       32075     291       290       219       219       488       1         4         
1      689       628       32104     131       189       169       169       503       1         3         
3      925       902       32087     290       50        219       219       531       1         2         
1      936       647       32087     291       280       214       214       532       1         2         
1      632       772       32094     189       290       160       160       563       1         2         
1      549       754       32109     52        999       130       130       573       1         2         
1      642       698       32097     131       189       206       206       585       1         2         
2      1066      629       32106     291       189       149       149       627       1         3         
1      603       674       32110     189       189       155       155       663       1         2         
1      687       1264      32124     131       192       147       147       678       1         3         
1      727       421       32123     290       168       134       134       737       1         4         
1      311       395       32116     87        100       107       107       739       1         2         
1      881       1032      32111     290       84        191       191       750       1         2         
2      865       850       31973     290       291       350       350       751       1         2         
3      894       904       32075     291       290       219       219       756       1         2         
3      464       332       32127     168       87        116       116       782       1         2         
1      668       698       32062     280       189       189.5     189.5     784       1         2         
1      897       837       32108     291       290       197       197       808       1         2         
3      771       627       32005     290       189       243       243       835       1         3         
1      840       653       32104     290       189       145       145       840       1         3         
1      842       905       32121     290       290       175       175       888       1         2         
3      549       766       32064     52        290       175       175       913       1         2         
1      782       749       32123     291       290       151       151       915       1         3         
1      354       436       32110     119       100       132       132       920       1         2         
1      781       335       32119     291       119       163       163       935       1         3         
2      907       676       32122     290       189       200       200       938       1         3         
1      907       651       31938     290       189       400       400       953       1         2         
2      307       137       32115     127       286       139       139       957       1         3         
2      881       903       32119     290       290       183       183       960       1         2         
1      882       1005      32118     290       50        130       130       979       1         3         
1      475       268       32114     52        299       131       131       1008      1         2         
1      779       740       32052     131       50        200       200       1049      1         2         
2      888       232       32108     290       266       200       200       1058      1         3         
1      816       648       32116     290       189       105       105       1096      1         4         
1      941       948       32117     50        290       166       166       1103      1         4         
1      969       768       32123     290       290       113       113       1104      1         3         
1      1010      914       32123     290       291       192       192       1104      2         4         
1      883       459       31977     290       189       294       294       1107      1         2         
2      1000      858       31936     291       290       373       373       1125      1         2         
1      1026      535       32076     291       189       272       272       1128      1         2         
2      1001      937       32088     291       291       209       209       1144      1         2         
1      464       555       32102     168       199       141       141       1151      1         3         
1      972       781       32101     290       291       179       179       1184      1         4         
3      989       743       31886     50        290       410       410       1187      1         2         
2      1187      984       32107     291       291       140       140       1244      1         2         
1      1025      1064      31992     291       291       322       322       1250      1         2         
1      442       433       32065     168       52        209       209       1294      1         2         
1      626       737       32117     189       189       136       136       1328      1         3         
3      1024      972       32016     291       290       286       286       1329      1         2         
1      665       154       32055     131       286       230       230       1352      1         3         
1      772       353       32119     290       119       128       128       1354      1         3         
1      530       371       32119     189       52        151       151       1355      1         2         
1      772       528       32092     290       52        144       144       1433      1         4         
1      671       732       32108     280       131       130       130       1476      1         2         
4      817       10        32009     290       98        288       288       1487      1         2         
1      603       647       32105     189       280       160       160       1489      1         3         
1      603       718       32107     189       189       158       158       1489      2         4         
1      747       558       31969     290       189       306       306       1544      1         4         
1      1069      670       32074     291       280       255       255       1556      1         4         
2      662       91        32118     131       178       156       156       1720      1         3         
2      925       859       32122     290       290       183       183       1737      1         2         
2      601       604       32102     189       189       129       129       1804      1         2         
2      883       895       31717     290       291       580       580       1921      1         2         
1      290       137       32070     127       286       197       197       1922      1         2         
1      1087      430       32079     291       52        166       166       1924      1         3         
3      548       757       32082     52        131       178       178       1947      1         2         
1      968       772       32122     290       290       131       131       1974      1         4         
1      972       693       32108     290       280       152       152       1976      1         4         
1      864       60        32042     290       9         232       232       1997      1         4         
2      960       394       32130     291       100       0         0         0         0         0         
2      702       473       32130     290       52        0         0         0         0         0         
1      607       398       32130     189       168       0         0         0         0         0         
1      527       698       32130     52        189       0         0         0         0         0         
1      627       437       32130     189       100       0         0         0         0         0         
1      1015      938       32130     84        291       0         0         0         0         0         
1      217       546       32130     87        52        0         0         0         0         0         
1      580       122       32130     189       54        0         0         0         0         0         
2      372       510       32130     119       199       0         0         0         0         0         
1      529       372       32130     189       119       0         0         0         0         0         
3      884       604       32130     290       189       0         0         0         0         0         
3      884       604       32130     290       189       0         0         0         0         0         
2      652       189       32130     189       286       0         0         0         0         0         
3      652       189       32130     189       286       0         0         0         0         0         
1      795       992       32131     290       290       0         0         0         0         0         
1      583       689       32131     189       131       0         0         0         0         0         
1      119       152       32131     286       9         0         0         0         0         0         
1      234       535       32131     87        189       0         0         0         0         0         
3      229       155       32131     266       286       0         0         0         0         0         
3      229       155       32131     266       286       0         0         0         0         0         
2      560       651       32132     189       189       0         0         0         0         0         
1      743       858       32132     290       290       0         0         0         0         0         
2      115       137       32132     9         286       0         0         0         0         0         
1      702       761       32132     290       50        0         0         0         0         0         
2      693       646       32132     280       280       0         0         0         0         0         
1      152       408       32132     9         299       0         0         0         0         0         
3      278       272       32132     87        127       0         0         0         0         0         
2      278       272       32132     87        127       0         0         0         0         0         
3      560       651       32132     189       189       0         0         0         0         0         
1      621       716       32133     280       189       0         0         0         0         0         
2      332       372       32133     87        119       0         0         0         0         0         
1      745       672       32133     290       189       0         0         0         0         0         
1      267       648       32133     266       189       0         0         0         0         0         
1      622       507       32134     280       189       0         0         0         0         0         
1      479       458       32134     52        52        0         0         0         0         0         
1      873       780       32134     291       291       0         0         0         0         0         
1      1068      768       32134     291       290       0         0         0         0         0         
1      500       648       32134     52        189       0         0         0         0         0         
2      291       350       32134     87        127       0         0         0         0         0         
1      352       459       32134     119       189       0         0         0         0         0         
2      628       720       32134     189       290       0         0         0         0         0         
3      628       720       32134     189       290       0         0         0         0         0         
1      849       117       32135     291       286       0         0         0         0         0         
1      508       439       32135     199       189       0         0         0         0         0         
1      981       804       32135     291       291       0         0         0         0         0         
1      757       691       32135     131       131       0         0         0         0         0         
1      576       726       32135     189       290       0         0         0         0         0         
2      526       479       32136     52        52        0         0         0         0         0         
1      333       413       32136     119       52        0         0         0         0         0         
1      486       668       32136     199       280       0         0         0         0         0         
1      677       649       32136     189       189       0         0         0         0         0         
1      457       421       32136     52        168       0         0         0         0         0         
1      509       553       32137     199       189       0         0         0         0         0         
3      485       603       32137     189       189       0         0         0         0         0         
3      485       603       32137     189       189       0         0         0         0         0         
1      859       699       32137     290       290       0         0         0         0         0         
1      549       536       32137     52        189       0         0         0         0         0         
3      455       545       32138     52        52        0         0         0         0         0         
2      455       545       32138     52        52        0         0         0         0         0         
3      947       902       32138     290       50        0         0         0         0         0         
2      947       902       32138     290       50        0         0         0         0         0         
1      350       247       32138     127       266       0         0         0         0         0         
2      950       905       32138     290       290       0         0         0         0         0         
1      739       827       32139     189       291       0         0         0         0         0         
1      550       578       32139     189       189       0         0         0         0         0         
1      885       650       32139     290       189       0         0         0         0         0         
2      191       718       32139     266       189       0         0         0         0         0         
3      191       718       32139     266       189       0         0         0         0         0         
1      462       532       32139     189       199       0         0         0         0         0         
1      772       649       32139     290       189       0         0         0         0         0         
3      483       408       32140     189       299       0         0         0         0         0         
2      483       408       32140     189       299       0         0         0         0         0         
1      772       116       32140     290       9         0         0         0         0         0         
4      455       506       32140     52        189       0         0         0         0         0         
2      556       530       32140     199       189       0         0         0         0         0         
1      351       747       32140     52        290       0         0         0         0         0         
1      527       232       32141     52        266       0         0         0         0         0         
1      1001      1169      32141     291       291       0         0         0         0         0         
1      192       79        32141     266       98        0         0         0         0         0         
1      557       486       32141     189       199       0         0         0         0         0         
2      483       738       32141     189       189       0         0         0         0         0         
2      608       680       32142     189       290       0         0         0         0         0         
3      608       680       32142     189       290       0         0         0         0         0         
1      578       575       32142     189       189       0         0         0         0         0         
1      354       533       32142     119       199       0         0         0         0         0         
1      768       837       32142     290       290       0         0         0         0         0         
1      248       291       32142     266       87        0         0         0         0         0         
4      1090      1245      32142     291       192       0         0         0         0         0         
1      788       604       32142     290       189       0         0         0         0         0         
1      860       1218      32142     290       84        0         0         0         0         0         
3      526       545       32143     52        52        0         0         0         0         0         
1      287       193       32143     299       266       0         0         0         0         0         
4      532       352       32144     199       119       0         0         0         0         0         
1      553       413       32144     189       52        0         0         0         0         0         
1      1065      969       32144     291       290       0         0         0         0         0         
1      747       557       32144     290       189       0         0         0         0         0         
1      735       525       32144     131       52        0         0         0         0         0         
1      862       782       32145     290       291       0         0         0         0         0         
1      863       1218      32145     290       84        0         0         0         0         0         
1      557       632       32145     189       189       0         0         0         0         0         
1      631       651       32145     189       189       0         0         0         0         0         
1      929       1032      32145     290       84        0         0         0         0         0         
1      325       505       32145     299       52        0         0         0         0         0         
1      389       157       32145     299       54        0         0         0         0         0         
1      884       743       32146     290       290       0         0         0         0         0         
1      478       521       32146     52        52        0         0         0         0         0         
2      466       607       32146     199       189       0         0         0         0         0         
1      310       648       32146     127       189       0         0         0         0         0         
2      395       604       32146     100       189       0         0         0         0         0         
2      701       116       32147     290       9         0         0         0         0         0         
1      838       529       32147     290       189       0         0         0         0         0         
1      717       621       32147     189       280       0         0         0         0         0         
1      598       484       32147     189       189       0         0         0         0         0         
1      548       116       32147     52        9         0         0         0         0         0         
1      297       211       32147     277       266       0         0         0         0         0         
1      392       581       32147     52        189       0         0         0         0         0         
1      597       697       32148     131       189       0         0         0         0         0         
1      575       296       32148     189       277       0         0         0         0         0         
1      626       670       32148     189       280       0         0         0         0         0         
1      700       766       32148     290       290       0         0         0         0         0         
1      1091      723       32149     291       290       0         0         0         0         0         
1      545       246       32149     52        266       0         0         0         0         0         
1      527       694       32149     52        189       0         0         0         0         0         
1      969       627       32149     290       189       0         0         0         0         0         
1      413       387       32149     52        299       0         0         0         0         0         
1      574       598       32149     189       189       0         0         0         0         0         
1      597       484       32149     131       189       0         0         0         0         0         
1      170       345       32150     286       299       0         0         0         0         0         
1      436       388       32150     100       299       0         0         0         0         0         
1      366       923       32150     299       290       0         0         0         0         0         
1      721       621       32150     290       280       0         0         0         0         0         
1      737       605       32150     189       189       0         0         0         0         0         
3      1107      482       32150     291       189       0         0         0         0         0         
2      849       916       32150     291       291       0         0         0         0         0         
3      663       760       32150     131       291       0         0         0         0         0         
3      663       760       32150     131       291       0         0         0         0         0         
1      859       675       32151     290       189       0         0         0         0         0         
1      409       284       32151     52        299       0         0         0         0         0         
1      133       229       32151     9         266       0         0         0         0         0         
1      416       603       32151     100       189       0         0         0         0         0         
3      852       629       32152     291       189       0         0         0         0         0         
1      772       768       32152     290       290       0         0         0         0         0         
1      549       480       32152     52        52        0         0         0         0         0         
1      434       549       32152     52        52        0         0         0         0         0         
3      852       629       32152     291       189       0         0         0         0         0         
1      580       251       32153     189       127       0         0         0         0         0         
1      617       189       32154     131       286       0         0         0         0         0         
1      462       782       32154     189       291       0         0         0         0         0         
1      461       356       32154     189       119       0         0         0         0         0         
1      549       437       32154     52        100       0         0         0         0         0         
3      745       627       32155     290       189       0         0         0         0         0         
2      608       747       32155     189       290       0         0         0         0         0         
1      466       671       32155     199       280       0         0         0         0         0         
1      816       742       32156     290       290       0         0         0         0         0         
1      757       804       32156     131       291       0         0         0         0         0         
2      1068      836       32156     291       290       0         0         0         0         0         
3      947       990       32157     290       290       0         0         0         0         0         
1      1009      789       32157     50        290       0         0         0         0         0         
1      45        20        32157     98        98        0         0         0         0         0         
4      31        673       32157     9         189       0         0         0         0         0         
1      504       760       32157     52        291       0         0         0         0         0         
1      836       503       32157     290       52        0         0         0         0         0         
1      914       1002      32157     291       291       0         0         0         0         0         
1      961       834       32157     291       290       0         0         0         0         0         
3      442       97        32158     168       9         0         0         0         0         0         
3      442       97        32158     168       9         0         0         0         0         0         
4      535       32        32158     189       98        0         0         0         0         0         
1      285       209       32158     299       266       0         0         0         0         0         
1      1319      1217      32158     129       84        0         0         0         0         0         
1      815       677       32158     290       189       0         0         0         0         0         
1      506       438       32159     189       100       0         0         0         0         0         
1      645       504       32159     280       52        0         0         0         0         0         
1      370       648       32159     52        189       0         0         0         0         0         
3      466       513       32159     199       199       0         0         0         0         0         
4      508       651       32159     199       189       0         0         0         0         0         
1      698       116       32159     189       9         0         0         0         0         0         
1      644       663       32159     131       131       0         0         0         0         0         
