COLUMNS

passenger_count
pickup_ID
dropoff_ID
ready_time_sec
pickup_district
dropoff_district
LDuals
IDuals
vehicle_ID
pick_position
drop_position

REQUESTS_INFO
4      816       1168      48272     290       291       0         0         2         1         2         
3      909       925       48826     290       290       0         0         10        2         3         
1      883       940       48805     290       291       0         0         12        1         4         
3      649       805       48828     189       291       0         0         13        2         4         
3      352       600       48839     119       280       0         0         14        1         3         
1      416       697       48762     100       189       0         0         18        1         3         
2      674       554       48737     189       189       0         0         19        1         3         
1      431       604       48780     52        189       0         0         20        1         3         
2      534       644       48492     199       131       0         0         23        1         2         
1      229       304       48784     266       299       0         0         24        1         3         
3      948       748       48617     290       290       0         0         28        2         3         
1      700       913       48573     290       291       0         0         29        1         3         
1      430       550       48827     52        189       0         0         40        1         2         
4      552       693       48390     189       280       0         0         41        1         2         
1      626       578       48787     189       189       0         0         42        1         4         
1      482       554       48820     189       189       0         0         45        1         2         
2      701       249       48625     290       266       0         0         52        1         3         
4      630       603       48288     189       189       0         0         55        1         2         
4      981       816       48775     291       290       0         0         59        1         2         
3      888       886       48832     290       290       0         0         62        1         2         
3      605       759       48701     189       131       0         0         63        1         3         
3      972       838       48777     290       290       0         0         66        1         2         
1      746       375       48820     290       119       0         0         69        1         3         
2      777       212       48824     131       266       0         0         70        1         2         
4      462       722       47952     189       290       0         0         73        1         2         
3      693       834       48822     280       290       0         0         74        1         2         
3      418       557       48579     168       189       0         0         79        1         3         
1      44        526       48813     98        52        0         0         84        1         2         
1      848       905       48803     291       290       0         0         92        1         3         
1      480       197       48835     52        178       0         0         95        1         3         
1      698       508       48816     189       199       0         0         100       1         2         
1      473       817       48767     52        290       0         0         104       1         3         
1      510       722       48795     199       290       0         0         113       1         3         
3      399       811       48652     168       290       0         0         113       2         4         
1      1158      1158      48838     84        84        0         0         115       1         2         
1      860       580       48725     290       189       0         0         126       2         5         
2      885       655       48801     290       189       0         0         126       3         4         
1      923       1002      48798     290       291       0         0         130       1         4         
2      905       677       48667     290       189       0         0         136       1         5         
1      946       675       48789     290       189       0         0         136       2         4         
3      22        628       48768     98        189       0         0         138       1         3         
3      702       924       48820     290       290       0         0         143       1         3         
2      60        526       48725     9         52        0         0         145       1         2         
1      415       505       48675     100       52        0         0         150       1         2         
3      479       675       48799     52        189       0         0         158       1         2         
3      1044      842       48796     291       290       0         0         159       1         2         
3      352       600       48839     119       280       0         0         160       1         3         
2      509       466       48824     199       199       0         0         165       1         3         
4      483       213       48714     189       266       0         0         171       1         2         
1      413       476       48814     52        52        0         0         174       1         2         
2      679       643       48649     290       131       0         0         180       1         5         
1      743       604       48825     290       189       0         0         180       2         4         
3      369       313       48732     52        87        0         0         183       1         3         
3      790       604       48819     290       189       0         0         185       1         2         
1      309       333       48819     127       119       0         0         186       1         3         
1      738       1034      48804     189       84        0         0         187       1         3         
2      583       576       48538     189       189       0         0         191       2         4         
4      719       745       48222     189       290       0         0         195       1         2         
3      465       521       48775     199       52        0         0         200       1         3         
2      443       376       48747     168       168       0         0         202       1         4         
2      419       389       48741     168       299       0         0         202       3         5         
1      364       287       48696     299       299       0         0         205       1         2         
1      535       275       48817     189       87        0         0         209       1         3         
1      599       673       48577     280       189       0         0         212       1         2         
4      1048      928       48788     291       290       0         0         225       1         2         
1      293       679       48824     87        290       0         0         226       1         2         
3      527       650       48688     52        189       0         0         227       1         3         
3      811       575       48710     290       189       0         0         228       2         4         
3      788       1010      48411     290       290       0         0         229       1         3         
3      630       442       48787     189       168       0         0         230       1         4         
1      723       527       48838     290       52        0         0         230       3         5         
1      722       251       48666     290       127       0         0         231       2         4         
2      790       604       48819     290       189       0         0         234       2         3         
3      626       527       48837     189       52        0         0         239       1         2         
3      1025      720       48816     291       290       0         0         241       1         3         
3      373       508       48735     119       199       0         0         244       1         2         
3      650       486       48687     189       199       0         0         245       1         3         
1      792       583       48806     290       189       0         0         246       1         4         
1      692       629       48836     280       189       0         0         250       2         4         
2      760       642       48772     291       131       0         0         250       3         5         
1      462       267       48819     189       266       0         0         251       1         5         
2      554       527       48833     189       52        0         0         252       2         3         
1      924       743       48817     290       290       0         0         254       1         3         
1      551       512       48780     189       199       0         0         256       1         3         
3      894       716       48783     291       189       0         0         259       1         2         
3      888       886       48832     290       290       0         0         266       2         3         
3      598       415       48623     189       100       0         0         268       1         3         
2      369       694       48821     52        189       0         0         270       1         3         
1      632       529       48679     189       189       0         0         271       1         3         
1      1065      692       48817     291       280       0         0         274       1         4         
2      642       668       48504     131       280       0         0         275       1         2         
1      669       505       48827     280       52        0         0         276       1         2         
2      413       758       48791     52        131       0         0         277       1         3         
1      366       452       48706     299       52        0         0         281       1         2         
3      675       578       48805     189       189       0         0         282       1         2         
1      507       78        48822     189       9         0         0         284       1         3         
1      790       810       48802     290       290       0         0         290       1         2         
3      599       533       48209     280       199       0         0         294       1         2         
1      1090      959       48830     291       291       0         0         297       1         3         
1      555       816       48802     199       290       0         0         301       1         4         
1      115       550       48756     9         189       0         0         307       1         2         
1      623       498       48823     280       52        0         0         308       1         2         
1      576       624       48721     189       189       0         0         309       1         2         
2      502       371       48579     52        52        0         0         310       1         3         
1      842       649       48832     290       189       0         0         314       2         4         
3      455       624       48801     52        189       0         0         316       1         3         
1      782       716       48744     291       189       0         0         320       2         3         
2      502       553       48793     52        189       0         0         327       1         3         
3      579       906       48678     189       290       0         0         330       1         4         
1      627       881       48796     189       290       0         0         330       2         3         
1      372       510       48750     119       199       0         0         331       2         3         
3      551       349       48617     189       127       0         0         333       1         3         
1      374       511       48788     119       199       0         0         337       1         2         
3      534       644       48492     199       131       0         0         339       1         3         
3      742       676       48812     290       189       0         0         343       1         3         
1      696       646       48813     189       280       0         0         348       1         3         
1      883       724       48381     290       290       0         0         349       2         4         
1      746       743       48675     290       290       0         0         350       1         3         
1      863       1002      48772     290       291       0         0         351       1         3         
1      758       415       48811     131       100       0         0         352       1         3         
3      487       133       48751     199       9         0         0         354       1         2         
4      718       642       48758     189       131       0         0         357       1         2         
1      792       399       48768     290       168       0         0         359       1         5         
1      373       258       48826     119       87        0         0         360       1         2         
1      480       416       48814     52        100       0         0         369       1         3         
1      399       355       48780     168       119       0         0         371       1         3         
3      420       484       48824     168       189       0         0         371       2         4         
1      703       203       48769     290       87        0         0         372       1         3         
1      309       392       48835     127       52        0         0         377       1         3         
1      767       959       48814     290       291       0         0         385       2         4         
3      466       557       48838     199       189       0         0         392       1         2         
2      579       906       48678     189       290       0         0         394       1         4         
1      650       1004      48767     189       291       0         0         394       2         5         
2      840       906       48759     290       290       0         0         399       1         5         
1      863       926       48781     290       290       0         0         399       2         3         
1      836       722       48793     290       290       0         0         410       1         3         
3      699       691       48832     290       131       0         0         416       2         3         
2      556       747       48817     199       290       0         0         425       1         3         
1      760       871       48736     291       291       0         0         426       1         2         
1      248       576       48835     266       189       0         0         435       1         4         
1      229       345       48807     266       299       0         0         435       2         3         
3      583       670       48357     189       280       0         0         436       1         3         
3      511       372       48719     199       119       0         0         437       1         3         
2      939       1065      48789     291       291       0         0         440       1         3         
1      573       1046      48590     189       291       0         0         441       1         2         
4      483       723       48486     189       290       0         0         444       2         3         
1      701       504       48709     290       52        0         0         445       1         3         
3      768       728       48745     290       290       0         0         448       1         3         
1      573       980       48603     189       291       0         0         449       1         3         
2      314       351       48782     119       52        0         0         450       1         3         
4      726       524       48614     290       52        0         0         453       2         3         
1      508       394       48820     199       100       0         0         455       1         3         
3      555       697       48810     199       189       0         0         457       1         2         
4      419       438       48736     168       100       0         0         461       2         3         
1      393       484       48814     52        189       0         0         465       1         2         
1      1001      1091      48729     291       291       0         0         469       1         3         
1      680       813       48813     290       290       0         0         477       2         4         
1      812       668       48837     290       280       0         0         481       1         3         
3      479       675       48799     52        189       0         0         485       1         3         
2      689       766       48672     131       290       0         0         487       1         4         
1      689       894       48740     131       291       0         0         487       2         3         
1      549       780       48825     52        291       0         0         492       1         2         
2      848       1001      48109     291       291       0         0         494       1         2         
2      527       458       48836     52        52        0         0         498       1         4         
1      527       371       48799     52        52        0         0         498       2         5         
1      527       354       48805     52        119       0         0         498       3         6         
2      575       175       48823     189       266       0         0         505       1         3         
1      738       549       48799     189       52        0         0         529       1         4         
2      738       552       48719     189       189       0         0         529       2         5         
3      20        461       48735     98        189       0         0         532       1         2         
3      936       1167      48639     291       291       0         0         534       2         4         
1      717       641       48822     189       131       0         0         540       1         2         
2      885       484       48654     290       189       0         0         543       2         3         
2      512       369       48480     199       52        0         0         549       1         4         
1      527       671       48827     52        280       0         0         552       1         4         
1      747       813       48609     290       290       0         0         553       1         3         
1      550       387       48669     189       299       0         0         560       1         3         
2      627       742       48831     189       290       0         0         563       2         4         
2      827       696       48652     291       189       0         0         571       1         2         
2      721       858       48786     290       290       0         0         572       2         4         
1      676       396       48643     189       119       0         0         573       1         3         
1      782       227       48662     291       266       0         0         574       1         3         
1      544       232       48826     52        266       0         0         576       1         3         
3      452       694       48839     52        189       0         0         577       1         2         
4      544       435       48327     52        52        0         0         587       1         2         
2      574       647       48661     189       280       0         0         589       1         2         
1      325       502       48839     299       52        0         0         591       1         3         
1      285       549       48786     299       52        0         0         591       2         4         
3      858       1095      48770     290       84        0         0         596       1         2         
1      772       817       48835     290       290       0         0         604       1         2         
1      840       837       48765     290       290       0         0         604       3         4         
1      748       958       48740     290       291       0         0         605       1         3         
1      462       346       48827     189       299       0         0         606       1         3         
1      548       556       48830     52        199       0         0         609       1         3         
4      716       527       48522     189       52        0         0         610       1         2         
2      1149      790       48838     291       290       0         0         614       1         4         
2      582       418       48780     189       168       0         0         620       1         4         
1      579       551       48708     189       189       0         0         620       2         3         
3      649       486       48788     189       199       0         0         621       1         3         
1      474       287       48812     52        299       0         0         636       1         3         
1      860       805       48736     290       291       0         0         640       1         4         
3      925       744       48742     290       290       0         0         640       2         3         
1      373       508       48785     119       199       0         0         646       1         2         
2      766       1010      48658     290       290       0         0         648       1         4         
1      456       368       48750     52        299       0         0         654       1         3         
1      457       474       48839     52        52        0         0         654       2         4         
2      483       207       48663     189       286       0         0         655       1         4         
2      626       578       48824     189       189       0         0         658       2         4         
1      332       461       48812     87        189       0         0         662       1         3         
1      369       510       48647     52        199       0         0         664       1         3         
3      972       838       48777     290       290       0         0         666       1         3         
1      906       782       48821     290       291       0         0         666       2         4         
1      696       903       48472     189       290       0         0         669       1         6         
1      721       882       48803     290       290       0         0         669       2         4         
3      481       576       48181     189       189       0         0         671       1         2         
3      558       926       48678     189       290       0         0         672       1         3         
1      306       392       48797     299       52        0         0         675       1         2         
1      804       870       48746     291       291       0         0         676       1         3         
2      439       98        48827     189       98        0         0         678       1         3         
2      662       410       48784     131       52        0         0         679       1         3         
2      675       578       48805     189       189       0         0         684       2         4         
1      766       903       48602     290       290       0         0         685       1         4         
3      766       722       48619     290       290       0         0         685       2         3         
3      693       834       48822     280       290       0         0         691       2         3         
1      688       760       48723     131       291       0         0         692       1         3         
3      663       374       48788     131       119       0         0         692       2         4         
3      35        161       48802     98        178       0         0         693       1         2         
2      1011      947       48818     84        290       0         0         699       1         2         
2      847       716       48663     291       189       0         0         702       1         3         
2      598       415       48623     189       100       0         0         703       2         4         
3      888       792       48765     290       290       0         0         704       1         2         
1      688       915       48772     131       291       0         0         707       1         3         
1      840       399       48699     290       168       0         0         712       1         5         
1      863       795       48777     290       290       0         0         712       2         4         
1      737       728       48750     189       290       0         0         719       1         3         
2      272       331       48836     127       127       0         0         721       1         2         
3      1149      790       48838     291       290       0         0         723       1         2         
1      929       860       48601     290       290       0         0         729       2         4         
1      887       858       48826     290       290       0         0         729       3         5         
1      631       719       48832     189       189       0         0         732       1         2         
1      715       527       48713     131       52        0         0         738       2         4         
1      358       48        48824     168       98        0         0         739       1         3         
2      420       484       48824     168       189       0         0         740       1         2         
1      905       842       48794     290       290       0         0         746       1         5         
1      886       906       48773     290       290       0         0         746       3         4         
1      814       1224      48819     290       192       0         0         767       1         4         
3      373       508       48735     119       199       0         0         771       1         2         
1      859       605       48811     290       189       0         0         772       1         3         
1      392       345       48808     52        299       0         0         777       1         3         
3      408       116       48808     299       9         0         0         788       1         3         
3      909       925       48826     290       290       0         0         795       1         3         
1      887       789       48644     290       290       0         0         795       2         4         
3      139       645       48838     57        280       0         0         803       1         2         
4      599       535       48230     280       189       0         0         804       1         2         
4      851       1127      48737     291       291       0         0         808       2         3         
3      482       624       48767     189       189       0         0         811       1         2         
1      43        391       48773     9         52        0         0         813       1         3         
1      984       847       48656     291       291       0         0         814       1         2         
1      720       690       48829     290       131       0         0         819       2         5         
1      720       597       48784     290       131       0         0         819       3         6         
2      700       788       48786     290       290       0         0         833       2         4         
1      756       780       48796     131       291       0         0         835       1         2         
3      599       393       48296     280       52        0         0         836       1         3         
1      923       484       48722     290       189       0         0         837       1         4         
1      662       624       48745     131       189       0         0         841       2         5         
1      631       35        48635     189       98        0         0         843       1         3         
1      698       534       48506     189       199       0         0         844       1         4         
1      604       756       48799     189       131       0         0         848       1         3         
1      152       293       48821     9         87        0         0         849       1         4         
2      702       924       48820     290       290       0         0         850       2         3         
1      641       835       48788     131       290       0         0         858       1         3         
1      372       532       48718     119       199       0         0         860       1         2         
3      982       846       48418     291       291       0         0         861       1         3         
3      619       881       48830     131       290       0         0         862       1         2         
1      669       134       48813     280       9         0         0         863       1         3         
1      601       35        48805     189       98        0         0         866       1         4         
2      672       436       48509     189       100       0         0         870       1         4         
1      849       812       48634     291       290       0         0         871       1         2         
1      416       968       48747     100       290       0         0         874       1         3         
1      777       437       48746     131       100       0         0         875       1         5         
1      777       437       48757     131       100       0         0         875       2         6         
2      663       506       48417     131       189       0         0         875       3         4         
1      670       353       48822     280       119       0         0         885       2         4         
1      644       850       48732     131       291       0         0         886       1         4         
3      664       597       48576     131       131       0         0         886       2         3         
1      549       668       48605     52        280       0         0         888       1         3         
1      350       170       48807     127       286       0         0         890       1         3         
2      619       881       48830     131       290       0         0         892       2         4         
1      737       946       48660     189       290       0         0         894       1         4         
2      649       805       48828     189       291       0         0         895       1         3         
1      652       459       48735     189       189       0         0         899       1         3         
2      1246      782       48835     192       291       0         0         900       1         3         
3      827       969       48398     291       290       0         0         902       1         3         
1      760       627       48712     291       189       0         0         904       2         4         
3      236       255       48824     87        87        0         0         908       1         2         
2      969       837       48823     290       290       0         0         909       2         3         
1      628       669       48832     189       280       0         0         914       1         3         
1      771       908       48819     290       290       0         0         915       1         2         
3      950       813       48829     290       290       0         0         917       2         3         
3      717       646       48804     189       280       0         0         926       1         2         
2      599       482       48829     280       189       0         0         927       1         3         
2      599       410       48681     280       52        0         0         927       2         4         
1      858       1010      48788     290       290       0         0         928       1         3         
1      475       1054      48831     52        84        0         0         932       1         3         
2      581       904       48838     189       290       0         0         936       2         4         
1      905       950       48736     290       290       0         0         937       1         5         
1      199       474       48828     178       52        0         0         940       1         3         
2      715       176       48714     131       174       0         0         942       1         4         
1      475       526       48632     52        52        0         0         945       1         3         
3      675       531       48832     189       189       0         0         947       2         5         
1      721       811       48811     290       290       0         0         947       3         4         
1      135       212       48791     286       266       0         0         949       1         2         
1      722       881       48765     290       290       0         0         967       1         4         
1      650       722       48772     189       290       0         0         971       1         3         
2      767       670       48725     290       280       0         0         972       1         3         
2      663       374       48788     131       119       0         0         974       1         3         
2      871       838       48566     291       290       0         0         975       1         3         
1      789       628       48811     290       189       0         0         982       2         3         
1      331       418       48822     127       168       0         0         986       1         4         
2      735       671       48807     131       280       0         0         990       1         3         
3      936       1167      48639     291       291       0         0         991       1         4         
1      874       1042      48834     291       291       0         0         991       2         3         
1      905       557       48816     290       189       0         0         995       1         5         
1      905       699       48809     290       290       0         0         995       2         4         
1      509       389       48736     199       299       0         0         1000      1         4         
2      509       395       48613     199       100       0         0         1000      2         3         
2      466       557       48838     199       189       0         0         1003      1         3         
2      487       133       48751     199       9         0         0         1005      1         4         
4      652       485       48022     189       189       0         0         1007      2         3         
3      630       442       48787     189       168       0         0         1013      2         3         
1      739       531       48837     189       189       0         0         1019      1         3         
2      720       332       48722     290       87        0         0         1019      2         4         
1      814       948       48821     290       290       0         0         1020      2         4         
4      723       675       48798     290       189       0         0         1022      1         2         
2      811       772       48826     290       290       0         0         1028      1         4         
1      739       1053      48773     189       84        0         0         1029      1         5         
2      651       722       48712     189       290       0         0         1029      2         3         
2      488       649       48826     199       189       0         0         1030      1         2         
1      696       604       48828     189       189       0         0         1034      2         5         
2      673       693       48809     189       280       0         0         1037      1         3         
1      841       1211      48669     290       129       0         0         1038      1         3         
3      742       676       48812     290       189       0         0         1046      2         4         
1      507       622       48784     189       280       0         0         1047      1         3         
3      939       1065      48789     291       291       0         0         1048      1         2         
1      550       227       48825     189       266       0         0         1052      2         4         
1      697       835       48783     189       290       0         0         1070      1         3         
1      691       676       48777     131       189       0         0         1071      1         3         
2      760       916       48808     291       291       0         0         1071      2         4         
3      858       1095      48770     290       84        0         0         1073      1         3         
1      460       697       48811     189       189       0         0         1074      1         3         
2      534       647       48548     199       280       0         0         1075      1         4         
2      292       655       48818     87        189       0         0         1078      1         2         
2      734       724       48756     131       290       0         0         1081      1         3         
1      696       553       48766     189       189       0         0         1086      1         5         
1      719       554       48810     189       189       0         0         1086      2         6         
2      717       646       48804     189       280       0         0         1086      3         4         
3      488       649       48826     199       189       0         0         1087      2         4         
3      650       924       48817     189       290       0         0         1090      2         4         
1      915       905       48793     291       290       0         0         1093      1         3         
2      696       231       48575     189       266       0         0         1094      2         5         
3      865       749       48765     290       290       0         0         1095      1         3         
1      372       510       48750     119       199       0         0         0         0         0         
1      456       368       48750     52        299       0         0         0         0         0         
1      737       728       48750     189       290       0         0         0         0         0         
2      487       133       48751     199       9         0         0         0         0         0         
3      487       133       48751     199       9         0         0         0         0         0         
2      734       724       48756     131       290       0         0         0         0         0         
1      115       550       48756     9         189       0         0         0         0         0         
1      777       437       48757     131       100       0         0         0         0         0         
4      718       642       48758     189       131       0         0         0         0         0         
2      840       906       48759     290       290       0         0         0         0         0         
1      416       697       48762     100       189       0         0         0         0         0         
1      840       837       48765     290       290       0         0         0         0         0         
1      722       881       48765     290       290       0         0         0         0         0         
3      865       749       48765     290       290       0         0         0         0         0         
3      888       792       48765     290       290       0         0         0         0         0         
1      696       553       48766     189       189       0         0         0         0         0         
1      650       1004      48767     189       291       0         0         0         0         0         
3      482       624       48767     189       189       0         0         0         0         0         
1      473       817       48767     52        290       0         0         0         0         0         
1      792       399       48768     290       168       0         0         0         0         0         
3      22        628       48768     98        189       0         0         0         0         0         
1      703       203       48769     290       87        0         0         0         0         0         
3      858       1095      48770     290       84        0         0         0         0         0         
3      858       1095      48770     290       84        0         0         0         0         0         
1      863       1002      48772     290       291       0         0         0         0         0         
2      760       642       48772     291       131       0         0         0         0         0         
1      650       722       48772     189       290       0         0         0         0         0         
1      688       915       48772     131       291       0         0         0         0         0         
1      739       1053      48773     189       84        0         0         0         0         0         
1      43        391       48773     9         52        0         0         0         0         0         
1      886       906       48773     290       290       0         0         0         0         0         
4      981       816       48775     291       290       0         0         0         0         0         
3      465       521       48775     199       52        0         0         0         0         0         
1      863       795       48777     290       290       0         0         0         0         0         
1      691       676       48777     131       189       0         0         0         0         0         
3      972       838       48777     290       290       0         0         0         0         0         
3      972       838       48777     290       290       0         0         0         0         0         
1      431       604       48780     52        189       0         0         0         0         0         
1      551       512       48780     189       199       0         0         0         0         0         
2      582       418       48780     189       168       0         0         0         0         0         
1      399       355       48780     168       119       0         0         0         0         0         
1      863       926       48781     290       290       0         0         0         0         0         
2      314       351       48782     119       52        0         0         0         0         0         
3      894       716       48783     291       189       0         0         0         0         0         
1      697       835       48783     189       290       0         0         0         0         0         
1      229       304       48784     266       299       0         0         0         0         0         
2      662       410       48784     131       52        0         0         0         0         0         
1      507       622       48784     189       280       0         0         0         0         0         
1      720       597       48784     290       131       0         0         0         0         0         
1      373       508       48785     119       199       0         0         0         0         0         
2      700       788       48786     290       290       0         0         0         0         0         
1      285       549       48786     299       52        0         0         0         0         0         
2      721       858       48786     290       290       0         0         0         0         0         
3      630       442       48787     189       168       0         0         0         0         0         
3      630       442       48787     189       168       0         0         0         0         0         
1      626       578       48787     189       189       0         0         0         0         0         
4      1048      928       48788     291       290       0         0         0         0         0         
1      641       835       48788     131       290       0         0         0         0         0         
1      858       1010      48788     290       290       0         0         0         0         0         
1      374       511       48788     119       199       0         0         0         0         0         
2      663       374       48788     131       119       0         0         0         0         0         
3      663       374       48788     131       119       0         0         0         0         0         
3      649       486       48788     189       199       0         0         0         0         0         
1      946       675       48789     290       189       0         0         0         0         0         
2      939       1065      48789     291       291       0         0         0         0         0         
3      939       1065      48789     291       291       0         0         0         0         0         
2      413       758       48791     52        131       0         0         0         0         0         
1      135       212       48791     286       266       0         0         0         0         0         
1      915       905       48793     291       290       0         0         0         0         0         
2      502       553       48793     52        189       0         0         0         0         0         
1      836       722       48793     290       290       0         0         0         0         0         
1      905       842       48794     290       290       0         0         0         0         0         
1      510       722       48795     199       290       0         0         0         0         0         
1      756       780       48796     131       291       0         0         0         0         0         
3      1044      842       48796     291       290       0         0         0         0         0         
1      627       881       48796     189       290       0         0         0         0         0         
1      306       392       48797     299       52        0         0         0         0         0         
1      923       1002      48798     290       291       0         0         0         0         0         
4      723       675       48798     290       189       0         0         0         0         0         
3      479       675       48799     52        189       0         0         0         0         0         
3      479       675       48799     52        189       0         0         0         0         0         
1      527       371       48799     52        52        0         0         0         0         0         
1      604       756       48799     189       131       0         0         0         0         0         
1      738       549       48799     189       52        0         0         0         0         0         
2      885       655       48801     290       189       0         0         0         0         0         
3      455       624       48801     52        189       0         0         0         0         0         
1      555       816       48802     199       290       0         0         0         0         0         
1      790       810       48802     290       290       0         0         0         0         0         
3      35        161       48802     98        178       0         0         0         0         0         
1      848       905       48803     291       290       0         0         0         0         0         
1      721       882       48803     290       290       0         0         0         0         0         
3      717       646       48804     189       280       0         0         0         0         0         
1      738       1034      48804     189       84        0         0         0         0         0         
2      717       646       48804     189       280       0         0         0         0         0         
2      675       578       48805     189       189       0         0         0         0         0         
3      675       578       48805     189       189       0         0         0         0         0         
1      601       35        48805     189       98        0         0         0         0         0         
1      527       354       48805     52        119       0         0         0         0         0         
1      883       940       48805     290       291       0         0         0         0         0         
1      792       583       48806     290       189       0         0         0         0         0         
1      229       345       48807     266       299       0         0         0         0         0         
1      350       170       48807     127       286       0         0         0         0         0         
2      735       671       48807     131       280       0         0         0         0         0         
2      760       916       48808     291       291       0         0         0         0         0         
1      392       345       48808     52        299       0         0         0         0         0         
3      408       116       48808     299       9         0         0         0         0         0         
1      905       699       48809     290       290       0         0         0         0         0         
2      673       693       48809     189       280       0         0         0         0         0         
3      555       697       48810     199       189       0         0         0         0         0         
1      719       554       48810     189       189       0         0         0         0         0         
1      460       697       48811     189       189       0         0         0         0         0         
1      789       628       48811     290       189       0         0         0         0         0         
1      721       811       48811     290       290       0         0         0         0         0         
1      758       415       48811     131       100       0         0         0         0         0         
1      859       605       48811     290       189       0         0         0         0         0         
1      474       287       48812     52        299       0         0         0         0         0         
1      332       461       48812     87        189       0         0         0         0         0         
3      742       676       48812     290       189       0         0         0         0         0         
3      742       676       48812     290       189       0         0         0         0         0         
1      696       646       48813     189       280       0         0         0         0         0         
1      669       134       48813     280       9         0         0         0         0         0         
1      680       813       48813     290       290       0         0         0         0         0         
1      44        526       48813     98        52        0         0         0         0         0         
1      767       959       48814     290       291       0         0         0         0         0         
1      393       484       48814     52        189       0         0         0         0         0         
1      480       416       48814     52        100       0         0         0         0         0         
1      413       476       48814     52        52        0         0         0         0         0         
1      905       557       48816     290       189       0         0         0         0         0         
3      1025      720       48816     291       290       0         0         0         0         0         
1      698       508       48816     189       199       0         0         0         0         0         
1      535       275       48817     189       87        0         0         0         0         0         
3      650       924       48817     189       290       0         0         0         0         0         
1      924       743       48817     290       290       0         0         0         0         0         
2      556       747       48817     199       290       0         0         0         0         0         
1      1065      692       48817     291       280       0         0         0         0         0         
2      292       655       48818     87        189       0         0         0         0         0         
2      1011      947       48818     84        290       0         0         0         0         0         
1      814       1224      48819     290       192       0         0         0         0         0         
1      309       333       48819     127       119       0         0         0         0         0         
3      790       604       48819     290       189       0         0         0         0         0         
1      771       908       48819     290       290       0         0         0         0         0         
2      790       604       48819     290       189       0         0         0         0         0         
1      462       267       48819     189       266       0         0         0         0         0         
1      482       554       48820     189       189       0         0         0         0         0         
1      746       375       48820     290       119       0         0         0         0         0         
3      702       924       48820     290       290       0         0         0         0         0         
2      702       924       48820     290       290       0         0         0         0         0         
1      508       394       48820     199       100       0         0         0         0         0         
1      152       293       48821     9         87        0         0         0         0         0         
2      369       694       48821     52        189       0         0         0         0         0         
1      814       948       48821     290       290       0         0         0         0         0         
1      906       782       48821     290       291       0         0         0         0         0         
3      693       834       48822     280       290       0         0         0         0         0         
3      693       834       48822     280       290       0         0         0         0         0         
1      507       78        48822     189       9         0         0         0         0         0         
1      331       418       48822     127       168       0         0         0         0         0         
1      717       641       48822     189       131       0         0         0         0         0         
1      670       353       48822     280       119       0         0         0         0         0         
2      969       837       48823     290       290       0         0         0         0         0         
1      623       498       48823     280       52        0         0         0         0         0         
2      575       175       48823     189       266       0         0         0         0         0         
2      777       212       48824     131       266       0         0         0         0         0         
3      236       255       48824     87        87        0         0         0         0         0         
2      420       484       48824     168       189       0         0         0         0         0         
3      420       484       48824     168       189       0         0         0         0         0         
2      626       578       48824     189       189       0         0         0         0         0         
2      509       466       48824     199       199       0         0         0         0         0         
1      358       48        48824     168       98        0         0         0         0         0         
1      293       679       48824     87        290       0         0         0         0         0         
1      550       227       48825     189       266       0         0         0         0         0         
1      549       780       48825     52        291       0         0         0         0         0         
1      743       604       48825     290       189       0         0         0         0         0         
1      544       232       48826     52        266       0         0         0         0         0         
1      373       258       48826     119       87        0         0         0         0         0         
1      887       858       48826     290       290       0         0         0         0         0         
2      488       649       48826     199       189       0         0         0         0         0         
3      909       925       48826     290       290       0         0         0         0         0         
3      909       925       48826     290       290       0         0         0         0         0         
3      488       649       48826     199       189       0         0         0         0         0         
2      811       772       48826     290       290       0         0         0         0         0         
1      527       671       48827     52        280       0         0         0         0         0         
1      462       346       48827     189       299       0         0         0         0         0         
1      430       550       48827     52        189       0         0         0         0         0         
1      669       505       48827     280       52        0         0         0         0         0         
2      439       98        48827     189       98        0         0         0         0         0         
3      649       805       48828     189       291       0         0         0         0         0         
2      649       805       48828     189       291       0         0         0         0         0         
1      696       604       48828     189       189       0         0         0         0         0         
1      199       474       48828     178       52        0         0         0         0         0         
3      950       813       48829     290       290       0         0         0         0         0         
2      599       482       48829     280       189       0         0         0         0         0         
1      720       690       48829     290       131       0         0         0         0         0         
1      548       556       48830     52        199       0         0         0         0         0         
1      1090      959       48830     291       291       0         0         0         0         0         
3      619       881       48830     131       290       0         0         0         0         0         
2      619       881       48830     131       290       0         0         0         0         0         
2      627       742       48831     189       290       0         0         0         0         0         
1      475       1054      48831     52        84        0         0         0         0         0         
3      888       886       48832     290       290       0         0         0         0         0         
1      631       719       48832     189       189       0         0         0         0         0         
3      675       531       48832     189       189       0         0         0         0         0         
1      628       669       48832     189       280       0         0         0         0         0         
3      699       691       48832     290       131       0         0         0         0         0         
1      842       649       48832     290       189       0         0         0         0         0         
3      888       886       48832     290       290       0         0         0         0         0         
2      554       527       48833     189       52        0         0         0         0         0         
1      874       1042      48834     291       291       0         0         0         0         0         
1      480       197       48835     52        178       0         0         0         0         0         
1      772       817       48835     290       290       0         0         0         0         0         
1      248       576       48835     266       189       0         0         0         0         0         
2      1246      782       48835     192       291       0         0         0         0         0         
1      309       392       48835     127       52        0         0         0         0         0         
1      692       629       48836     280       189       0         0         0         0         0         
2      272       331       48836     127       127       0         0         0         0         0         
2      527       458       48836     52        52        0         0         0         0         0         
3      626       527       48837     189       52        0         0         0         0         0         
1      739       531       48837     189       189       0         0         0         0         0         
1      812       668       48837     290       280       0         0         0         0         0         
3      139       645       48838     57        280       0         0         0         0         0         
2      466       557       48838     199       189       0         0         0         0         0         
3      466       557       48838     199       189       0         0         0         0         0         
3      1149      790       48838     291       290       0         0         0         0         0         
2      1149      790       48838     291       290       0         0         0         0         0         
1      723       527       48838     290       52        0         0         0         0         0         
1      1158      1158      48838     84        84        0         0         0         0         0         
2      581       904       48838     189       290       0         0         0         0         0         
1      325       502       48839     299       52        0         0         0         0         0         
3      352       600       48839     119       280       0         0         0         0         0         
3      352       600       48839     119       280       0         0         0         0         0         
3      452       694       48839     52        189       0         0         0         0         0         
1      457       474       48839     52        52        0         0         0         0         0         
1      606       676       48840     189       189       0         0         0         0         0         
2      551       604       48840     189       189       0         0         0         0         0         
1      498       768       48840     52        290       0         0         0         0         0         
3      35        556       48841     98        199       0         0         0         0         0         
3      35        556       48841     98        199       0         0         0         0         0         
1      718       579       48841     189       189       0         0         0         0         0         
1      720       834       48841     290       290       0         0         0         0         0         
1      557       692       48842     189       280       0         0         0         0         0         
1      549       605       48842     52        189       0         0         0         0         0         
1      824       461       48843     291       189       0         0         0         0         0         
1      719       484       48843     189       189       0         0         0         0         0         
1      905       842       48844     290       290       0         0         0         0         0         
1      665       720       48844     131       290       0         0         0         0         0         
1      531       850       48844     189       291       0         0         0         0         0         
1      550       694       48844     189       189       0         0         0         0         0         
1      526       556       48845     52        199       0         0         0         0         0         
1      512       529       48845     199       189       0         0         0         0         0         
1      557       1032      48845     189       84        0         0         0         0         0         
1      122       531       48846     54        189       0         0         0         0         0         
1      790       581       48846     290       189       0         0         0         0         0         
1      392       525       48847     52        52        0         0         0         0         0         
1      958       983       48847     291       291       0         0         0         0         0         
2      568       573       48848     52        189       0         0         0         0         0         
2      20        716       48848     98        189       0         0         0         0         0         
1      606       602       48849     189       189       0         0         0         0         0         
2      549       393       48850     52        52        0         0         0         0         0         
3      804       1127      48850     291       291       0         0         0         0         0         
3      804       1127      48850     291       291       0         0         0         0         0         
1      332       288       48850     87        127       0         0         0         0         0         
1      534       417       48850     199       100       0         0         0         0         0         
2      693       804       48850     280       291       0         0         0         0         0         
3      875       760       48851     291       291       0         0         0         0         0         
3      875       760       48851     291       291       0         0         0         0         0         
2      1336      526       48851     129       52        0         0         0         0         0         
1      696       579       48851     189       189       0         0         0         0         0         
1      970       35        48851     290       98        0         0         0         0         0         
1      175       194       48852     266       207       0         0         0         0         0         
3      143       194       48852     54        207       0         0         0         0         0         
3      143       194       48852     54        207       0         0         0         0         0         
1      551       367       48852     189       299       0         0         0         0         0         
1      443       771       48852     168       290       0         0         0         0         0         
1      97        668       48852     9         280       0         0         0         0         0         
1      630       246       48853     189       266       0         0         0         0         0         
1      292       462       48853     87        189       0         0         0         0         0         
3      180       699       48853     178       290       0         0         0         0         0         
1      670       555       48853     280       199       0         0         0         0         0         
1      286       175       48853     299       266       0         0         0         0         0         
1      835       627       48853     290       189       0         0         0         0         0         
1      578       415       48853     189       100       0         0         0         0         0         
1      883       836       48854     290       290       0         0         0         0         0         
1      924       969       48854     290       290       0         0         0         0         0         
1      230       598       48854     266       189       0         0         0         0         0         
3      573       387       48855     189       299       0         0         0         0         0         
1      990       1187      48855     290       291       0         0         0         0         0         
1      581       699       48855     189       290       0         0         0         0         0         
1      368       688       48855     299       131       0         0         0         0         0         
1      688       1047      48856     131       291       0         0         0         0         0         
1      270       721       48856     127       290       0         0         0         0         0         
1      559       644       48856     189       131       0         0         0         0         0         
1      460       693       48856     189       280       0         0         0         0         0         
1      1446      479       48856     129       52        0         0         0         0         0         
1      232       347       48857     266       299       0         0         0         0         0         
1      748       795       48857     290       290       0         0         0         0         0         
3      314       230       48857     119       266       0         0         0         0         0         
3      881       970       48857     290       290       0         0         0         0         0         
1      608       748       48857     189       290       0         0         0         0         0         
1      555       602       48858     199       189       0         0         0         0         0         
1      894       849       48858     291       291       0         0         0         0         0         
1      676       603       48859     189       189       0         0         0         0         0         
1      584       396       48859     189       119       0         0         0         0         0         
1      626       780       48859     189       291       0         0         0         0         0         
1      782       527       48860     291       52        0         0         0         0         0         
1      712       939       48860     131       291       0         0         0         0         0         
3      742       791       48860     290       290       0         0         0         0         0         
3      742       791       48860     290       290       0         0         0         0         0         
1      1089      1087      48860     291       291       0         0         0         0         0         
1      675       439       48860     189       189       0         0         0         0         0         
2      388       553       48860     299       189       0         0         0         0         0         
1      905       881       48861     290       290       0         0         0         0         0         
1      628       462       48861     189       189       0         0         0         0         0         
1      583       369       48861     189       52        0         0         0         0         0         
1      190       924       48861     286       290       0         0         0         0         0         
1      860       743       48861     290       290       0         0         0         0         0         
1      768       655       48861     290       189       0         0         0         0         0         
1      532       332       48862     199       87        0         0         0         0         0         
1      388       237       48862     299       87        0         0         0         0         0         
1      777       698       48863     131       189       0         0         0         0         0         
3      488       510       48864     199       199       0         0         0         0         0         
3      488       510       48864     199       199       0         0         0         0         0         
1      352       209       48864     119       266       0         0         0         0         0         
1      328       372       48864     299       119       0         0         0         0         0         
1      696       1023      48864     189       291       0         0         0         0         0         
1      410       374       48864     52        119       0         0         0         0         0         
1      794       888       48865     290       290       0         0         0         0         0         
1      556       600       48865     199       280       0         0         0         0         0         
1      508       408       48865     199       299       0         0         0         0         0         
1      408       413       48865     299       52        0         0         0         0         0         
2      534       629       48865     199       189       0         0         0         0         0         
1      577       170       48865     189       286       0         0         0         0         0         
1      535       886       48866     189       290       0         0         0         0         0         
2      1004      958       48867     291       291       0         0         0         0         0         
1      781       781       48867     291       291       0         0         0         0         0         
1      297       532       48867     277       199       0         0         0         0         0         
1      64        189       48867     98        286       0         0         0         0         0         
3      1004      958       48867     291       291       0         0         0         0         0         
3      650       789       48868     189       290       0         0         0         0         0         
1      690       413       48868     131       52        0         0         0         0         0         
1      413       211       48868     52        266       0         0         0         0         0         
2      757       662       48868     131       131       0         0         0         0         0         
1      171       811       48868     286       290       0         0         0         0         0         
3      229       393       48869     266       52        0         0         0         0         0         
1      816       1141      48869     290       84        0         0         0         0         0         
2      721       834       48869     290       290       0         0         0         0         0         
2      175       621       48869     266       280       0         0         0         0         0         
3      229       393       48869     266       52        0         0         0         0         0         
2      116       1021      48869     9         291       0         0         0         0         0         
