COLUMNS

passenger_count
pickup_ID
dropoff_ID
ready_time_sec
pickup_district
dropoff_district
LDuals
IDuals
vehicle_ID
pick_position
drop_position

REQUESTS_INFO
1      571       473       46747     52        52        0         0         16        1         3         
3      700       691       46235     290       131       0         0         17        1         2         
1      162       418       46764     178       168       0         0         18        1         3         
1      125       530       46717     54        189       0         0         18        2         4         
1      842       575       46766     290       189       0         0         20        1         5         
1      842       577       46383     290       189       0         0         20        2         4         
2      722       602       46636     290       189       0         0         21        1         3         
1      673       436       46742     189       100       0         0         21        2         4         
2      702       609       46684     290       189       0         0         22        1         3         
1      632       839       46665     189       290       0         0         22        2         5         
1      992       357       46748     290       277       0         0         25        1         3         
2      414       211       46753     100       266       0         0         31        1         3         
1      556       344       46757     199       299       0         0         33        2         5         
1      508       628       46698     199       189       0         0         36        1         4         
1      530       176       46729     189       174       0         0         36        3         5         
1      756       870       46702     131       291       0         0         40        1         4         
2      765       718       46515     290       189       0         0         48        1         3         
2      599       709       46768     280       131       0         0         49        1         3         
2      599       117       46636     280       286       0         0         49        2         4         
1      851       666       46663     291       131       0         0         50        1         3         
1      560       747       46716     189       290       0         0         54        1         3         
1      231       134       46698     266       9         0         0         55        1         3         
1      578       745       46684     189       290       0         0         60        1         5         
1      669       269       46597     280       127       0         0         62        1         4         
2      370       350       46709     52        127       0         0         64        1         3         
1      606       970       46732     189       290       0         0         65        2         4         
2      421       1044      46725     168       291       0         0         74        1         4         
1      537       511       46598     189       199       0         0         74        2         3         
4      573       31        46390     189       9         0         0         75        1         2         
1      46        556       46721     98        199       0         0         76        1         3         
3      628       531       46175     189       189       0         0         78        1         3         
1      647       811       46740     280       290       0         0         79        2         5         
2      646       904       46659     280       290       0         0         79        3         6         
1      621       669       46521     280       280       0         0         83        1         3         
1      813       674       46719     290       189       0         0         85        1         2         
2      789       651       46397     290       189       0         0         89        1         3         
1      841       670       46694     290       280       0         0         93        1         4         
1      816       534       46530     290       199       0         0         93        2         3         
3      374       581       46679     119       189       0         0         95        1         3         
1      723       838       46657     290       290       0         0         98        1         3         
1      693       527       46542     280       52        0         0         102       1         3         
2      643       724       46495     131       290       0         0         104       1         3         
1      534       650       46686     199       189       0         0         108       1         2         
3      551       624       46707     189       189       0         0         112       2         3         
2      1068      583       46722     291       189       0         0         123       1         3         
1      508       372       46667     199       119       0         0         129       1         3         
2      674       887       46737     189       290       0         0         139       1         3         
3      696       412       46683     189       52        0         0         140       1         3         
1      669       574       46671     280       189       0         0         150       1         3         
4      603       737       46132     189       189       0         0         151       1         2         
1      1187      1245      46759     291       192       0         0         153       1         2         
3      771       699       46560     290       290       0         0         156       1         3         
1      597       268       46737     131       299       0         0         159       1         3         
3      721       767       46722     290       290       0         0         161       2         3         
1      717       504       46733     189       52        0         0         163       1         4         
1      408       852       46749     299       291       0         0         167       1         3         
3      692       1128      46540     280       291       0         0         168       1         3         
1      673       437       46654     189       100       0         0         172       1         3         
1      252       291       46745     206       87        0         0         176       1         2         
2      621       669       46513     280       280       0         0         177       1         5         
2      621       578       46745     280       189       0         0         177       3         4         
1      458       433       46693     52        52        0         0         180       1         3         
1      554       696       46639     189       189       0         0         181       1         2         
1      416       605       46711     100       189       0         0         190       1         2         
1      510       504       46218     199       52        0         0         193       1         3         
2      671       603       46483     280       189       0         0         203       1         4         
1      720       924       46752     290       290       0         0         203       2         5         
2      597       698       46728     131       189       0         0         207       1         3         
3      484       673       46683     189       189       0         0         208       1         3         
1      487       527       46619     199       52        0         0         208       2         4         
3      1065      631       46757     291       189       0         0         209       1         3         
2      778       549       46758     131       52        0         0         212       1         2         
1      604       697       46658     189       189       0         0         216       1         4         
1      558       676       46640     189       189       0         0         218       1         2         
3      374       581       46679     119       189       0         0         221       1         2         
1      603       721       46732     189       290       0         0         226       1         2         
1      463       389       46708     168       299       0         0         228       1         3         
3      632       535       46531     189       189       0         0         241       1         3         
2      629       727       46730     189       290       0         0         243       2         4         
2      623       591       46696     280       52        0         0         248       1         3         
2      48        560       46705     98        189       0         0         251       1         2         
2      549       738       46696     52        189       0         0         253       1         4         
1      788       1010      46601     290       290       0         0         257       1         3         
3      739       415       46752     189       100       0         0         262       2         4         
1      662       229       46751     131       266       0         0         263       1         3         
1      737       851       46616     189       291       0         0         266       1         3         
1      35        601       46762     98        189       0         0         270       1         3         
4      624       803       46663     189       291       0         0         271       2         3         
1      805       630       46715     291       189       0         0         274       1         3         
2      715       860       46619     131       290       0         0         274       2         4         
3      581       393       46750     189       52        0         0         279       3         4         
3      723       864       46672     290       290       0         0         280       1         3         
1      558       791       46627     189       290       0         0         287       1         4         
3      972       862       46483     290       290       0         0         288       1         2         
3      718       228       46590     189       266       0         0         297       1         3         
1      1078      439       46723     84        189       0         0         299       1         3         
1      767       828       46762     290       291       0         0         301       1         3         
1      723       836       46646     290       290       0         0         302       2         3         
1      656       719       46739     290       189       0         0         304       1         4         
3      699       903       46652     290       290       0         0         304       3         5         
1      584       721       46416     189       290       0         0         306       1         4         
1      631       727       46648     189       290       0         0         306       2         5         
1      970       250       46647     290       127       0         0         312       1         3         
3      484       673       46683     189       189       0         0         313       1         3         
1      509       742       46710     199       290       0         0         313       2         4         
1      850       959       46757     291       291       0         0         315       1         4         
2      526       387       46592     52        299       0         0         316       1         3         
1      780       698       46751     291       189       0         0         321       1         3         
1      551       436       46739     189       100       0         0         323       1         3         
3      929       680       46698     290       290       0         0         330       1         2         
1      859       969       46692     290       290       0         0         331       1         2         
2      652       768       46594     189       290       0         0         336       1         5         
2      608       723       46754     189       290       0         0         336       3         4         
2      649       412       46550     189       52        0         0         340       1         3         
1      604       991       46753     189       290       0         0         343       1         3         
3      509       535       46373     199       189       0         0         347       2         3         
1      810       673       46731     290       189       0         0         348       1         3         
1      699       652       46751     290       189       0         0         350       2         4         
1      628       533       46715     189       199       0         0         353       1         2         
1      906       889       46719     290       290       0         0         358       1         2         
1      715       1066      46295     131       291       0         0         359       2         4         
1      555       969       46741     199       290       0         0         360       1         3         
3      895       959       46354     291       291       0         0         364       1         3         
3      597       698       46728     131       189       0         0         367       1         3         
1      549       409       46150     52        52        0         0         373       1         3         
1      859       303       46720     290       299       0         0         375       1         4         
2      815       413       46709     290       52        0         0         376       2         4         
3      599       117       46636     280       286       0         0         377       1         3         
1      896       836       46753     291       290       0         0         379       1         3         
3      721       694       46487     290       189       0         0         382       1         4         
1      721       1054      46745     290       84        0         0         382       3         5         
1      950       528       46595     290       52        0         0         387       1         3         
1      649       478       46743     189       52        0         0         388       1         4         
3      649       531       46419     189       189       0         0         388       2         3         
2      1140      643       46769     84        131       0         0         396       1         2         
2      897       1002      46720     291       291       0         0         398       1         3         
3      715       860       46619     131       290       0         0         404       2         4         
1      924       1032      46685     290       84        0         0         407       1         3         
2      532       394       46652     199       100       0         0         410       1         2         
1      1022      767       46768     291       290       0         0         411       1         3         
2      623       48        46738     280       98        0         0         413       2         4         
1      386       433       46739     299       52        0         0         419       2         4         
2      813       738       46674     290       189       0         0         420       2         4         
2      348       597       46674     299       131       0         0         433       1         3         
1      811       894       46646     290       291       0         0         436       1         3         
3      377       699       46761     168       290       0         0         437       1         2         
1      726       859       46724     290       290       0         0         438       1         4         
1      700       861       46744     290       290       0         0         438       2         5         
3      924       859       46670     290       290       0         0         440       1         2         
1      275       201       46748     87        87        0         0         450       1         2         
2      788       720       46619     290       290       0         0         464       1         2         
1      526       605       46560     52        189       0         0         467       1         4         
3      739       415       46752     189       100       0         0         469       2         4         
3      175       373       46730     266       119       0         0         475       1         2         
3      526       397       46653     52        168       0         0         476       1         2         
1      549       647       46653     52        280       0         0         479       2         4         
1      883       444       46653     290       168       0         0         481       1         4         
3      790       675       46534     290       189       0         0         481       2         3         
3      560       673       46603     189       189       0         0         482       1         3         
1      560       670       46733     189       280       0         0         482       2         4         
2      160       417       46724     54        100       0         0         483       1         3         
3      621       749       46488     280       290       0         0         484       2         4         
1      505       695       46725     52        189       0         0         491       1         3         
2      375       232       46736     119       266       0         0         494       1         4         
1      1001      984       46760     291       291       0         0         496       1         3         
1      676       887       46731     189       290       0         0         500       2         5         
1      578       749       46769     189       290       0         0         505       1         2         
1      506       627       46769     189       189       0         0         507       1         4         
2      574       760       46229     189       291       0         0         507       2         5         
3      33        480       46717     98        52        0         0         509       1         2         
1      698       813       46730     189       290       0         0         518       1         4         
1      311       274       46722     87        87        0         0         520       1         2         
3      581       827       46546     189       291       0         0         522       1         3         
3      675       534       46647     189       199       0         0         526       1         2         
2      508       650       46694     199       189       0         0         532       1         4         
1      509       789       46631     199       290       0         0         532       2         5         
4      772       946       46248     290       290       0         0         536       2         3         
1      209       330       46706     266       127       0         0         537       1         2         
1      529       534       46672     189       199       0         0         544       1         3         
2      534       504       46758     199       52        0         0         544       2         5         
1      715       910       46715     131       290       0         0         546       1         4         
1      924       790       46718     290       290       0         0         550       1         5         
1      882       604       46744     290       189       0         0         550       2         6         
2      881       812       46553     290       290       0         0         550       3         4         
1      692       711       46767     280       131       0         0         551       2         3         
1      644       555       46701     131       199       0         0         553       1         2         
1      721       859       46737     290       290       0         0         558       1         3         
1      791       651       46727     290       189       0         0         560       2         4         
3      790       308       46597     290       127       0         0         560       3         5         
1      757       551       46745     131       189       0         0         563       1         3         
3      621       1010      46508     280       290       0         0         563       2         4         
1      345       311       46750     299       87        0         0         567       1         3         
2      655       602       46721     189       189       0         0         579       1         3         
1      714       859       46587     131       290       0         0         581       1         3         
2      583       655       46437     189       189       0         0         582       1         3         
2      581       393       46750     189       52        0         0         582       2         4         
3      601       1048      46723     189       291       0         0         583       1         4         
1      575       672       46624     189       189       0         0         583       2         3         
2      929       680       46698     290       290       0         0         584       1         2         
1      857       484       46392     290       189       0         0         585       1         3         
2      675       534       46647     189       199       0         0         586       2         4         
2      419       527       46631     168       52        0         0         587       1         4         
3      719       702       45908     189       290       0         0         589       1         3         
1      716       815       46627     189       290       0         0         589       2         4         
2      812       864       46745     290       290       0         0         590       1         3         
3      646       117       46741     280       286       0         0         594       1         4         
1      669       527       46666     280       52        0         0         594       2         3         
2      813       10        46759     290       98        0         0         597       3         5         
1      749       484       46653     290       189       0         0         600       1         5         
1      668       760       46721     280       291       0         0         602       1         2         
3      647       697       46740     280       189       0         0         605       2         4         
1      276       355       46726     87        119       0         0         608       1         3         
2      487       312       46414     199       87        0         0         612       1         4         
1      535       333       46754     189       119       0         0         612       2         5         
1      723       909       46619     290       290       0         0         616       1         3         
1      453       526       46698     52        52        0         0         617       1         4         
2      839       759       46716     290       131       0         0         623       1         4         
3      625       97        46481     189       9         0         0         625       2         4         
1      771       839       46724     290       290       0         0         627       1         3         
3      526       397       46653     52        168       0         0         635       1         3         
1      479       526       46759     52        52        0         0         636       1         3         
1      479       442       46646     52        168       0         0         636       2         4         
3      175       373       46730     266       119       0         0         641       2         3         
2      602       602       46724     189       189       0         0         644       2         3         
3      788       720       46619     290       290       0         0         646       1         3         
1      719       779       46603     189       131       0         0         649       1         3         
2      760       1264      46389     291       192       0         0         649       2         5         
2      628       553       46679     189       189       0         0         650       2         4         
1      250       502       46714     127       52        0         0         651       1         3         
1      734       970       46747     131       290       0         0         657       1         5         
1      736       894       46688     131       291       0         0         657       2         3         
3      599       412       46568     280       52        0         0         663       1         2         
1      549       650       46671     52        189       0         0         666       1         3         
1      632       700       46756     189       290       0         0         667       1         3         
4      603       742       46754     189       290       0         0         668       2         3         
1      686       980       46725     131       291       0         0         672       1         3         
1      698       835       46493     189       290       0         0         673       1         3         
3      719       250       46504     189       127       0         0         674       1         2         
3      673       577       46113     189       189       0         0         679       1         2         
2      550       198       46686     189       178       0         0         681       1         3         
4      35        248       46750     98        266       0         0         683       1         2         
1      782       744       46632     291       290       0         0         685       1         3         
1      804       693       46694     291       280       0         0         687       1         4         
1      804       457       46720     291       52        0         0         687       2         5         
4      546       630       46565     52        189       0         0         690       1         2         
3      782       642       46538     291       131       0         0         697       2         5         
1      782       780       46685     291       291       0         0         697       3         4         
1      594       577       46504     131       189       0         0         698       1         3         
1      594       460       46737     131       189       0         0         698       2         4         
1      557       595       46745     189       131       0         0         701       3         5         
1      968       1010      46698     290       290       0         0         703       1         3         
2      354       534       46614     119       199       0         0         704       1         2         
3      939       747       46652     291       290       0         0         710       1         2         
3      649       412       46550     189       52        0         0         711       2         4         
3      727       803       46700     290       291       0         0         716       2         4         
1      792       938       46486     290       291       0         0         719       1         3         
3      632       535       46531     189       189       0         0         721       2         3         
3      643       687       46537     131       131       0         0         726       2         3         
1      668       881       46648     280       290       0         0         727       1         3         
3      629       716       46637     189       189       0         0         728       2         4         
1      554       175       46422     189       266       0         0         731       1         3         
1      894       667       46730     291       131       0         0         732       1         5         
1      735       691       46491     131       131       0         0         732       2         3         
1      710       116       46742     131       9         0         0         739       1         3         
4      680       238       46650     290       87        0         0         742       2         3         
1      897       667       46439     291       131       0         0         746       1         2         
1      436       376       46749     100       168       0         0         748       1         3         
3      437       232       46692     100       266       0         0         748       2         4         
3      737       551       46728     189       189       0         0         756       2         4         
3      737       551       46728     189       189       0         0         764       1         3         
3      548       693       46359     52        280       0         0         779       1         3         
1      645       858       46598     280       290       0         0         780       1         3         
3      581       394       46449     189       100       0         0         785       2         4         
1      904       961       46755     290       291       0         0         787       1         3         
3      680       231       46746     290       266       0         0         788       3         5         
1      811       673       46735     290       189       0         0         789       1         2         
2      835       924       46766     290       290       0         0         791       1         3         
1      674       947       46729     189       290       0         0         800       1         5         
2      699       839       46565     290       290       0         0         800       3         6         
1      630       580       46685     189       189       0         0         806       2         3         
1      948       792       46740     290       290       0         0         808       1         2         
2      554       700       46756     189       290       0         0         809       2         4         
1      64        48        46716     98        98        0         0         811       1         2         
2      651       696       46680     189       189       0         0         814       1         4         
1      648       723       46646     189       290       0         0         814       2         5         
3      377       699       46761     168       290       0         0         815       1         3         
1      858       968       46765     290       290       0         0         816       1         2         
3      727       803       46700     290       291       0         0         817       1         3         
1      624       580       46677     189       189       0         0         821       1         2         
3      582       47        46752     189       98        0         0         821       3         5         
1      603       649       46689     189       189       0         0         829       1         3         
2      621       313       46665     280       87        0         0         831       1         3         
1      838       905       46752     290       290       0         0         832       2         3         
1      355       332       46762     119       87        0         0         834       1         3         
2      373       650       46635     119       189       0         0         836       1         2         
1      602       47        46713     189       98        0         0         838       1         6         
3      602       602       46724     189       189       0         0         838       2         3         
3      602       464       46579     189       168       0         0         838       4         5         
1      735       665       46728     131       131       0         0         840       1         2         
1      213       91        46762     266       178       0         0         841       1         2         
1      65        1086      46753     98        291       0         0         842       1         2         
1      534       189       46742     199       286       0         0         846       1         3         
1      441       606       46741     168       189       0         0         847       1         2         
1      816       654       46717     290       189       0         0         856       1         3         
3      788       969       46695     290       290       0         0         859       1         3         
1      394       560       46746     100       189       0         0         860       1         3         
1      549       628       46653     52        189       0         0         862       1         3         
1      549       441       46717     52        168       0         0         863       2         4         
3      693       691       46611     280       131       0         0         865       1         4         
1      693       668       46473     280       280       0         0         865       2         3         
3      811       678       46212     290       290       0         0         866       1         3         
1      739       527       46387     189       52        0         0         871       1         2         
4      556       827       46691     199       291       0         0         876       1         2         
2      718       834       46716     189       290       0         0         883       1         4         
3      646       117       46741     280       286       0         0         885       2         4         
3      629       721       46700     189       290       0         0         886       2         4         
1      558       860       46762     189       290       0         0         886       3         5         
1      863       968       46627     290       290       0         0         887       1         3         
1      602       583       46747     189       189       0         0         890       2         4         
1      116       392       46758     9         52        0         0         893       1         2         
2      850       915       46543     291       291       0         0         903       1         2         
2      600       738       46618     280       189       0         0         914       1         3         
1      662       435       46710     131       52        0         0         917       1         3         
1      739       669       46759     189       280       0         0         919       1         3         
1      669       116       46639     280       9         0         0         919       2         5         
1      1167      594       46758     291       131       0         0         923       1         3         
1      546       644       46765     52        131       0         0         929       2         3         
1      627       948       46695     189       290       0         0         933       1         5         
2      993       1250      46657     84        129       0         0         935       1         3         
2      772       909       46729     290       290       0         0         936       1         3         
2      672       669       46499     189       280       0         0         942       1         2         
2      551       624       46707     189       189       0         0         944       1         2         
3      816       951       46569     290       290       0         0         945       2         4         
2      629       721       46700     189       290       0         0         946       1         3         
2      581       645       46514     189       280       0         0         949       1         4         
2      1269      906       46743     129       290       0         0         952       1         2         
1      534       679       46654     199       290       0         0         956       2         4         
2      723       864       46672     290       290       0         0         960       2         4         
1      696       554       46749     189       189       0         0         964       2         5         
3      765       718       46515     290       189       0         0         964       3         4         
4      716       213       46474     189       266       0         0         965       1         2         
2      673       722       46463     189       290       0         0         966       1         2         
1      789       864       46613     290       290       0         0         969       2         5         
3      632       718       46598     189       189       0         0         971       1         2         
1      691       894       46678     131       291       0         0         972       2         3         
3      532       394       46652     199       100       0         0         983       1         3         
1      556       421       46455     199       168       0         0         988       1         4         
3      554       648       46325     189       189       0         0         988       2         3         
3      674       887       46737     189       290       0         0         989       2         4         
2      810       462       46701     290       189       0         0         991       1         3         
2      699       903       46652     290       290       0         0         992       1         4         
2      700       747       46647     290       290       0         0         992       2         3         
3      443       484       46752     168       189       0         0         994       1         3         
3      815       413       46709     290       52        0         0         1004      1         2         
3      696       574       46590     189       189       0         0         1008      1         3         
1      981       875       46751     291       291       0         0         1012      1         3         
1      981       1068      46693     291       291       0         0         1012      2         4         
1      852       554       46769     291       189       0         0         1015      1         5         
1      851       780       46644     291       291       0         0         1015      2         3         
1      816       791       46716     290       290       0         0         1016      1         4         
1      816       903       46736     290       290       0         0         1016      2         5         
1      838       959       46737     290       291       0         0         1016      3         6         
3      624       718       46664     189       189       0         0         1027      1         3         
1      623       527       46623     280       52        0         0         1027      2         4         
1      628       375       46694     189       119       0         0         1028      1         4         
2      533       229       46542     199       266       0         0         1028      3         6         
2      443       484       46752     168       189       0         0         1029      1         3         
1      465       529       46455     199       189       0         0         1029      2         4         
1      556       442       46712     199       168       0         0         1030      2         4         
3      992       1047      46725     290       291       0         0         1033      1         2         
1      716       984       46652     189       291       0         0         1041      1         4         
1      101       125       46767     57        54        0         0         1048      1         2         
1      769       718       46733     290       189       0         0         1049      1         4         
1      859       556       46621     290       199       0         0         1050      1         3         
3      678       462       46265     290       189       0         0         1057      1         3         
1      715       647       46730     131       280       0         0         1059      1         4         
3      743       990       46605     290       290       0         0         1062      2         4         
3      749       609       46212     290       189       0         0         1066      1         2         
2      457       597       46688     52        131       0         0         1069      1         2         
1      253       156       46700     206       286       0         0         1073      1         2         
1      622       134       46661     280       9         0         0         1077      1         3         
3      602       550       46476     189       189       0         0         1081      1         3         
1      605       619       46766     189       131       0         0         1085      2         4         
4      466       605       45486     199       189       0         0         1087      1         2         
1      510       504       46758     199       52        0         0         1092      1         4         
1      510       438       46717     199       100       0         0         1092      2         5         
2      789       557       46600     290       189       0         0         1096      1         4         
2      698       835       46679     189       290       0         0         1096      2         3         
2      651       696       46680     189       189       0         0         0         0         0         
3      484       673       46683     189       189       0         0         0         0         0         
3      484       673       46683     189       189       0         0         0         0         0         
3      696       412       46683     189       52        0         0         0         0         0         
2      702       609       46684     290       189       0         0         0         0         0         
1      578       745       46684     189       290       0         0         0         0         0         
1      924       1032      46685     290       84        0         0         0         0         0         
1      630       580       46685     189       189       0         0         0         0         0         
1      782       780       46685     291       291       0         0         0         0         0         
2      550       198       46686     189       178       0         0         0         0         0         
1      534       650       46686     199       189       0         0         0         0         0         
1      736       894       46688     131       291       0         0         0         0         0         
2      457       597       46688     52        131       0         0         0         0         0         
1      603       649       46689     189       189       0         0         0         0         0         
4      556       827       46691     199       291       0         0         0         0         0         
1      859       969       46692     290       290       0         0         0         0         0         
3      437       232       46692     100       266       0         0         0         0         0         
1      458       433       46693     52        52        0         0         0         0         0         
1      981       1068      46693     291       291       0         0         0         0         0         
1      628       375       46694     189       119       0         0         0         0         0         
1      804       693       46694     291       280       0         0         0         0         0         
1      841       670       46694     290       280       0         0         0         0         0         
2      508       650       46694     199       189       0         0         0         0         0         
3      788       969       46695     290       290       0         0         0         0         0         
1      627       948       46695     189       290       0         0         0         0         0         
2      623       591       46696     280       52        0         0         0         0         0         
2      549       738       46696     52        189       0         0         0         0         0         
3      929       680       46698     290       290       0         0         0         0         0         
1      231       134       46698     266       9         0         0         0         0         0         
1      508       628       46698     199       189       0         0         0         0         0         
2      929       680       46698     290       290       0         0         0         0         0         
1      968       1010      46698     290       290       0         0         0         0         0         
1      453       526       46698     52        52        0         0         0         0         0         
1      253       156       46700     206       286       0         0         0         0         0         
3      629       721       46700     189       290       0         0         0         0         0         
3      727       803       46700     290       291       0         0         0         0         0         
3      727       803       46700     290       291       0         0         0         0         0         
2      629       721       46700     189       290       0         0         0         0         0         
1      644       555       46701     131       199       0         0         0         0         0         
2      810       462       46701     290       189       0         0         0         0         0         
1      756       870       46702     131       291       0         0         0         0         0         
2      48        560       46705     98        189       0         0         0         0         0         
1      209       330       46706     266       127       0         0         0         0         0         
2      551       624       46707     189       189       0         0         0         0         0         
3      551       624       46707     189       189       0         0         0         0         0         
1      463       389       46708     168       299       0         0         0         0         0         
3      815       413       46709     290       52        0         0         0         0         0         
2      815       413       46709     290       52        0         0         0         0         0         
2      370       350       46709     52        127       0         0         0         0         0         
1      509       742       46710     199       290       0         0         0         0         0         
1      662       435       46710     131       52        0         0         0         0         0         
1      416       605       46711     100       189       0         0         0         0         0         
1      556       442       46712     199       168       0         0         0         0         0         
1      602       47        46713     189       98        0         0         0         0         0         
1      250       502       46714     127       52        0         0         0         0         0         
1      805       630       46715     291       189       0         0         0         0         0         
1      715       910       46715     131       290       0         0         0         0         0         
1      628       533       46715     189       199       0         0         0         0         0         
1      64        48        46716     98        98        0         0         0         0         0         
2      718       834       46716     189       290       0         0         0         0         0         
1      560       747       46716     189       290       0         0         0         0         0         
2      839       759       46716     290       131       0         0         0         0         0         
1      816       791       46716     290       290       0         0         0         0         0         
1      549       441       46717     52        168       0         0         0         0         0         
1      510       438       46717     199       100       0         0         0         0         0         
1      816       654       46717     290       189       0         0         0         0         0         
1      125       530       46717     54        189       0         0         0         0         0         
3      33        480       46717     98        52        0         0         0         0         0         
1      924       790       46718     290       290       0         0         0         0         0         
1      813       674       46719     290       189       0         0         0         0         0         
1      906       889       46719     290       290       0         0         0         0         0         
2      897       1002      46720     291       291       0         0         0         0         0         
1      804       457       46720     291       52        0         0         0         0         0         
1      859       303       46720     290       299       0         0         0         0         0         
2      655       602       46721     189       189       0         0         0         0         0         
1      668       760       46721     280       291       0         0         0         0         0         
1      46        556       46721     98        199       0         0         0         0         0         
2      1068      583       46722     291       189       0         0         0         0         0         
3      721       767       46722     290       290       0         0         0         0         0         
1      311       274       46722     87        87        0         0         0         0         0         
1      1078      439       46723     84        189       0         0         0         0         0         
3      601       1048      46723     189       291       0         0         0         0         0         
3      602       602       46724     189       189       0         0         0         0         0         
2      602       602       46724     189       189       0         0         0         0         0         
1      726       859       46724     290       290       0         0         0         0         0         
1      771       839       46724     290       290       0         0         0         0         0         
2      160       417       46724     54        100       0         0         0         0         0         
3      992       1047      46725     290       291       0         0         0         0         0         
1      505       695       46725     52        189       0         0         0         0         0         
1      686       980       46725     131       291       0         0         0         0         0         
2      421       1044      46725     168       291       0         0         0         0         0         
1      276       355       46726     87        119       0         0         0         0         0         
1      791       651       46727     290       189       0         0         0         0         0         
3      597       698       46728     131       189       0         0         0         0         0         
3      737       551       46728     189       189       0         0         0         0         0         
3      737       551       46728     189       189       0         0         0         0         0         
2      597       698       46728     131       189       0         0         0         0         0         
1      735       665       46728     131       131       0         0         0         0         0         
1      530       176       46729     189       174       0         0         0         0         0         
1      674       947       46729     189       290       0         0         0         0         0         
2      772       909       46729     290       290       0         0         0         0         0         
2      629       727       46730     189       290       0         0         0         0         0         
1      698       813       46730     189       290       0         0         0         0         0         
1      894       667       46730     291       131       0         0         0         0         0         
1      715       647       46730     131       280       0         0         0         0         0         
3      175       373       46730     266       119       0         0         0         0         0         
3      175       373       46730     266       119       0         0         0         0         0         
1      676       887       46731     189       290       0         0         0         0         0         
1      810       673       46731     290       189       0         0         0         0         0         
1      606       970       46732     189       290       0         0         0         0         0         
1      603       721       46732     189       290       0         0         0         0         0         
1      769       718       46733     290       189       0         0         0         0         0         
1      560       670       46733     189       280       0         0         0         0         0         
1      717       504       46733     189       52        0         0         0         0         0         
1      811       673       46735     290       189       0         0         0         0         0         
2      375       232       46736     119       266       0         0         0         0         0         
1      816       903       46736     290       290       0         0         0         0         0         
1      594       460       46737     131       189       0         0         0         0         0         
3      674       887       46737     189       290       0         0         0         0         0         
2      674       887       46737     189       290       0         0         0         0         0         
1      721       859       46737     290       290       0         0         0         0         0         
1      597       268       46737     131       299       0         0         0         0         0         
1      838       959       46737     290       291       0         0         0         0         0         
2      623       48        46738     280       98        0         0         0         0         0         
1      386       433       46739     299       52        0         0         0         0         0         
1      551       436       46739     189       100       0         0         0         0         0         
1      656       719       46739     290       189       0         0         0         0         0         
3      647       697       46740     280       189       0         0         0         0         0         
1      647       811       46740     280       290       0         0         0         0         0         
1      948       792       46740     290       290       0         0         0         0         0         
1      555       969       46741     199       290       0         0         0         0         0         
1      441       606       46741     168       189       0         0         0         0         0         
3      646       117       46741     280       286       0         0         0         0         0         
3      646       117       46741     280       286       0         0         0         0         0         
1      710       116       46742     131       9         0         0         0         0         0         
1      673       436       46742     189       100       0         0         0         0         0         
1      534       189       46742     199       286       0         0         0         0         0         
2      1269      906       46743     129       290       0         0         0         0         0         
1      649       478       46743     189       52        0         0         0         0         0         
1      882       604       46744     290       189       0         0         0         0         0         
1      700       861       46744     290       290       0         0         0         0         0         
1      557       595       46745     189       131       0         0         0         0         0         
1      721       1054      46745     290       84        0         0         0         0         0         
1      252       291       46745     206       87        0         0         0         0         0         
2      812       864       46745     290       290       0         0         0         0         0         
2      621       578       46745     280       189       0         0         0         0         0         
1      757       551       46745     131       189       0         0         0         0         0         
3      680       231       46746     290       266       0         0         0         0         0         
1      394       560       46746     100       189       0         0         0         0         0         
1      734       970       46747     131       290       0         0         0         0         0         
1      602       583       46747     189       189       0         0         0         0         0         
1      571       473       46747     52        52        0         0         0         0         0         
1      275       201       46748     87        87        0         0         0         0         0         
1      992       357       46748     290       277       0         0         0         0         0         
1      408       852       46749     299       291       0         0         0         0         0         
1      436       376       46749     100       168       0         0         0         0         0         
1      696       554       46749     189       189       0         0         0         0         0         
2      581       393       46750     189       52        0         0         0         0         0         
3      581       393       46750     189       52        0         0         0         0         0         
1      345       311       46750     299       87        0         0         0         0         0         
4      35        248       46750     98        266       0         0         0         0         0         
1      981       875       46751     291       291       0         0         0         0         0         
1      662       229       46751     131       266       0         0         0         0         0         
1      780       698       46751     291       189       0         0         0         0         0         
1      699       652       46751     290       189       0         0         0         0         0         
3      739       415       46752     189       100       0         0         0         0         0         
1      720       924       46752     290       290       0         0         0         0         0         
1      838       905       46752     290       290       0         0         0         0         0         
3      443       484       46752     168       189       0         0         0         0         0         
2      443       484       46752     168       189       0         0         0         0         0         
3      582       47        46752     189       98        0         0         0         0         0         
3      739       415       46752     189       100       0         0         0         0         0         
1      896       836       46753     291       290       0         0         0         0         0         
1      604       991       46753     189       290       0         0         0         0         0         
1      65        1086      46753     98        291       0         0         0         0         0         
2      414       211       46753     100       266       0         0         0         0         0         
4      603       742       46754     189       290       0         0         0         0         0         
1      535       333       46754     189       119       0         0         0         0         0         
2      608       723       46754     189       290       0         0         0         0         0         
1      904       961       46755     290       291       0         0         0         0         0         
2      554       700       46756     189       290       0         0         0         0         0         
1      632       700       46756     189       290       0         0         0         0         0         
1      850       959       46757     291       291       0         0         0         0         0         
3      1065      631       46757     291       189       0         0         0         0         0         
1      556       344       46757     199       299       0         0         0         0         0         
2      778       549       46758     131       52        0         0         0         0         0         
1      510       504       46758     199       52        0         0         0         0         0         
1      116       392       46758     9         52        0         0         0         0         0         
2      534       504       46758     199       52        0         0         0         0         0         
1      1167      594       46758     291       131       0         0         0         0         0         
1      739       669       46759     189       280       0         0         0         0         0         
1      479       526       46759     52        52        0         0         0         0         0         
2      813       10        46759     290       98        0         0         0         0         0         
1      1187      1245      46759     291       192       0         0         0         0         0         
1      1001      984       46760     291       291       0         0         0         0         0         
3      377       699       46761     168       290       0         0         0         0         0         
3      377       699       46761     168       290       0         0         0         0         0         
1      35        601       46762     98        189       0         0         0         0         0         
1      355       332       46762     119       87        0         0         0         0         0         
1      213       91        46762     266       178       0         0         0         0         0         
1      767       828       46762     290       291       0         0         0         0         0         
1      558       860       46762     189       290       0         0         0         0         0         
1      162       418       46764     178       168       0         0         0         0         0         
1      546       644       46765     52        131       0         0         0         0         0         
1      858       968       46765     290       290       0         0         0         0         0         
2      835       924       46766     290       290       0         0         0         0         0         
1      605       619       46766     189       131       0         0         0         0         0         
1      842       575       46766     290       189       0         0         0         0         0         
1      692       711       46767     280       131       0         0         0         0         0         
1      101       125       46767     57        54        0         0         0         0         0         
2      599       709       46768     280       131       0         0         0         0         0         
1      1022      767       46768     291       290       0         0         0         0         0         
1      506       627       46769     189       189       0         0         0         0         0         
1      852       554       46769     291       189       0         0         0         0         0         
2      1140      643       46769     84        131       0         0         0         0         0         
1      578       749       46769     189       290       0         0         0         0         0         
1      417       234       46770     100       87        0         0         0         0         0         
1      458       552       46770     52        189       0         0         0         0         0         
1      737       894       46770     189       291       0         0         0         0         0         
3      643       116       46770     131       9         0         0         0         0         0         
1      673       437       46770     189       100       0         0         0         0         0         
2      913       571       46771     291       52        0         0         0         0         0         
1      507       232       46771     189       266       0         0         0         0         0         
1      814       937       46771     290       291       0         0         0         0         0         
1      99        748       46771     286       290       0         0         0         0         0         
1      802       648       46771     291       189       0         0         0         0         0         
3      671       811       46772     280       290       0         0         0         0         0         
2      671       811       46772     280       290       0         0         0         0         0         
1      727       678       46772     290       290       0         0         0         0         0         
1      859       604       46772     290       189       0         0         0         0         0         
1      437       138       46772     100       57        0         0         0         0         0         
1      155       349       46772     286       127       0         0         0         0         0         
1      372       527       46773     119       52        0         0         0         0         0         
3      349       373       46773     127       119       0         0         0         0         0         
1      336       108       46773     277       178       0         0         0         0         0         
1      676       927       46774     189       290       0         0         0         0         0         
1      969       894       46774     290       291       0         0         0         0         0         
2      861       772       46774     290       290       0         0         0         0         0         
4      116       9         46776     9         98        0         0         0         0         0         
1      651       463       46776     189       168       0         0         0         0         0         
2      549       435       46776     52        52        0         0         0         0         0         
3      549       435       46776     52        52        0         0         0         0         0         
1      557       353       46778     189       119       0         0         0         0         0         
1      314       929       46778     119       290       0         0         0         0         0         
1      849       1264      46778     291       192       0         0         0         0         0         
1      644       551       46778     131       189       0         0         0         0         0         
1      723       882       46779     290       290       0         0         0         0         0         
1      482       275       46779     189       87        0         0         0         0         0         
1      1045      675       46779     291       189       0         0         0         0         0         
1      861       948       46779     290       290       0         0         0         0         0         
1      655       947       46779     189       290       0         0         0         0         0         
1      560       677       46779     189       189       0         0         0         0         0         
1      211       291       46779     266       87        0         0         0         0         0         
2      691       738       46779     131       189       0         0         0         0         0         
1      760       232       46779     291       266       0         0         0         0         0         
1      1154      907       46779     129       290       0         0         0         0         0         
1      135       43        46779     286       9         0         0         0         0         0         
1      1187      1106      46780     291       291       0         0         0         0         0         
2      755       652       46780     131       189       0         0         0         0         0         
1      728       621       46780     290       280       0         0         0         0         0         
1      557       419       46780     189       168       0         0         0         0         0         
1      782       801       46780     291       291       0         0         0         0         0         
1      409       192       46780     52        266       0         0         0         0         0         
1      718       828       46780     189       291       0         0         0         0         0         
3      755       652       46780     131       189       0         0         0         0         0         
1      1042      606       46780     291       189       0         0         0         0         0         
1      116       32        46781     9         98        0         0         0         0         0         
1      210       462       46781     266       189       0         0         0         0         0         
1      760       601       46781     291       189       0         0         0         0         0         
1      600       671       46781     280       280       0         0         0         0         0         
1      675       212       46781     189       266       0         0         0         0         0         
1      653       817       46782     189       290       0         0         0         0         0         
1      194       603       46782     207       189       0         0         0         0         0         
3      711       835       46783     131       290       0         0         0         0         0         
2      711       835       46783     131       290       0         0         0         0         0         
1      674       1001      46783     189       291       0         0         0         0         0         
1      718       649       46783     189       189       0         0         0         0         0         
1      759       503       46783     131       52        0         0         0         0         0         
1      622       479       46783     280       52        0         0         0         0         0         
1      1003      896       46783     291       291       0         0         0         0         0         
1      347       246       46783     299       266       0         0         0         0         0         
1      605       697       46783     189       189       0         0         0         0         0         
1      866       722       46783     290       290       0         0         0         0         0         
2      947       698       46784     290       189       0         0         0         0         0         
1      228       718       46784     266       189       0         0         0         0         0         
1      293       722       46784     87        290       0         0         0         0         0         
1      699       533       46784     290       199       0         0         0         0         0         
1      557       696       46784     189       189       0         0         0         0         0         
1      498       526       46784     52        52        0         0         0         0         0         
1      604       417       46784     189       100       0         0         0         0         0         
3      749       198       46785     290       178       0         0         0         0         0         
1      119       141       46785     286       54        0         0         0         0         0         
1      624       925       46785     189       290       0         0         0         0         0         
1      652       926       46785     189       290       0         0         0         0         0         
1      570       760       46785     52        291       0         0         0         0         0         
2      526       622       46785     52        280       0         0         0         0         0         
1      839       991       46785     290       290       0         0         0         0         0         
1      621       621       46785     280       280       0         0         0         0         0         
3      749       198       46785     290       178       0         0         0         0         0         
2      333       460       46786     119       189       0         0         0         0         0         
1      347       431       46786     299       52        0         0         0         0         0         
1      617       116       46786     131       9         0         0         0         0         0         
4      768       680       46787     290       290       0         0         0         0         0         
1      439       534       46787     189       199       0         0         0         0         0         
1      353       440       46787     119       168       0         0         0         0         0         
1      813       722       46787     290       290       0         0         0         0         0         
1      175       307       46787     266       127       0         0         0         0         0         
1      790       813       46787     290       290       0         0         0         0         0         
1      695       580       46788     189       189       0         0         0         0         0         
1      1230      749       46788     129       290       0         0         0         0         0         
1      597       732       46788     131       131       0         0         0         0         0         
1      850       1088      46789     291       291       0         0         0         0         0         
1      395       462       46789     100       189       0         0         0         0         0         
1      573       394       46789     189       100       0         0         0         0         0         
3      271       458       46789     127       52        0         0         0         0         0         
2      271       458       46789     127       52        0         0         0         0         0         
1      307       230       46790     127       266       0         0         0         0         0         
2      904       696       46790     290       189       0         0         0         0         0         
1      189       411       46790     286       52        0         0         0         0         0         
1      991       923       46790     290       290       0         0         0         0         0         
1      850       916       46791     291       291       0         0         0         0         0         
1      532       482       46791     199       189       0         0         0         0         0         
1      1530      1488      46791     296       296       0         0         0         0         0         
1      881       720       46791     290       290       0         0         0         0         0         
2      549       435       46791     52        52        0         0         0         0         0         
1      373       393       46792     119       52        0         0         0         0         0         
2      416       628       46792     100       189       0         0         0         0         0         
3      673       771       46792     189       290       0         0         0         0         0         
3      673       771       46792     189       290       0         0         0         0         0         
1      621       79        46793     280       98        0         0         0         0         0         
1      475       412       46793     52        52        0         0         0         0         0         
4      695       231       46793     189       266       0         0         0         0         0         
3      950       970       46794     290       290       0         0         0         0         0         
1      392       330       46794     52        127       0         0         0         0         0         
2      742       1004      46794     290       291       0         0         0         0         0         
3      230       346       46794     266       299       0         0         0         0         0         
3      950       970       46794     290       290       0         0         0         0         0         
1      433       552       46794     52        189       0         0         0         0         0         
1      760       1023      46794     291       291       0         0         0         0         0         
1      504       482       46795     52        189       0         0         0         0         0         
1      770       609       46795     290       189       0         0         0         0         0         
1      509       651       46795     199       189       0         0         0         0         0         
1      486       626       46795     199       189       0         0         0         0         0         
3      886       676       46796     290       189       0         0         0         0         0         
2      886       676       46796     290       189       0         0         0         0         0         
1      418       721       46796     168       290       0         0         0         0         0         
1      782       695       46796     291       189       0         0         0         0         0         
4      861       672       46796     290       189       0         0         0         0         0         
1      871       936       46796     291       291       0         0         0         0         0         
1      992       812       46796     290       290       0         0         0         0         0         
1      173       123       46796     286       54        0         0         0         0         0         
1      287       330       46796     299       127       0         0         0         0         0         
1      328       416       46798     299       100       0         0         0         0         0         
1      177       313       46798     207       87        0         0         0         0         0         
