COLUMNS

passenger_count
pickup_ID
dropoff_ID
ready_time_sec
pickup_district
dropoff_district
LDuals
IDuals
vehicle_ID
pick_position
drop_position

REQUESTS_INFO
3      747       622       48018     290       280       210       210       12        1         3         
3      250       250       47999     127       127       138       138       20        1         2         
2      546       620       47912     52        131       318       318       23        1         3         
1      545       508       47979     52        199       308       308       23        2         4         
1      991       1032      47987     290       84        132       132       26        1         2         
1      511       526       48027     199       52        115       115       38        1         2         
3      697       792       47997     189       290       199       199       39        1         3         
4      698       556       48009     189       199       188       188       40        1         2         
1      368       290       48018     299       127       185       185       45        1         2         
2      623       230       48024     280       266       163       163       46        1         3         
2      886       748       48004     290       290       194       194       56        1         2         
2      838       719       47915     290       189       279       279       84        1         2         
1      579       460       47994     189       189       160       160       92        1         3         
1      453       507       47975     52        189       202       202       94        1         4         
3      453       507       47987     52        189       190       190       94        2         3         
3      873       602       47941     291       189       230       230       107       1         2         
3      550       210       47921     189       266       200       200       108       1         3         
3      745       526       47859     290       52        354       354       125       1         3         
1      599       473       47998     280       52        194       194       126       1         2         
3      335       463       48003     119       168       203       203       140       1         3         
3      622       627       47999     280       189       166       166       156       1         2         
3      743       924       47997     290       290       170       170       167       1         3         
3      549       662       47969     52        131       246       246       174       1         2         
1      574       525       47975     189       52        252       252       193       1         3         
3      532       645       47886     199       280       300       300       205       1         2         
2      652       439       48015     189       189       180       180       210       1         3         
3      908       256       47909     290       87        296       296       243       1         2         
1      393       527       48019     52        52        163       163       250       1         3         
3      392       555       47822     52        199       363       363       250       2         4         
1      699       837       47990     290       290       167       167       252       1         3         
2      782       738       48017     291       189       165.5     165.5     267       1         4         
2      533       529       48000     199       189       199       199       312       1         2         
1      530       375       47941     189       119       234       234       316       1         3         
1      694       961       48000     189       291       183       183       320       1         3         
1      442       240       47924     168       87        268       268       365       1         2         
3      716       457       48007     189       52        195       195       370       1         2         
3      870       693       48017     291       280       214       214       378       1         2         
2      747       622       48018     290       280       158       158       392       1         4         
2      906       696       48015     290       189       172       172       410       1         3         
3      484       583       47855     189       189       327       327       411       1         3         
3      724       728       47879     290       290       306       306       415       1         2         
2      412       190       48016     52        286       168       168       444       1         2         
3      743       628       47872     290       189       292       292       445       1         3         
1      551       521       48029     189       52        212       212       454       1         2         
2      744       1106      47995     290       291       182       182       481       1         4         
1      700       748       47952     290       290       247       247       481       2         3         
4      1025      1022      47824     291       291       363       363       493       1         2         
2      393       308       47970     52        127       212       212       497       1         2         
3      293       200       47940     87        87        236       236       517       1         2         
4      1011      489       47990     84        199       174       174       521       1         2         
2      700       748       48003     290       290       196       196       528       1         3         
1      392       739       47899     52        189       216       216       530       1         5         
1      558       818       47993     189       290       151       151       531       1         3         
1      937       669       47998     291       280       170       170       532       1         4         
3      676       841       47911     189       290       280       280       536       1         2         
1      652       577       47984     189       189       211       211       550       1         2         
1      839       768       47913     290       290       271       271       553       1         3         
2      606       719       48021     189       189       158       158       572       1         4         
2      292       431       48026     87        52        149       149       578       1         2         
1      627       749       47982     189       290       147       147       586       1         4         
3      652       439       48015     189       189       184       184       591       2         4         
4      549       715       47902     52        131       318       318       608       1         2         
1      414       237       48001     100       87        139       139       610       1         3         
1      1055      1129      48029     84        291       146       146       611       1         2         
1      582       332       48017     189       87        169       169       612       1         3         
1      811       722       47939     290       290       234       234       619       1         3         
4      352       768       47997     119       290       208       208       627       1         2         
1      904       857       48023     290       290       143       143       646       1         2         
3      504       328       48017     52        299       224       224       653       1         3         
2      694       623       48023     189       280       190       190       658       1         2         
1      582       160       47981     189       54        205       205       668       1         3         
1      960       1227      47999     291       192       168       168       669       1         2         
1      768       884       47995     290       290       185       185       678       1         2         
2      883       717       48015     290       189       155       155       680       1         4         
3      907       1037      47731     290       84        474       474       684       1         2         
1      720       836       47918     290       290       265       265       686       1         3         
1      326       481       47978     299       189       206       206       700       1         3         
2      484       443       47934     189       168       248       248       705       1         3         
4      652       485       48022     189       189       180       180       718       1         2         
4      462       722       47952     189       290       258       258       722       1         2         
2      648       713       48012     189       131       142       142       723       1         2         
1      533       671       48010     199       280       179       179       724       1         4         
1      387       408       47932     299       299       266       266       726       1         2         
1      818       698       47911     290       189       271       271       734       1         2         
1      949       512       47970     290       199       136       136       735       1         2         
1      1189      1155      47957     192       129       200       200       752       1         2         
2      694       645       47915     189       280       298       298       757       1         2         
1      662       1660      48021     131       142       153       153       766       1         3         
3      905       718       47993     290       189       176       176       767       1         3         
2      760       646       48016     291       280       183       183       768       1         3         
2      950       780       47991     290       291       174       174       796       1         3         
2      430       139       47919     52        57        218       218       798       1         3         
1      192       117       48005     266       286       156       156       804       1         3         
1      606       746       48008     189       290       171       171       814       1         2         
2      1058      925       47940     84        290       221       221       818       1         2         
1      352       676       47972     119       189       194       194       822       1         3         
1      697       923       47966     189       290       176       176       823       1         3         
3      745       526       47859     290       52        354       354       838       1         3         
2      847       648       48017     291       189       189       189       844       1         3         
1      505       663       47942     52        131       244       244       847       1         4         
1      549       694       48017     52        189       166       166       853       1         3         
2      475       717       47935     52        189       233       233       856       1         4         
1      511       350       47888     199       127       236       236       858       1         4         
3      838       719       47915     290       189       279       279       865       1         2         
3      504       328       48017     52        299       224       224       883       1         2         
1      505       834       48027     52        290       177       177       885       2         5         
2      812       721       48019     290       290       141       141       916       1         2         
3      461       507       47923     189       189       256       256       924       1         2         
1      780       946       48022     291       290       154       154       926       1         3         
2      552       535       47980     189       189       247       247       929       1         3         
1      791       905       48017     290       290       152       152       936       1         3         
1      670       580       48022     280       189       142       142       938       1         3         
1      696       351       48022     189       52        145       145       940       1         4         
2      549       662       47969     52        131       217       217       945       1         2         
1      850       818       47993     291       290       138       138       948       1         4         
3      570       667       48022     52        131       233       233       950       1         2         
3      779       461       47946     131       189       242       242       970       1         3         
1      505       575       47887     52        189       349       349       987       1         3         
3      622       627       47999     280       189       166       166       1001      1         2         
3      509       858       47853     199       290       381       381       1014      1         2         
2      173       458       48020     286       52        98        98        1018      1         2         
1      498       435       48028     52        52        195       195       1023      1         2         
1      309       313       48004     127       87        207       207       1039      1         2         
2      870       693       48017     291       280       188       188       1041      1         2         
4      558       116       48022     189       9         178       178       1045      1         2         
3      504       436       47993     52        100       184       184       1049      1         2         
1      409       506       47998     52        189       189       189       1055      1         2         
1      558       372       47964     189       119       211       211       1060      1         3         
1      837       862       48001     290       290       182       182       1062      1         3         
1      138       527       48020     57        52        130       130       1067      1         2         
1      913       824       47993     291       291       193       193       1076      1         2         
1      801       871       48000     291       291       143       143       1084      1         2         
1      767       958       47912     290       291       251       251       1096      1         3         
2      841       1001      48030     290       291       0         0         0         0         0         
1      790       651       48030     290       189       0         0         0         0         0         
4      534       671       48030     199       280       0         0         0         0         0         
1      1012      626       48030     84        189       0         0         0         0         0         
1      720       172       48030     290       286       0         0         0         0         0         
1      574       510       48031     189       199       0         0         0         0         0         
1      308       292       48031     127       87        0         0         0         0         0         
1      669       688       48031     280       131       0         0         0         0         0         
3      605       535       48032     189       189       0         0         0         0         0         
1      698       743       48032     189       290       0         0         0         0         0         
3      123       399       48032     54        168       0         0         0         0         0         
3      123       399       48032     54        168       0         0         0         0         0         
1      874       1046      48032     291       291       0         0         0         0         0         
2      654       771       48032     189       290       0         0         0         0         0         
1      232       97        48033     266       9         0         0         0         0         0         
1      694       581       48033     189       189       0         0         0         0         0         
2      717       847       48033     189       291       0         0         0         0         0         
3      231       412       48033     266       52        0         0         0         0         0         
3      231       412       48033     266       52        0         0         0         0         0         
1      891       873       48033     291       291       0         0         0         0         0         
1      709       649       48033     131       189       0         0         0         0         0         
3      717       527       48034     189       52        0         0         0         0         0         
3      717       527       48034     189       52        0         0         0         0         0         
1      134       903       48034     9         290       0         0         0         0         0         
1      1290      1195      48034     129       129       0         0         0         0         0         
1      699       439       48034     290       189       0         0         0         0         0         
1      369       458       48034     52        52        0         0         0         0         0         
1      894       724       48034     291       290       0         0         0         0         0         
3      647       618       48035     280       131       0         0         0         0         0         
3      647       618       48035     280       131       0         0         0         0         0         
1      557       523       48035     189       52        0         0         0         0         0         
1      687       116       48035     131       9         0         0         0         0         0         
1      580       417       48035     189       100       0         0         0         0         0         
1      767       970       48035     290       290       0         0         0         0         0         
4      814       970       48035     290       290       0         0         0         0         0         
1      665       778       48036     131       131       0         0         0         0         0         
1      628       697       48036     189       189       0         0         0         0         0         
1      693       827       48036     280       291       0         0         0         0         0         
4      527       535       48036     52        189       0         0         0         0         0         
2      580       164       48036     189       178       0         0         0         0         0         
1      712       672       48036     131       189       0         0         0         0         0         
3      580       164       48036     189       178       0         0         0         0         0         
1      758       526       48037     131       52        0         0         0         0         0         
2      816       896       48037     290       291       0         0         0         0         0         
1      34        649       48038     98        189       0         0         0         0         0         
2      388       526       48038     299       52        0         0         0         0         0         
1      155       195       48038     286       207       0         0         0         0         0         
1      336       439       48038     277       189       0         0         0         0         0         
1      628       440       48039     189       168       0         0         0         0         0         
1      698       912       48039     189       291       0         0         0         0         0         
1      723       769       48039     290       290       0         0         0         0         0         
1      745       699       48039     290       290       0         0         0         0         0         
1      1025      840       48039     291       290       0         0         0         0         0         
1      652       35        48039     189       98        0         0         0         0         0         
1      330       32        48039     127       98        0         0         0         0         0         
3      604       894       48039     189       291       0         0         0         0         0         
3      604       894       48039     189       291       0         0         0         0         0         
3      78        578       48040     9         189       0         0         0         0         0         
2      720       669       48040     290       280       0         0         0         0         0         
1      250       421       48040     127       168       0         0         0         0         0         
1      1088      972       48040     291       290       0         0         0         0         0         
3      78        578       48040     9         189       0         0         0         0         0         
3      720       669       48040     290       280       0         0         0         0         0         
1      837       887       48040     290       290       0         0         0         0         0         
1      1053      969       48041     84        290       0         0         0         0         0         
2      780       873       48041     291       291       0         0         0         0         0         
1      430       575       48041     52        189       0         0         0         0         0         
2      792       602       48042     290       189       0         0         0         0         0         
1      847       895       48042     291       291       0         0         0         0         0         
1      781       577       48043     291       189       0         0         0         0         0         
1      549       460       48043     52        189       0         0         0         0         0         
1      818       138       48043     290       57        0         0         0         0         0         
1      718       676       48043     189       189       0         0         0         0         0         
1      223       416       48043     87        100       0         0         0         0         0         
2      410       623       48044     52        280       0         0         0         0         0         
3      410       623       48044     52        280       0         0         0         0         0         
1      276       529       48044     87        189       0         0         0         0         0         
1      48        973       48044     98        84        0         0         0         0         0         
1      289       811       48044     127       290       0         0         0         0         0         
1      959       737       48045     291       189       0         0         0         0         0         
1      287       267       48045     299       266       0         0         0         0         0         
1      271       312       48046     127       87        0         0         0         0         0         
2      438       531       48046     100       189       0         0         0         0         0         
1      949       713       48046     290       131       0         0         0         0         0         
1      696       779       48046     189       131       0         0         0         0         0         
1      415       269       48046     100       127       0         0         0         0         0         
2      914       717       48047     291       189       0         0         0         0         0         
1      352       399       48047     119       168       0         0         0         0         0         
1      457       597       48047     52        131       0         0         0         0         0         
1      377       443       48047     168       168       0         0         0         0         0         
3      914       717       48047     291       189       0         0         0         0         0         
1      295       291       48047     87        87        0         0         0         0         0         
2      739       606       48048     189       189       0         0         0         0         0         
1      408       436       48048     299       100       0         0         0         0         0         
2      527       693       48049     52        280       0         0         0         0         0         
1      834       981       48049     290       291       0         0         0         0         0         
1      647       306       48049     280       299       0         0         0         0         0         
1      676       531       48049     189       189       0         0         0         0         0         
2      827       791       48049     291       290       0         0         0         0         0         
1      650       527       48049     189       52        0         0         0         0         0         
2      432       412       48050     52        52        0         0         0         0         0         
1      556       623       48050     199       280       0         0         0         0         0         
1      674       811       48050     189       290       0         0         0         0         0         
1      285       505       48050     299       52        0         0         0         0         0         
1      483       372       48051     189       119       0         0         0         0         0         
3      551       459       48051     189       189       0         0         0         0         0         
3      628       567       48052     189       52        0         0         0         0         0         
2      580       417       48052     189       100       0         0         0         0         0         
1      210       269       48052     266       127       0         0         0         0         0         
1      551       626       48052     189       189       0         0         0         0         0         
2      275       160       48052     87        54        0         0         0         0         0         
1      99        162       48052     286       178       0         0         0         0         0         
2      727       418       48053     290       168       0         0         0         0         0         
1      837       968       48053     290       290       0         0         0         0         0         
1      30        662       48053     9         131       0         0         0         0         0         
1      792       812       48053     290       290       0         0         0         0         0         
1      738       599       48054     189       280       0         0         0         0         0         
1      914       805       48054     291       291       0         0         0         0         0         
1      464       557       48054     168       189       0         0         0         0         0         
1      513       600       48054     199       280       0         0         0         0         0         
1      1026      675       48054     291       189       0         0         0         0         0         
1      720       923       48055     290       290       0         0         0         0         0         
1      531       697       48055     189       189       0         0         0         0         0         
1      696       602       48055     189       189       0         0         0         0         0         
2      317       373       48055     277       119       0         0         0         0         0         
3      317       373       48055     277       119       0         0         0         0         0         
3      475       116       48056     52        9         0         0         0         0         0         
2      369       176       48056     52        174       0         0         0         0         0         
2      716       509       48056     189       199       0         0         0         0         0         
3      475       116       48056     52        9         0         0         0         0         0         
2      437       269       48056     100       127       0         0         0         0         0         
3      9         604       48057     98        189       0         0         0         0         0         
1      415       156       48058     100       286       0         0         0         0         0         
2      580       421       48058     189       168       0         0         0         0         0         
1      723       970       48058     290       290       0         0         0         0         0         
1      795       575       48058     290       189       0         0         0         0         0         
1      550       745       48059     189       290       0         0         0         0         0         
1      126       83        48059     178       98        0         0         0         0         0         
2      96        526       48059     9         52        0         0         0         0         0         
1      872       1106      48059     291       291       0         0         0         0         0         
3      96        526       48059     9         52        0         0         0         0         0         
