COLUMNS

passenger_count
pickup_ID
dropoff_ID
ready_time_sec
pickup_district
dropoff_district
LDuals
IDuals
vehicle_ID
pick_position
drop_position

REQUESTS_INFO
1      616       556       44294     131       189       259       259       0         1         2         
3      926       1161      44130     290       84        688.346   688.346   5         1         3         
2      768       530       44285     290       189       476.5     476.5     9         1         3         
4      582       234       44249     189       206       459.5     459.5     10        1         2         
4      628       455       44161     189       52        591       591       12        1         2         
3      694       600       44287     189       280       405       405       22        1         3         
3      1089      1045      44218     291       291       442.265   442.265   24        1         3         
1      1089      925       44281     291       290       387.765   387.765   24        2         4         
1      836       722       44322     290       290       347.055   347.055   25        1         3         
3      812       652       44225     290       189       547.828   547.828   25        2         4         
1      1107      198       44290     291       87        355.265   355.265   26        1         2         
3      925       699       44267     290       290       503.606   503.606   27        1         3         
1      838       486       44334     290       199       418.055   418.055   27        2         4         
2      549       556       44328     131       189       237       237       33        1         3         
4      349       576       44203     52        280       349.5     349.5     34        1         2         
1      618       507       44294     131       189       287.5     287.5     36        1         3         
3      641       488       44289     131       199       337.5     337.5     36        2         4         
3      694       600       44287     189       280       405       405       37        1         3         
1      596       454       44190     131       52        321.5     321.5     39        1         2         
3      639       622       44285     131       280       342       342       43        1         2         
1      841       717       44184     290       189       537.923   537.923   45        1         5         
1      631       332       44294     189       119       332.25    332.25    47        1         3         
3      882       526       44086     290       52        670.887   670.887   56        1         3         
2      534       581       44288     199       189       352.5     352.5     57        1         3         
3      142       527       44299     178       189       180.5     180.5     59        1         3         
3      330       694       44297     52        189       293.5     293.5     62        1         2         
1      770       400       44279     290       168       470.375   470.375   63        1         4         
1      699       330       44282     290       52        358.5     358.5     64        1         5         
3      527       768       44338     189       290       248       248       69        1         4         
1      509       630       44306     199       189       320.5     320.5     69        2         3         
1      345       523       44323     299       52        247.5     247.5     71        1         2         
1      984       847       44216     291       291       305.5     305.5     74        1         3         
3      1141      1077      44277     84        84        387.515   387.515   75        1         2         
3      852       460       44288     291       189       395.5     395.5     81        1         3         
1      805       476       44283     291       52        340.765   340.765   83        1         3         
1      34        479       44263     98        52        183       183       85        1         2         
4      1001      788       44252     291       290       436.029   436.029   87        1         2         
1      651       917       44280     189       291       424.125   424.125   88        1         3         
3      676       440       44337     290       189       391.5     391.5     91        1         2         
1      701       353       44258     290       119       340       340       92        1         3         
1      1107      1023      44333     291       291       320.265   320.265   93        1         3         
1      1107      1001      44273     291       291       386.765   386.765   93        2         4         
3      724       235       44334     290       87        414.5     414.5     95        1         3         
1      1002      892       44339     291       291       209.765   209.765   100       1         3         
1      633       626       44151     189       189       607.5     607.5     102       1         3         
1      208       415       44285     266       189       235       235       103       1         2         
3      892       1024      44338     291       291       335.5     335.5     112       1         3         
1      768       607       44313     290       189       397.5     397.5     116       1         3         
3      768       530       44285     290       189       476.912   476.912   116       2         4         
3      369       306       44310     52        299       269.5     269.5     118       1         2         
1      713       22        44209     131       98        495.5     495.5     120       1         4         
2      273       501       44335     87        52        194.5     194.5     122       1         2         
1      992       887       44324     84        290       435.817   435.817   128       1         3         
2      992       814       44312     84        290       439.212   439.212   128       2         4         
1      948       195       44236     290       207       517.291   517.291   133       1         4         
3      948       886       44311     290       290       449.106   449.106   133       2         3         
1      457       904       44293     52        290       290.5     290.5     134       1         2         
2      841       395       44322     290       100       403.923   403.923   135       1         4         
1      839       748       44323     290       290       378.555   378.555   136       1         3         
3      839       894       44130     290       291       678.265   678.265   136       2         4         
1      365       308       44251     299       127       265.5     265.5     138       1         2         
3      601       916       44238     280       291       412       412       139       1         3         
3      626       513       44195     189       189       506.5     506.5     144       1         2         
3      1141      1077      44277     84        84        387.515   387.515   145       1         2         
2      863       909       44133     290       290       619.923   619.923   151       1         3         
3      1002      884       44006     291       290       572.265   572.265   156       1         4         
1      1002      904       44264     291       290       307.765   307.765   156       2         3         
3      463       219       44233     199       87        399       399       157       1         2         
3      926       1161      44130     290       84        688.346   688.346   159       1         3         
1      959       1090      44314     291       291       287.265   287.265   160       1         4         
2      892       687       44224     291       131       329       329       165       1         2         
4      793       609       44092     290       189       722.5     722.5     166       1         2         
1      959       782       44224     291       291       389.265   389.265   174       1         3         
1      604       882       44311     189       290       345       345       176       1         2         
1      607       251       44297     189       127       369.625   369.625   178       1         3         
3      345       161       44316     299       178       254.5     254.5     179       1         3         
2      672       527       44135     189       189       519       519       181       1         3         
3      626       513       44195     189       189       506.5     506.5     183       1         2         
1      876       691       44335     291       131       259       259       188       1         2         
1      482       234       44332     189       206       272       272       190       1         3         
1      924       651       44325     290       189       347.857   347.857   191       1         3         
3      882       526       44086     290       52        672.765   672.765   191       2         4         
3      35        213       44223     98        266       202       202       192       1         2         
1      545       576       44262     52        280       431       431       197       1         2         
2      458       1106      44273     52        291       284.5     284.5     198       1         3         
1      679       985       44236     290       291       434.423   434.423   199       1         3         
1      1167      904       44330     291       290       361       361       201       1         2         
2      760       440       44306     291       189       354       354       207       1         4         
2      760       650       44289     291       189       409.5     409.5     207       2         3         
2      484       598       44281     189       280       324       324       214       1         2         
1      1068      434       44235     291       52        469.265   469.265   217       1         3         
1      969       813       44309     290       290       421.529   421.529   218       1         2         
1      233       651       44328     206       189       145       145       221       1         2         
1      584       181       44205     189       87        390       390       223       1         3         
1      865       984       44283     290       291       326       326       225       1         3         
1      909       948       44277     290       290       388.055   388.055   226       1         3         
2      714       529       44320     131       189       230       230       228       1         3         
1      526       645       44288     52        280       252.5     252.5     229       1         3         
2      549       668       44241     131       131       344.5     344.5     229       2         5         
1      556       669       44328     189       280       314       314       237       1         2         
1      970       838       44103     290       290       695.765   695.765   239       1         3         
1      948       699       44225     290       290       559.423   559.423   239       2         4         
2      505       394       44331     52        100       306.5     306.5     242       1         2         
1      512       709       44253     189       131       399.5     399.5     246       1         3         
3      673       725       44322     189       290       342.75    342.75    253       1         3         
1      455       652       44333     52        189       197       197       255       1         3         
1      537       534       44336     189       199       311.625   311.625   256       1         3         
1      559       286       44310     189       299       347.875   347.875   256       2         5         
3      308       532       44328     127       189       225.5     225.5     258       1         3         
1      308       692       44275     127       189       269.5     269.5     258       2         4         
2      804       1067      44254     291       291       316.765   316.765   259       1         4         
1      1001      850       44238     291       291       392.765   392.765   260       1         2         
1      675       835       44271     290       290       409.364   409.364   261       1         4         
3      700       813       44156     290       290       595.828   595.828   261       2         3         
3      646       526       44237     280       52        304       304       264       1         3         
1      231       1023      44338     127       291       145       145       275       1         2         
3      327       364       44231     299       299       264.5     264.5     279       1         2         
1      156       328       44327     266       299       220.5     220.5     281       1         2         
1      1090      893       44174     291       291       407.765   407.765   283       1         3         
1      1107      913       44327     291       291       330.265   330.265   283       2         4         
1      861       746       44231     290       290       467.555   467.555   285       1         3         
3      927       702       44195     290       290       606.265   606.265   285       2         4         
1      747       575       44203     290       280       603.368   603.368   286       1         4         
3      747       608       44306     290       189       454.324   454.324   286       2         3         
2      606       767       44209     189       290       445.125   445.125   288       1         2         
1      850       393       44257     291       100       374.5     374.5     290       1         4         
1      458       649       44286     52        189       299       299       293       1         2         
2      981       1213      44254     291       129       354.5     354.5     299       1         3         
1      392       397       44337     100       168       238       238       300       1         3         
2      532       416       44334     189       189       284       284       302       1         2         
3      35        213       44223     98        266       202       202       306       1         2         
3      760       849       44257     291       291       441.5     441.5     312       1         3         
1      532       629       44321     189       189       298       298       314       1         3         
2      915       1107      44317     291       291       303.265   303.265   321       1         3         
2      1044      1207      44153     291       192       486.265   486.265   321       2         4         
1      909       835       44282     290       290       349.5     349.5     327       1         4         
2      212       485       44241     266       199       243       243       334       1         3         
1      850       721       44335     291       290       296.5     296.5     335       1         2         
2      347       606       44230     299       189       348.5     348.5     341       1         3         
3      463       219       44233     199       87        399       399       342       1         3         
2      1130      185       44194     291       87        562.765   562.765   344       1         3         
1      412       801       44328     52        291       209       209       345       1         4         
1      412       621       44274     52        280       263       263       345       2         3         
3      1107      1026      44239     291       291       439       439       346       1         2         
1      479       374       44239     52        168       328.5     328.5     347       1         3         
1      485       828       44287     199       291       363       363       349       1         3         
3      598       276       44176     280       87        400.5     400.5     350       1         2         
1      672       1070      44307     189       291       347       347       352       1         4         
2      191       198       44328     266       87        162.5     162.5     358       1         2         
1      927       838       44287     290       290       408.132   408.132   364       1         4         
1      927       557       44165     290       189       542.714   542.714   364       2         5         
1      330       608       44206     52        189       327.5     327.5     370       1         3         
1      645       549       44269     280       131       288.875   288.875   374       1         2         
1      228       119       44308     266       286       162.5     162.5     375       1         2         
2      1187      1217      44265     192       129       458       458       381       1         2         
1      760       239       44238     291       87        427.5     427.5     392       1         5         
1      760       604       44201     291       189       434.5     434.5     392       2         4         
1      1002      1108      44279     291       291       297.765   297.765   394       1         4         
1      526       668       44257     52        131       292       292       404       1         3         
1      690       413       44318     131       52        277.5     277.5     408       1         3         
1      391       664       44227     52        131       312.5     312.5     410       1         3         
2      464       745       44255     199       290       375.5     375.5     411       1         3         
1      1187      664       44235     192       131       422.765   422.765   412       1         3         
2      673       725       44322     189       290       340.75    340.75    418       1         3         
2      673       791       44307     189       290       357.75    357.75    418       2         4         
1      1011      838       44197     84        290       548.765   548.765   420       1         4         
2      1010      858       44176     84        290       568.765   568.765   420       2         3         
1      896       699       44322     291       290       336.765   336.765   423       1         2         
2      626       482       44237     189       189       367       367       424       1         3         
1      939       937       44278     291       291       293.5     293.5     426       1         2         
2      1044      748       44257     291       290       370.765   370.765   427       1         4         
1      1044      959       44318     291       291       291.5     291.5     427       2         3         
3      727       909       44213     290       290       462.5     462.5     431       1         2         
1      759       194       44325     291       266       316       316       432       1         2         
3      603       583       44136     189       189       630.625   630.625   442       1         3         
1      1129      677       44253     291       290       413.765   413.765   446       1         3         
3      308       532       44328     127       189       225.5     225.5     448       1         2         
2      697       269       44161     189       127       601.875   601.875   449       1         4         
4      486       597       44329     199       131       360       360       450       1         2         
1      442       329       44279     199       127       334.5     334.5     453       1         5         
1      442       486       44312     199       199       303       303       453       2         3         
1      859       969       44333     290       290       186       186       458       1         3         
4      526       593       44194     52        131       371       371       460       1         2         
1      1148      615       44311     291       131       379.132   379.132   462       1         3         
3      1128      526       44242     291       52        448.132   448.132   462       2         4         
3      817       701       44122     290       290       655.265   655.265   463       1         3         
1      991       533       44329     84        199       378.765   378.765   469       1         3         
4      376       347       44145     168       299       605.5     605.5     474       1         2         
1      723       905       44274     290       290       441.5     441.5     479       1         4         
1      723       816       44218     290       290       474.5     474.5     479       2         3         
3      551       213       44269     189       266       385       385       481       1         3         
3      670       531       44218     189       189       448.75    448.75    482       1         3         
3      881       790       44270     290       290       489.887   489.887   484       1         2         
1      197       377       44291     178       168       212.5     212.5     485       1         3         
1      668       895       44299     131       291       342       342       488       1         3         
2      760       643       44246     291       131       481.5     481.5     491       1         4         
1      760       646       44197     291       280       471       471       491       2         3         
1      581       420       44338     189       168       322.625   322.625   493       1         3         
1      624       507       44243     280       189       372.875   372.875   494       1         4         
2      441       433       44276     168       52        312       312       496       1         4         
2      397       415       44301     168       189       327       327       496       2         3         
1      929       387       44313     290       52        275.5     275.5     498       1         3         
1      650       746       44224     189       290       499.125   499.125   509       1         4         
1      650       838       44259     189       290       367.75    367.75    509       2         5         
1      473       893       44338     52        291       259.5     259.5     510       1         2         
3      858       896       44054     290       291       816.5     816.5     514       1         3         
1      481       532       44317     52        189       242.5     242.5     515       1         2         
4      782       627       44206     291       189       522.5     522.5     518       1         2         
1      686       780       44268     131       291       225       225       519       1         2         
3      551       399       44289     189       168       365       365       523       1         2         
3      355       655       44287     168       290       409       409       525       1         3         
1      133       574       44282     9         280       206       206       530       1         2         
1      116       387       44319     9         52        140       140       538       1         2         
3      969       865       44141     290       290       614.606   614.606   541       1         4         
1      969       860       44147     290       290       576.529   576.529   541       2         3         
3      894       918       44222     291       291       411       411       549       1         3         
4      291       298       44212     127       277       304       304       552       1         2         
3      841       792       44113     290       290       682.872   682.872   557       1         3         
1      841       464       44229     290       199       453.923   453.923   557       2         4         
1      628       504       44189     189       52        445.125   445.125   566       1         3         
1      527       22        44314     189       98        235.5     235.5     568       1         3         
1      394       505       44253     100       52        356       356       569       1         2         
2      793       835       44319     290       290       440.881   440.881   570       1         3         
2      813       906       44325     290       290       434.811   434.811   570       2         4         
3      328       394       44319     299       100       229.5     229.5     573       1         2         
2      435       862       44268     52        290       371.5     371.5     574       1         2         
1      647       630       44254     280       189       379       379       579       1         3         
1      959       724       44256     291       290       359.5     359.5     588       1         2         
1      1119      994       44323     84        84        356.015   356.015   589       1         3         
3      1417      935       44325     129       291       257.765   257.765   591       1         2         
2      479       231       44103     52        127       436.5     436.5     599       1         2         
1      198       143       44338     87        178       139       139       601       1         3         
2      313       138       44279     119       54        265.5     265.5     607       1         3         
1      619       452       44230     131       52        377       377       610       1         3         
1      1088      1079      44296     291       84        345       345       613       1         2         
2      484       647       44268     189       280       396.5     396.5     624       1         3         
1      348       698       44332     299       290       227       227       628       1         3         
3      583       804       44176     189       291       454.625   454.625   631       1         3         
3      905       527       44328     290       189       430.265   430.265   632       1         3         
1      451       532       44303     52        189       229       229       636       1         3         
4      310       647       44321     127       280       243.5     243.5     639       1         2         
1      654       509       44261     290       199       454.25    454.25    650       1         3         
3      441       673       44273     168       189       396       396       661       1         2         
1      1137      940       44143     129       291       594.015   594.015   662       1         3         
3      531       552       44016     189       189       506       506       667       1         2         
2      858       627       44263     290       189       414.055   414.055   668       1         2         
3      462       417       44260     189       189       344       344       669       1         2         
3      551       616       44247     189       131       407       407       671       1         2         
3      760       440       44306     291       189       384       384       675       1         3         
1      1068      1003      44189     291       291       498.5     498.5     678       1         3         
3      1225      827       44079     192       291       606.5     606.5     683       1         2         
3      440       768       44193     189       290       452.5     452.5     697       1         3         
1      292       926       44332     87        290       199.5     199.5     698       1         2         
3      461       275       44265     189       87        386.5     386.5     699       1         3         
3      627       136       44192     189       286       362       362       701       1         3         
3      736       345       44240     131       299       489.5     489.5     706       1         4         
1      758       662       44313     291       131       332.5     332.5     706       2         3         
1      835       793       44201     290       290       552.423   552.423   711       1         3         
1      793       1212      44193     290       129       443.423   443.423   712       1         3         
1      947       723       44143     290       290       606.423   606.423   724       1         5         
1      947       885       44338     290       290       365.423   365.423   724       2         3         
2      488       746       44271     199       290       459       459       727       1         2         
1      863       605       44290     290       189       417.875   417.875   731       1         3         
3      442       457       44330     199       52        342       342       734       1         2         
2      369       306       44310     52        299       269.5     269.5     735       1         2         
1      897       577       44236     291       189       398       398       749       1         2         
1      745       992       44293     290       84        400.625   400.625   755       1         5         
1      792       887       44212     290       290       445.5     445.5     756       1         4         
1      531       655       44250     189       290       428       428       757       1         3         
2      355       655       44287     168       290       370       370       763       1         2         
1      618       712       44262     131       131       290       290       767       1         4         
1      781       1251      44292     291       129       307       307       768       1         3         
1      702       331       44323     290       52        379.625   379.625   771       1         4         
1      529       623       44336     189       280       251.5     251.5     774       1         3         
1      632       850       44219     189       291       421.625   421.625   778       1         4         
1      678       804       44314     290       291       431.125   431.125   778       2         3         
1      814       551       44324     290       189       360       360       779       1         4         
2      418       735       44209     168       131       458.5     458.5     785       1         3         
3      904       608       44202     290       189       528.265   528.265   787       1         4         
1      813       607       44334     290       189       418.555   418.555   787       2         3         
3      333       570       44289     119       131       258.5     258.5     789       1         3         
1      850       813       44233     291       290       398.5     398.5     790       1         3         
3      813       926       44139     290       290       665.5     665.5     790       2         4         
2      508       457       44267     189       52        374.5     374.5     795       1         3         
2      9         508       44288     98        189       214       214       798       1         2         
1      391       232       44327     52        127       256       256       803       1         3         
2      461       674       44333     189       189       312       312       807       1         2         
3      769       607       44214     290       189       573.893   573.893   808       1         4         
1      746       632       44102     290       189       651.299   651.299   808       2         3         
2      545       192       44281     52        266       377.5     377.5     811       1         2         
3      578       393       44258     189       100       400       400       815       1         3         
2      1068      546       44259     291       52        428.5     428.5     820       1         2         
3      512       454       44178     189       52        548       548       823       1         3         
1      458       673       44304     52        189       274.5     274.5     826       1         3         
3      699       156       44218     290       266       525.25    525.25    829       1         4         
1      723       623       44240     290       280       484.75    484.75    829       2         3         
1      63        615       44319     98        131       197       197       835       1         2         
2      608       771       44196     189       290       583.375   583.375   837       1         5         
1      608       559       44232     189       189       402.75    402.75    837       2         4         
1      713       700       44322     131       290       326       326       839       1         3         
1      669       731       44294     280       131       347       347       846       1         3         
4      1142      816       44272     84        290       452.765   452.765   855       1         2         
2      158       505       44310     266       52        218       218       856       1         3         
3      938       1127      44245     291       291       400.5     400.5     859       1         2         
1      314       418       44270     119       168       335       335       863       1         2         
1      700       828       44327     290       291       398.5     398.5     868       1         4         
3      700       813       44156     290       290       606.5     606.5     868       2         3         
3      374       896       44296     168       291       343.5     343.5     869       1         3         
1      350       411       44304     52        52        252       252       882       1         2         
1      192       387       44259     266       52        278.5     278.5     884       1         2         
3      1025      579       44214     291       189       522.383   522.383   885       1         3         
4      852       940       44184     291       291       533.029   533.029   886       1         2         
3      817       631       43990     290       189       769.765   769.765   892       1         3         
1      840       627       44322     290       189       355.555   355.555   892       2         4         
1      194       374       44311     266       168       171.5     171.5     896       1         2         
1      626       395       44328     189       100       271.125   271.125   897       1         2         
1      750       180       44244     290       178       524.299   524.299   905       1         3         
1      605       960       44304     189       291       307.5     307.5     915       1         4         
3      624       780       44242     280       291       420.5     420.5     916       1         3         
1      459       441       44301     52        168       282       282       918       1         2         
3      1149      1281      44243     291       192       453.265   453.265   920       1         3         
3      527       116       44280     189       9         266.5     266.5     922       1         3         
3      1044      1047      44334     291       291       305.265   305.265   923       1         3         
1      311       324       44312     119       299       217       217       933       1         3         
1      645       418       44322     280       168       255       255       939       1         3         
1      398       370       44258     168       52        335.5     335.5     941       1         4         
3      397       415       44301     168       189       354       354       941       2         3         
1      1003      929       44190     291       290       395.765   395.765   942       1         3         
1      1026      259       44085     291       87        628.765   628.765   942       2         4         
1      557       138       44290     189       54        245       245       943       1         3         
1      649       555       44322     189       189       305.125   305.125   948       1         3         
1      697       559       44285     189       189       382       382       953       1         2         
3      760       849       44257     291       291       429.5     429.5     959       1         3         
1      560       670       44206     189       189       455.125   455.125   963       1         3         
1      959       691       44224     291       131       389.265   389.265   964       1         4         
1      959       873       44222     291       291       388.765   388.765   964       2         3         
1      1048      1101      44252     291       84        387       387       966       1         4         
2      971       1101      44146     84        84        568.529   568.529   966       2         3         
2      161       599       44325     178       280       125       125       968       1         2         
2      218       287       44328     87        299       201       201       970       1         3         
3      863       909       44133     290       290       708.118   708.118   972       1         3         
1      908       745       44160     290       290       640.875   640.875   972       2         4         
1      768       840       44326     290       290       389.923   389.923   978       1         4         
2      744       375       44328     290       168       394.25    394.25    979       1         4         
1      791       1002      44291     290       291       407.811   407.811   981       1         3         
2      641       488       44289     131       199       337.5     337.5     983       1         3         
1      556       1087      44146     189       291       484.5     484.5     988       1         3         
2      838       893       44117     290       291       661.311   661.311   990       1         4         
1      332       486       44314     119       199       210.5     210.5     991       1         2         
4      486       308       44198     199       127       491       491       996       1         2         
3      578       393       44258     189       100       378.5     378.5     1002      1         2         
1      523       873       44290     52        291       274       274       1003      1         3         
1      134       365       44315     286       299       164       164       1007      1         2         
1      534       607       44310     199       189       375.5     375.5     1009      1         2         
1      208       252       44299     266       127       221       221       1011      1         2         
3      1106      314       44269     291       119       419.765   419.765   1014      1         4         
1      1068      991       44286     291       84        401.5     401.5     1014      2         3         
1      479       145       44289     52        178       244.5     244.5     1018      1         3         
1      749       836       44257     290       290       418.375   418.375   1028      1         2         
1      463       389       44313     199       52        312       312       1031      1         4         
3      442       457       44330     199       52        342       342       1031      2         3         
1      546       459       44318     52        52        292.5     292.5     1033      1         3         
1      247       456       44319     299       52        218.5     218.5     1034      1         2         
1      10        117       44280     98        286       200       200       1035      1         2         
1      882       768       44238     290       290       415.055   415.055   1037      1         2         
3      1152      1149      44144     192       291       534.765   534.765   1038      1         3         
1      1168      970       44317     291       290       347.5     347.5     1038      2         4         
1      532       597       44199     189       131       428       428       1039      1         3         
3      839       894       44130     290       291       604.265   604.265   1041      1         3         
3      925       675       43945     290       290       917.846   917.846   1046      1         3         
3      558       328       44260     189       299       389.625   389.625   1049      1         2         
4      654       410       44294     290       52        445.5     445.5     1052      1         2         
3      724       235       44334     290       87        414.5     414.5     1056      1         3         
3      486       616       44321     199       131       368       368       1058      1         2         
3      486       616       44321     199       131       368       368       1059      1         2         
1      487       438       44283     199       189       392       392       1064      1         3         
3      1152      1149      44144     192       291       529       529       1065      1         2         
3      655       748       44224     290       290       507.125   507.125   1067      1         2         
1      908       78        44283     290       9         291.265   291.265   1075      1         3         
3      330       694       44297     52        189       293.5     293.5     1083      1         3         
3      771       881       44100     290       290       768.269   768.269   1085      1         3         
2      1128      527       44309     291       189       381.132   381.132   1087      1         3         
3      532       416       44334     189       189       347       347       1088      1         2         
2      1010      939       44069     84        291       662.265   662.265   1092      1         3         
1      697       417       44250     189       189       433.75    433.75    1094      1         3         
1      505       760       44294     52        291       300       300       1099      1         4         
3      905       819       44211     290       290       562.846   562.846   1100      1         3         
4      527       648       44231     189       280       377       377       1103      1         2         
2      767       961       44228     290       291       474.5     474.5     1105      1         3         
1      795       465       44317     290       199       392.875   392.875   1110      1         4         
3      551       399       44289     189       168       365       365       1112      1         2         
1      675       533       44305     290       199       267       267       1115      1         3         
2      698       486       44162     290       199       578.5     578.5     1115      2         4         
1      509       694       44289     199       189       394.5     394.5     1119      1         3         
1      391       511       44321     52        189       267.5     267.5     1122      1         2         
1      666       270       44328     131       127       262       262       1123      1         2         
1      760       826       44196     291       291       354.5     354.5     1126      1         2         
4      125       527       44310     54        189       167       167       1134      1         2         
2      650       98        44221     189       286       457       457       1135      1         3         
2      345       161       44316     299       178       254.5     254.5     1137      1         2         
2      312       527       44263     119       189       284.5     284.5     1138      1         3         
2      1025      579       44214     291       189       472.092   472.092   1141      1         2         
3      747       860       44110     290       290       677       677       1148      1         3         
1      780       908       44336     291       290       181.5     181.5     1150      1         4         
1      116       576       44304     9         280       155       155       1153      1         2         
1      251       116       44235     127       9         232.5     232.5     1154      1         2         
1      713       367       44327     131       52        321       321       1169      1         4         
1      713       571       44321     131       131       327       327       1169      2         3         
2      842       813       44263     290       290       478.923   478.923   1174      1         4         
2      818       771       44269     290       290       494.872   494.872   1174      2         3         
1      559       438       44329     189       189       328.875   328.875   1175      1         3         
1      534       600       44265     199       280       400.5     400.5     1180      1         3         
3      512       454       44178     189       52        548       548       1180      2         4         
3      904       608       44202     290       189       588.106   588.106   1183      1         3         
1      134       31        44279     286       98        200       200       1185      1         2         
1      676       793       44263     290       290       458.125   458.125   1189      1         3         
1      840       525       44325     290       52        278.5     278.5     1190      1         4         
1      527       731       44326     189       131       251.5     251.5     1194      1         3         
1      250       623       44265     127       280       208.5     208.5     1195      1         2         
1      688       327       44272     131       299       310.5     310.5     1199      1         3         
4      925       817       44207     290       290       612.081   571.092   0         0         0         
4      835       909       44215     290       290       600.871   560.633   0         0         0         
3      883       505       44251     290       52        552.914   515.887   0         0         0         
3      818       771       44269     290       290       530.391   494.872   0         0         0         
1      866       990       44269     290       290       530.391   494.872   0         0         0         
3      747       608       44306     290       189       486.933   454.324   0         0         0         
1      908       1218      44307     290       84        485.809   453.276   0         0         0         
3      948       886       44311     290       290       481.34    449.106   0         0         0         
2      863       995       44312     290       84        480.229   448.07    0         0         0         
3      812       699       44315     290       290       476.912   444.974   0         0         0         
1      887       924       44317     290       290       474.713   442.923   0         0         0         
3      841       395       44322     290       100       469.261   437.836   0         0         0         
3      813       906       44325     290       290       466.019   434.811   0         0         0         
3      813       1101      44329     290       84        461.732   430.811   0         0         0         
1      1097      583       44333     84        189       457.484   393.515   0         0         0         
1      788       230       44337     290       127       453.276   422.921   0         0         0         
1      210       408       44340     266       52        450.145   0         0         0         0         
1      465       393       44340     199       100       450.145   0         0         0         0         
1      674       723       44340     189       290       450.145   0         0         0         0         
1      827       1079      44340     291       84        450.145   0         0         0         0         
1      713       435       44341     131       52        449.106   0         0         0         0         
3      176       123       44341     266       54        449.106   0         0         0         0         
3      176       123       44341     266       54        449.106   0         0         0         0         
3      117       229       44341     286       266       449.106   0         0         0         0         
3      692       172       44341     189       286       449.106   0         0         0         0         
3      692       172       44341     189       286       449.106   0         0         0         0         
3      598       804       44341     280       291       449.106   0         0         0         0         
1      915       759       44341     291       291       449.106   0         0         0         0         
1      885       1199      44341     290       84        449.106   0         0         0         0         
1      314       528       44342     119       189       448.07    0         0         0         0         
4      338       332       44342     168       119       448.07    0         0         0         0         
1      827       1108      44342     291       291       448.07    0         0         0         0         
1      60        759       44342     9         291       448.07    0         0         0         0         
3      116       670       44343     9         189       447.035   0         0         0         0         
1      1076      908       44343     84        290       447.035   0         0         0         0         
1      488       629       44344     199       189       446.004   0         0         0         0         
2      701       527       44344     290       189       446.004   0         0         0         0         
1      699       556       44344     290       189       446.004   0         0         0         0         
1      506       534       44344     189       199       446.004   0         0         0         0         
3      486       444       44344     199       199       446.004   0         0         0         0         
3      486       444       44344     199       199       446.004   0         0         0         0         
1      390       176       44344     52        266       446.004   0         0         0         0         
1      479       21        44344     52        98        446.004   0         0         0         0         
1      419       534       44345     168       199       444.974   0         0         0         0         
3      387       230       44345     52        127       444.974   0         0         0         0         
3      673       510       44346     189       199       443.948   0         0         0         0         
3      760       771       44346     291       290       443.948   0         0         0         0         
3      760       771       44346     291       290       443.948   0         0         0         0         
1      860       914       44346     290       291       443.948   0         0         0         0         
3      814       827       44346     290       291       443.948   0         0         0         0         
3      814       827       44346     290       291       443.948   0         0         0         0         
2      598       247       44346     280       299       443.948   0         0         0         0         
1      145       276       44346     178       87        443.948   0         0         0         0         
1      837       972       44346     290       84        443.948   0         0         0         0         
2      794       610       44347     290       189       442.923   0         0         0         0         
1      577       688       44347     189       131       442.923   0         0         0         0         
1      690       772       44347     131       290       442.923   0         0         0         0         
3      534       655       44348     199       290       441.901   0         0         0         0         
2      903       895       44348     290       291       441.901   0         0         0         0         
1      959       1151      44348     291       291       441.901   0         0         0         0         
1      850       1127      44348     291       291       441.901   0         0         0         0         
1      926       133       44348     290       9         441.901   0         0         0         0         
1      1078      396       44349     84        189       440.881   0         0         0         0         
1      197       624       44349     178       280       440.881   0         0         0         0         
1      311       276       44349     119       87        440.881   0         0         0         0         
1      158       645       44350     266       280       439.864   0         0         0         0         
1      936       891       44350     291       291       439.864   0         0         0         0         
2      152       139       44351     286       266       438.848   0         0         0         0         
1      396       627       44352     189       189       437.836   0         0         0         0         
4      605       137       44352     189       286       437.836   0         0         0         0         
4      723       99        44352     290       286       437.836   0         0         0         0         
3      328       237       44352     299       87        437.836   0         0         0         0         
1      693       552       44353     189       189       436.825   0         0         0         0         
2      793       673       44353     290       189       436.825   0         0         0         0         
3      793       673       44353     290       189       436.825   0         0         0         0         
2      758       653       44353     291       189       436.825   0         0         0         0         
2      416       393       44353     189       100       436.825   0         0         0         0         
1      483       213       44353     189       266       436.825   0         0         0         0         
1      668       395       44354     131       100       435.817   0         0         0         0         
3      557       309       44354     189       127       435.817   0         0         0         0         
1      314       270       44354     119       127       435.817   0         0         0         0         
1      237       379       44354     87        168       435.817   0         0         0         0         
1      623       837       44354     280       290       435.817   0         0         0         0         
4      593       1045      44354     131       291       435.817   0         0         0         0         
3      333       346       44354     119       299       435.817   0         0         0         0         
2      816       573       44355     290       131       434.811   0         0         0         0         
2      512       480       44355     189       52        434.811   0         0         0         0         
1      479       744       44355     52        290       434.811   0         0         0         0         
2      353       239       44355     119       87        434.811   0         0         0         0         
2      604       415       44356     189       189       433.808   0         0         0         0         
1      277       214       44356     87        206       433.808   0         0         0         0         
1      875       605       44357     291       189       432.807   0         0         0         0         
2      573       668       44357     131       131       432.807   0         0         0         0         
1      604       859       44357     189       290       432.807   0         0         0         0         
1      254       555       44358     87        189       431.808   0         0         0         0         
1      593       498       44358     131       52        431.808   0         0         0         0         
1      194       115       44358     266       9         431.808   0         0         0         0         
1      1086      627       44359     291       189       430.811   0         0         0         0         
2      652       390       44359     189       52        430.811   0         0         0         0         
3      652       390       44359     189       52        430.811   0         0         0         0         
1      178       455       44359     178       52        430.811   0         0         0         0         
1      605       680       44359     189       290       430.811   0         0         0         0         
1      442       287       44359     199       299       430.811   0         0         0         0         
1      295       197       44359     119       178       430.811   0         0         0         0         
2      10        731       44360     98        131       429.817   0         0         0         0         
3      693       546       44360     189       52        429.817   0         0         0         0         
2      715       250       44360     131       127       429.817   0         0         0         0         
3      375       961       44360     168       291       429.817   0         0         0         0         
3      115       622       44361     9         280       428.825   0         0         0         0         
3      115       622       44361     9         280       428.825   0         0         0         0         
3      596       666       44362     131       131       427.835   0         0         0         0         
1      781       431       44362     291       52        427.835   0         0         0         0         
1      137       249       44362     286       127       427.835   0         0         0         0         
2      234       721       44362     206       290       427.835   0         0         0         0         
3      234       721       44362     206       290       427.835   0         0         0         0         
3      573       1169      44362     131       291       427.835   0         0         0         0         
2      624       559       44363     280       189       426.848   0         0         0         0         
1      116       535       44363     9         189       426.848   0         0         0         0         
2      598       352       44363     280       119       426.848   0         0         0         0         
1      441       791       44363     168       290       426.848   0         0         0         0         
2      717       387       44364     189       52        425.863   0         0         0         0         
2      207       498       44364     266       52        425.863   0         0         0         0         
1      485       249       44364     199       127       425.863   0         0         0         0         
1      174       100       44364     266       286       425.863   0         0         0         0         
4      81        135       44364     286       286       425.863   0         0         0         0         
3      905       949       44364     290       290       425.863   0         0         0         0         
3      905       949       44364     290       290       425.863   0         0         0         0         
1      286       908       44364     299       290       425.863   0         0         0         0         
1      757       915       44364     131       291       425.863   0         0         0         0         
1      233       31        44364     206       98        425.863   0         0         0         0         
1      355       439       44365     168       189       424.88    0         0         0         0         
1      698       508       44365     290       189       424.88    0         0         0         0         
2      248       597       44365     299       131       424.88    0         0         0         0         
2      292       691       44365     87        131       424.88    0         0         0         0         
3      292       691       44365     87        131       424.88    0         0         0         0         
1      389       827       44365     52        291       424.88    0         0         0         0         
2      287       217       44365     299       87        424.88    0         0         0         0         
2      1003      631       44366     291       189       423.9     0         0         0         0         
1      667       291       44366     131       127       423.9     0         0         0         0         
3      927       940       44366     290       291       423.9     0         0         0         0         
2      194       527       44367     266       189       422.921   0         0         0         0         
1      1110      732       44367     291       131       422.921   0         0         0         0         
2      874       725       44367     291       290       422.921   0         0         0         0         
1      724       527       44368     290       189       421.945   0         0         0         0         
1      702       554       44368     290       189       421.945   0         0         0         0         
3      802       528       44368     291       189       421.945   0         0         0         0         
1      607       453       44368     189       52        421.945   0         0         0         0         
1      237       373       44368     87        100       421.945   0         0         0         0         
2      66        140       44368     287       174       421.945   0         0         0         0         
3      66        140       44368     287       174       421.945   0         0         0         0         
4      969       838       44368     290       290       421.945   0         0         0         0         
3      693       546       44369     189       52        420.972   0         0         0         0         
1      246       451       44369     299       52        420.972   0         0         0         0         
1      794       175       44369     290       266       420.972   0         0         0         0         
1      392       946       44369     100       290       420.972   0         0         0         0         
1      767       862       44369     290       290       420.972   0         0         0         0         
1      782       915       44369     291       291       420.972   0         0         0         0         
