COLUMNS

passenger_count
pickup_ID
dropoff_ID
request_time_sec
pickup_district
dropoff_district
LDuals
IDuals
vehicle_ID
pick_position
drop_position

REQUESTS_INFO
1      980       848       31888     291       291       256.5     256.5     7         1         3         
3      1000      740       31789     291       50        375.5     375.5     7         2         4         
1      680       722       31830     290       290       278       278       44        1         3         
2      458       412       31829     52        52        175       175       45        1         2         
1      857       812       31885     290       290       239       239       60        1         2         
1      970       571       31837     290       52        312       312       62        1         4         
1      310       460       31852     127       189       208       208       68        1         2         
2      483       721       31774     189       290       245       245       72        1         3         
1      1128      916       31639     291       291       523       523       81        1         2         
1      484       393       31864     189       52        128       128       91        1         2         
1      1032      1178      31759     84        84        374       374       106       1         3         
1      811       947       31863     290       290       226       226       107       1         3         
1      478       507       31811     52        189       236       236       109       1         2         
3      970       938       31360     290       291       823       823       118       2         4         
1      1067      584       31821     291       189       314       314       121       2         4         
3      1000      740       31789     291       50        375.5     375.5     127       1         2         
1      745       670       31780     290       280       284       284       135       1         4         
1      801       576       31833     291       189       223.25    223.25    137       1         3         
2      801       574       31849     291       189       201       201       137       2         4         
1      1066      718       31824     291       189       323       323       140       1         3         
4      963       741       31665     50        50        497       497       142       1         2         
1      950       47        31833     290       98        329       329       146       1         3         
4      852       597       31739     291       131       361       361       157       1         2         
2      536       1015      31837     189       84        212       212       160       1         3         
1      905       1027      31739     290       50        422       422       174       1         4         
2      905       947       31864     290       290       297       297       174       2         3         
3      443       720       31805     168       290       222       222       179       1         2         
1      924       544       31766     290       52        364       364       186       1         4         
1      927       770       31524     290       290       661       661       188       1         3         
1      485       374       31817     189       119       193       193       189       1         3         
2      767       771       31805     290       290       267       267       190       1         3         
1      1011      836       31814     84        290       361       361       198       1         3         
1      1059      1181      31692     84        84        525       525       199       1         3         
1      780       530       31889     291       189       134       134       204       1         4         
1      726       673       31877     290       189       224       224       210       2         5         
3      1066      673       31745     291       189       402.5     402.5     216       1         3         
1      455       662       31799     52        131       194       194       220       1         3         
2      861       724       31864     290       290       305       305       225       1         2         
1      926       1032      31829     290       84        358       358       234       1         3         
1      768       604       31851     290       189       206       206       238       1         2         
1      236       461       31810     87        189       220       220       249       1         2         
1      767       947       31806     290       290       244       244       250       1         4         
2      1068      767       31803     291       290       417       417       265       1         4         
2      1068      1003      31805     291       291       358       358       265       2         3         
1      969       888       31836     290       290       336       336       270       1         3         
2      989       743       31886     50        290       320       320       270       2         4         
3      479       482       31804     52        189       254       254       271       1         2         
1      460       333       31852     189       119       200       200       285       1         2         
3      881       788       31831     290       290       327       327       286       1         2         
4      840       748       31831     290       290       338       338       290       1         2         
1      162       188       31887     178       286       152       152       291       1         2         
1      737       834       31870     189       290       144       144       304       1         3         
3      1206      1089      31740     192       291       399       399       306       1         3         
1      817       535       31335     290       189       799       799       307       1         3         
2      755       1250      31861     131       129       193       193       309       1         3         
2      702       441       31861     290       168       222       222       323       1         3         
1      702       314       31812     290       119       266       266       324       1         3         
1      929       209       31886     290       266       299       299       328       1         4         
2      298       271       31825     277       127       267       267       339       1         3         
3      483       721       31774     189       290       245       245       345       1         3         
2      618       647       31865     131       280       157       157       353       1         2         
1      409       545       31823     52        52        231       231       358       1         2         
2      309       576       31759     127       189       312       312       371       1         2         
3      549       643       31888     52        131       141       141       377       1         2         
1      524       408       31849     52        299       210       210       391       1         3         
3      721       504       31857     290       52        159       159       393       1         3         
2      1110      1168      31695     291       291       506       506       396       1         2         
1      455       125       31865     52        54        171       171       397       1         3         
1      1417      1087      31779     129       291       281       281       417       1         2         
2      950       815       31811     290       290       405       405       423       1         2         
2      782       811       31854     291       290       169       169       431       1         3         
1      782       559       31864     291       189       203       203       431       2         4         
1      273       737       31873     206       189       202       202       432       1         2         
1      690       510       31874     131       199       190       190       433       1         2         
3      1068      1010      31796     291       290       436       436       438       1         2         
1      916       716       31822     291       189       266.75    266.75    440       1         3         
2      1065      946       31839     291       290       341       341       448       1         3         
1      882       211       31717     290       266       348       348       456       1         4         
1      1055      813       31868     84        290       304       304       457       1         4         
3      992       1053      31829     290       84        406       406       457       2         3         
1      926       46        31722     290       98        465       465       460       1         4         
4      722       531       31652     290       189       410       410       469       1         2         
1      253       766       31808     206       290       228       228       470       1         4         
1      462       558       31861     189       189       160       160       477       1         3         
1      859       780       31804     290       291       328       328       480       1         3         
1      940       741       31728     291       50        404       404       500       1         3         
1      916       716       31795     291       189       293.75    293.75    505       1         3         
1      905       772       31781     290       290       365       365       508       2         3         
1      813       602       31814     290       189       324       324       510       1         3         
3      989       743       31886     50        290       320       320       525       1         2         
1      840       698       31810     290       189       349       349       529       1         3         
3      908       441       31496     290       168       733       733       529       2         4         
1      926       675       31721     290       189       466       466       555       1         3         
1      926       378       31858     290       168       329       329       555       2         4         
2      871       1128      31767     291       291       349       349       559       1         2         
1      747       812       31886     290       290       225       225       566       1         4         
1      771       947       31869     290       290       259       259       569       1         4         
1      905       968       31808     290       290       353       353       573       1         2         
1      743       650       31839     290       189       201       201       575       1         3         
1      606       794       31860     189       290       143       143       578       1         3         
3      929       556       31858     290       199       350       350       582       1         2         
1      458       194       31858     52        207       144       144       585       1         3         
1      939       892       31730     291       291       435.5     435.5     601       1         3         
3      908       10        31192     290       98        1037      1037      605       1         2         
1      651       721       31884     189       290       111       111       622       1         2         
2      771       948       31827     290       290       301       301       631       2         4         
1      501       698       31818     52        189       221       221       632       1         3         
3      721       504       31857     290       52        159       159       634       1         3         
1      961       923       31822     291       290       333       333       655       1         3         
1      961       643       31884     291       131       271       271       655       2         4         
3      969       882       31801     290       290       377       377       662       2         3         
1      632       738       31864     189       189       191       191       685       1         3         
2      393       118       31811     52        286       174       174       694       1         2         
1      580       437       31831     189       100       191       191       698       1         2         
3      583       606       31872     189       189       198       198       713       1         2         
1      1046      699       31859     291       290       274       274       721       1         4         
2      791       696       31888     290       189       228       228       736       1         3         
1      1149      946       31855     291       290       293       293       740       1         3         
2      884       721       31867     290       290       298       298       765       1         3         
3      772       698       31876     290       189       263       263       773       1         3         
1      863       599       31628     290       280       561       561       774       1         3         
1      1022      394       31884     291       100       278.5     278.5     779       1         3         
1      896       628       31860     291       189       257       257       785       1         3         
1      883       947       31757     290       290       399       399       786       1         2         
1      369       310       31867     52        127       147       147       788       1         2         
3      992       1053      31829     290       84        406       406       799       1         3         
1      992       722       31873     290       290       362       362       799       2         4         
4      959       692       31580     291       280       581       581       801       1         2         
1      983       780       31853     291       291       287.5     287.5     816       1         4         
3      1003      913       31811     291       291       373.5     373.5     816       2         3         
1      526       600       31884     52        280       160       160       834       1         2         
1      926       698       31383     290       189       804       804       841       1         3         
1      579       693       31837     189       280       171       171       846       1         3         
2      881       788       31831     290       290       322       322       848       1         3         
2      549       643       31888     52        131       141       141       872       1         4         
1      1065      116       31840     291       9         282       282       879       1         2         
1      936       1087      31871     291       291       251.75    251.75    884       1         3         
1      959       852       31695     291       291       451.5     451.5     884       2         4         
2      1012      1068      31869     84        291       345       345       895       1         3         
2      1107      1206      31864     291       192       296       296       896       1         4         
2      909       727       31805     290       290       398       398       897       2         4         
1      389       567       31863     299       52        121       121       900       1         3         
3      1129      652       31359     291       189       822       822       912       1         2         
1      1149      1386      31861     291       129       287       287       914       1         3         
2      621       1226      31851     280       192       155       155       916       1         2         
1      306       249       31872     299       266       141       141       920       1         2         
1      1267      1360      31883     129       129       219       219       929       1         2         
1      325       369       31796     299       52        205       205       931       1         3         
1      609       727       31747     189       290       308       308       942       1         2         
1      330       116       31826     127       9         231       231       946       1         2         
1      908       922       31739     290       50        457       457       956       1         3         
1      631       139       31833     189       57        211       211       964       1         3         
3      1107      1025      31576     291       291       600       600       975       1         3         
1      1129      524       31881     291       52        274       274       975       2         4         
2      891       697       31629     291       189       472       472       982       2         4         
1      817       1158      31776     290       84        370       370       995       1         4         
1      580       505       31838     189       52        184       184       1000      1         2         
1      1098      1128      31688     84        291       504       504       1007      1         3         
1      831       738       31748     50        189       284       284       1010      1         3         
3      290       532       31812     127       199       228       228       1016      1         3         
1      1031      923       31849     50        290       366       366       1017      1         3         
2      1031      604       31883     50        189       332       332       1017      2         4         
2      532       393       31836     199       52        161       161       1019      1         4         
3      410       624       31875     52        189       166       166       1020      1         3         
4      676       745       31845     189       290       191       191       1022      1         2         
2      923       650       31843     290       189       328       328       1030      1         3         
4      745       651       31768     290       189       333       333       1035      1         2         
4      1148      824       31254     291       291       910       910       1040      1         2         
1      992       1065      31802     290       291       433       433       1042      2         4         
2      1044      1189      31678     291       192       493.5     493.5     1051      1         3         
1      1044      748       31829     291       290       324.5     324.5     1051      2         4         
1      461       697       31886     189       189       134       134       1052      1         3         
4      959       1187      31740     291       291       421       421       1055      1         2         
1      645       527       31803     280       52        207       207       1059      1         3         
1      573       534       31872     189       199       145       145       1062      1         2         
1      914       652       31826     291       189       232       232       1064      1         3         
1      927       772       31831     290       290       354       354       1068      1         2         
1      642       139       31870     131       57        147       147       1070      1         3         
1      912       717       31740     291       189       363.25    363.25    1071      1         3         
3      888       772       31717     290       290       453       453       1083      1         3         
1      909       749       31761     290       290       442       442       1083      2         4         
1      726       578       31775     290       189       326       326       1086      1         3         
1      1087      882       31776     291       290       375.5     375.5     1088      1         4         
1      842       721       31553     290       290       531       531       1089      1         3         
2      356       443       31877     119       168       221       221       1093      1         3         
1      675       717       31841     189       189       151       151       1107      1         4         
3      884       721       31867     290       290       298       298       1111      2         4         
1      772       627       31868     290       189       261       261       1112      1         3         
3      789       303       31846     290       299       220       220       1120      1         3         
1      1025      915       31826     291       291       340       340       1125      1         3         
3      1025      720       31613     291       290       555       555       1125      2         4         
1      1069      1207      31849     291       192       349       349       1133      1         2         
3      675       697       31884     189       189       136       136       1144      1         3         
3      860       970       31760     290       290       390       390       1146      2         4         
1      861       1174      31771     290       129       372       372       1146      3         5         
1      721       743       31805     290       290       211       211       1150      1         4         
1      864       695       31835     290       189       343       343       1155      2         4         
3      772       698       31876     290       189       263       263       1161      1         2         
1      312       534       31866     87        199       199       199       1167      1         2         
1      945       968       31822     50        290       352       352       1178      2         3         
3      969       882       31801     290       290       377       377       1186      1         2         
1      905       948       31830     290       290       331       331       1187      1         2         
1      673       189       31864     189       286       123       123       1192      1         4         
2      499       715       31855     52        131       185       185       1196      1         3         
3      488       651       31866     199       189       210       210       1204      1         2         
1      991       1208      31854     290       192       188       188       1206      1         4         
3      1012      1068      31869     84        291       345       345       1207      1         3         
1      841       351       31418     290       52        753       753       1216      1         4         
1      816       458       31771     290       52        373       373       1218      1         4         
3      816       602       31841     290       189       310       310       1222      1         3         
1      818       393       31878     290       52        304       304       1222      2         4         
1      676       333       31794     189       119       242       242       1231      1         2         
1      925       963       31677     290       50        497       497       1232      1         3         
2      925       571       31873     290       52        301       301       1232      2         4         
2      311       62        31809     87        98        223       223       1236      1         3         
1      1171      961       31785     192       291       338       338       1239      1         3         
1      397       737       31866     168       189       157       157       1241      1         3         
1      836       649       31805     290       189       218       218       1255      1         3         
1      859       652       31816     290       189       316       316       1255      2         4         
3      529       767       31835     189       290       225       225       1270      1         3         
1      948       699       31878     290       290       335       335       1276      1         4         
1      928       859       31879     290       290       346       346       1292      2         3         
2      925       1032      31870     290       84        304       304       1297      1         3         
1      949       35        31552     290       98        606       606       1301      1         3         
3      950       815       31811     290       290       405       405       1305      1         2         
1      549       991       31888     52        290       133       133       1311      1         4         
2      1047      780       31620     291       291       546       546       1312      1         3         
1      989       648       31726     50        189       464       464       1319      1         4         
1      389       310       31877     299       127       142       142       1321      1         3         
1      354       576       31866     119       189       164       164       1335      1         4         
1      790       557       31879     290       189       163       163       1336      1         4         
2      810       746       31870     290       290       235       235       1363      1         3         
2      1047      858       31851     291       290       322       322       1374      1         2         
2      1090      1254      31744     291       84        494       494       1375      1         3         
1      884       772       31872     290       290       270       270       1382      1         2         
1      364       473       31870     299       52        150       150       1396      1         2         
1      1089      1529      31680     291       296       451       451       1400      1         3         
1      905       698       31844     290       189       313       313       1402      1         3         
1      923       1005      31886     290       50        285       285       1406      1         3         
3      922       723       31844     50        290       335       335       1407      1         2         
1      795       779       31856     290       131       284       284       1413      1         4         
1      347       325       31779     299       299       239       239       1414      1         2         
1      534       629       31877     199       189       172       172       1418      1         2         
4      772       652       31588     290       189       551       551       1420      1         2         
1      970       905       31784     290       290       390       390       1421      1         3         
2      970       699       31886     290       290       267       267       1421      2         4         
2      781       640       31869     291       131       194       194       1424      1         3         
2      816       602       31841     290       189       308       308       1429      1         3         
3      412       754       31823     52        999       249       249       1434      1         3         
1      852       694       31728     291       189       297       297       1437      1         3         
1      1064      747       31490     291       290       674.5     674.5     1440      1         3         
3      373       483       31819     119       189       212       212       1447      1         2         
1      948       937       31834     290       291       379       379       1454      1         3         
3      913       969       31831     291       290       293.5     293.5     1457      1         3         
1      817       79        31813     290       98        321       321       1475      1         5         
1      927       603       31772     290       189       411       411       1479      1         3         
1      914       1002      31647     291       291       470.5     470.5     1494      1         2         
3      679       673       31705     290       189       395       395       1495      1         2         
1      1005      582       31870     50        189       254       254       1498      1         3         
3      817       884       31890     290       290       0         0         0         0         0         
3      817       884       31890     290       290       0         0         0         0         0         
2      47        79        31890     98        98        0         0         0         0         0         
1      1023      1023      31890     291       291       0         0         0         0         0         
1      863       580       31890     290       189       0         0         0         0         0         
1      481       394       31890     189       100       0         0         0         0         0         
2      217       314       31890     87        119       0         0         0         0         0         
1      458       674       31890     52        189       0         0         0         0         0         
1      726       735       31890     290       131       0         0         0         0         0         
2      981       1594      31890     291       296       0         0         0         0         0         
1      325       604       31891     299       189       0         0         0         0         0         
1      812       699       31891     290       290       0         0         0         0         0         
3      139       444       31892     57        168       0         0         0         0         0         
3      780       1128      31892     291       291       0         0         0         0         0         
1      460       671       31892     189       280       0         0         0         0         0         
1      557       768       31892     189       290       0         0         0         0         0         
2      139       444       31892     57        168       0         0         0         0         0         
1      504       117       31892     52        286       0         0         0         0         0         
1      960       1005      31892     291       50        0         0         0         0         0         
1      906       698       31893     290       189       0         0         0         0         0         
1      813       10        31893     290       98        0         0         0         0         0         
1      722       767       31893     290       290       0         0         0         0         0         
1      479       431       31893     52        52        0         0         0         0         0         
2      230       368       31893     266       299       0         0         0         0         0         
1      578       721       31893     189       290       0         0         0         0         0         
1      1010      914       31894     290       291       0         0         0         0         0         
1      345       668       31894     299       280       0         0         0         0         0         
1      527       91        31894     52        178       0         0         0         0         0         
1      325       332       31895     299       87        0         0         0         0         0         
1      745       990       31895     290       290       0         0         0         0         0         
1      850       765       31896     291       290       0         0         0         0         0         
2      782       836       31896     291       290       0         0         0         0         0         
2      804       1053      31896     291       84        0         0         0         0         0         
1      688       1529      31896     131       296       0         0         0         0         0         
3      939       881       31897     291       290       0         0         0         0         0         
2      939       881       31897     291       290       0         0         0         0         0         
3      1068      677       31897     291       189       0         0         0         0         0         
3      1068      677       31897     291       189       0         0         0         0         0         
2      1206      771       31897     192       290       0         0         0         0         0         
1      1022      905       31897     291       290       0         0         0         0         0         
1      481       408       31897     189       299       0         0         0         0         0         
1      736       116       31897     131       9         0         0         0         0         0         
1      549       616       31897     52        131       0         0         0         0         0         
1      743       651       31898     290       189       0         0         0         0         0         
1      717       742       31898     189       290       0         0         0         0         0         
3      924       772       31898     290       290       0         0         0         0         0         
1      345       136       31898     299       286       0         0         0         0         0         
2      924       772       31898     290       290       0         0         0         0         0         
3      1068      829       31898     291       50        0         0         0         0         0         
1      794       439       31898     290       189       0         0         0         0         0         
2      366       309       31898     299       127       0         0         0         0         0         
3      1068      829       31898     291       50        0         0         0         0         0         
1      885       11        31898     290       999       0         0         0         0         0         
1      572       777       31899     131       131       0         0         0         0         0         
1      308       581       31899     127       189       0         0         0         0         0         
1      464       116       31899     168       9         0         0         0         0         0         
1      1417      621       31899     129       280       0         0         0         0         0         
1      118       648       31899     286       189       0         0         0         0         0         
1      210       189       31899     266       286       0         0         0         0         0         
1      330       504       31900     127       52        0         0         0         0         0         
1      597       720       31900     131       290       0         0         0         0         0         
1      584       556       31900     189       199       0         0         0         0         0         
1      442       460       31900     168       189       0         0         0         0         0         
2      894       738       31900     291       189       0         0         0         0         0         
1      864       702       31900     290       290       0         0         0         0         0         
1      796       631       31901     290       189       0         0         0         0         0         
1      743       858       31901     290       290       0         0         0         0         0         
1      778       827       31901     131       291       0         0         0         0         0         
1      984       724       31901     291       290       0         0         0         0         0         
1      781       670       31901     291       280       0         0         0         0         0         
1      210       669       31901     266       280       0         0         0         0         0         
1      698       924       31901     189       290       0         0         0         0         0         
1      795       599       31901     290       280       0         0         0         0         0         
1      827       648       31901     291       189       0         0         0         0         0         
1      506       473       31902     189       52        0         0         0         0         0         
1      887       583       31902     290       189       0         0         0         0         0         
3      714       439       31902     131       189       0         0         0         0         0         
2      714       439       31902     131       189       0         0         0         0         0         
1      556       504       31903     199       52        0         0         0         0         0         
1      34        208       31903     98        286       0         0         0         0         0         
1      1001      559       31903     291       189       0         0         0         0         0         
1      816       905       31903     290       290       0         0         0         0         0         
2      1034      925       31903     84        290       0         0         0         0         0         
1      947       604       31903     290       189       0         0         0         0         0         
1      458       771       31903     52        290       0         0         0         0         0         
1      430       479       31903     52        52        0         0         0         0         0         
1      287       499       31903     299       52        0         0         0         0         0         
3      311       481       31904     87        189       0         0         0         0         0         
1      865       946       31904     290       290       0         0         0         0         0         
1      780       736       31904     291       131       0         0         0         0         0         
1      304       387       31904     299       299       0         0         0         0         0         
1      549       1010      31904     52        290       0         0         0         0         0         
1      677       557       31904     189       189       0         0         0         0         0         
3      311       481       31904     87        189       0         0         0         0         0         
1      551       439       31905     189       189       0         0         0         0         0         
1      395       697       31905     100       189       0         0         0         0         0         
1      393       377       31905     52        168       0         0         0         0         0         
2      430       416       31905     52        100       0         0         0         0         0         
1      839       969       31905     290       290       0         0         0         0         0         
1      546       697       31906     52        189       0         0         0         0         0         
1      747       10        31906     290       98        0         0         0         0         0         
1      314       421       31906     119       168       0         0         0         0         0         
3      737       555       31906     189       199       0         0         0         0         0         
3      737       555       31906     189       199       0         0         0         0         0         
1      487       439       31907     199       189       0         0         0         0         0         
1      177       530       31907     207       189       0         0         0         0         0         
1      1338      1208      31907     129       192       0         0         0         0         0         
3      578       696       31907     189       189       0         0         0         0         0         
2      578       696       31907     189       189       0         0         0         0         0         
1      297       460       31908     277       189       0         0         0         0         0         
1      390       252       31908     52        206       0         0         0         0         0         
1      884       716       31908     290       189       0         0         0         0         0         
1      924       721       31908     290       290       0         0         0         0         0         
3      1301      1089      31909     192       291       0         0         0         0         0         
3      1301      1089      31909     192       291       0         0         0         0         0         
2      802       981       31909     291       291       0         0         0         0         0         
1      768       632       31909     290       189       0         0         0         0         0         
1      882       743       31909     290       290       0         0         0         0         0         
1      736       728       31909     131       290       0         0         0         0         0         
1      413       431       31910     52        52        0         0         0         0         0         
1      760       850       31910     291       291       0         0         0         0         0         
3      504       209       31911     52        266       0         0         0         0         0         
1      355       533       31911     119       199       0         0         0         0         0         
1      523       436       31911     52        100       0         0         0         0         0         
1      737       903       31911     189       290       0         0         0         0         0         
1      1048      990       31911     291       290       0         0         0         0         0         
1      925       35        31911     290       98        0         0         0         0         0         
1      233       210       31912     206       266       0         0         0         0         0         
1      668       457       31912     280       52        0         0         0         0         0         
1      632       466       31912     189       199       0         0         0         0         0         
1      461       555       31912     189       199       0         0         0         0         0         
2      287       505       31912     299       52        0         0         0         0         0         
1      227       1090      31912     266       291       0         0         0         0         0         
1      559       458       31912     189       52        0         0         0         0         0         
1      615       121       31912     131       57        0         0         0         0         0         
1      523       461       31913     52        189       0         0         0         0         0         
1      968       961       31913     290       291       0         0         0         0         0         
1      452       688       31913     52        131       0         0         0         0         0         
1      172       392       31913     286       52        0         0         0         0         0         
3      607       372       31913     189       119       0         0         0         0         0         
3      607       372       31913     189       119       0         0         0         0         0         
3      313       485       31914     87        189       0         0         0         0         0         
2      313       485       31914     87        189       0         0         0         0         0         
3      462       430       31914     189       52        0         0         0         0         0         
1      558       579       31914     189       189       0         0         0         0         0         
1      670       718       31914     280       189       0         0         0         0         0         
1      747       267       31914     290       266       0         0         0         0         0         
1      716       652       31914     189       189       0         0         0         0         0         
1      227       304       31915     266       299       0         0         0         0         0         
1      347       414       31915     299       100       0         0         0         0         0         
1      940       772       31915     291       290       0         0         0         0         0         
4      311       421       31915     87        168       0         0         0         0         0         
1      374       332       31915     119       87        0         0         0         0         0         
1      350       509       31916     127       199       0         0         0         0         0         
1      958       1065      31916     291       291       0         0         0         0         0         
1      1032      1235      31916     84        84        0         0         0         0         0         
2      369       480       31916     52        52        0         0         0         0         0         
1      621       766       31916     280       290       0         0         0         0         0         
3      969       884       31917     290       290       0         0         0         0         0         
2      969       884       31917     290       290       0         0         0         0         0         
1      1362      1177      31917     129       84        0         0         0         0         0         
1      650       171       31917     189       286       0         0         0         0         0         
2      1015      573       31917     84        189       0         0         0         0         0         
1      501       462       31917     52        189       0         0         0         0         0         
1      442       175       31917     168       266       0         0         0         0         0         
1      527       438       31917     52        100       0         0         0         0         0         
1      651       534       31917     189       199       0         0         0         0         0         
1      549       651       31918     52        189       0         0         0         0         0         
1      771       970       31918     290       290       0         0         0         0         0         
1      859       842       31918     290       290       0         0         0         0         0         
1      1168      1044      31918     291       291       0         0         0         0         0         
3      309       526       31919     127       52        0         0         0         0         0         
1      704       535       31919     290       189       0         0         0         0         0         
1      10        65        31919     98        98        0         0         0         0         0         
3      309       526       31919     127       52        0         0         0         0         0         
