COLUMNS

passenger_count
pickup_ID
dropoff_ID
request_time_sec
pickup_district
dropoff_district

REQUESTS_INFO
1      331       254       47850     127       87        
1      529       621       47850     189       280       
1      834       395       47851     290       100       
1      721       814       47851     290       290       
2      1109      1263      47851     291       192       
4      836       858       47851     290       290       
3      652       116       47852     189       9         
1      578       507       47852     189       189       
1      550       850       47852     189       291       
1      527       716       47852     52        189       
1      533       440       47852     199       168       
1      858       643       47852     290       131       
3      772       767       47853     290       290       
2      772       767       47853     290       290       
1      578       958       47854     189       291       
1      20        65        47854     98        98        
1      527       157       47854     52        54        
1      349       347       47854     127       299       
1      372       530       47854     119       189       
1      295       575       47854     87        189       
1      721       554       47854     290       189       
1      499       616       47855     52        131       
2      373       721       47855     119       290       
3      373       721       47855     119       290       
3      861       794       47855     290       290       
1      579       724       47855     189       290       
2      861       794       47855     290       290       
1      80        247       47856     98        266       
1      760       1044      47856     291       291       
1      100       484       47856     57        189       
1      505       674       47856     52        189       
2      463       527       47858     168       52        
1      925       937       47858     290       291       
1      118       289       47858     286       127       
3      506       582       47859     189       189       
1      578       697       47859     189       189       
1      484       533       47859     189       199       
3      551       439       47860     189       189       
3      551       439       47860     189       189       
2      602       371       47860     189       52        
1      375       368       47860     119       299       
1      581       79        47860     189       98        
1      431       616       47860     52        131       
1      34        827       47860     98        291       
2      212       289       47860     266       127       
1      813       970       47860     290       290       
2      1001      699       47861     291       290       
3      212       47        47861     266       98        
2      212       47        47861     266       98        
3      1001      699       47861     291       290       
1      749       531       47861     290       189       
1      482       604       47861     189       189       
3      326       696       47861     299       189       
1      415       697       47861     100       189       
1      621       720       47861     280       290       
2      250       390       47862     127       52        
1      629       916       47862     189       291       
1      804       810       47862     291       290       
1      1446      1401      47862     129       129       
1      837       939       47862     290       291       
1      551       618       47863     189       131       
1      811       903       47863     290       290       
1      672       647       47863     189       280       
1      765       719       47863     290       189       
1      557       695       47863     189       189       
2      228       643       47863     266       131       
1      350       502       47863     127       52        
1      295       200       47863     87        87        
1      905       969       47864     290       290       
1      1066      789       47865     291       290       
1      735       698       47865     131       189       
1      248       349       47865     266       127       
1      760       1068      47866     291       291       
3      349       552       47866     127       189       
3      349       552       47866     127       189       
1      534       296       47867     199       277       
1      690       407       47867     131       299       
1      676       599       47867     189       280       
1      781       984       47868     291       291       
1      622       801       47868     280       291       
1      439       717       47868     189       189       
2      503       408       47868     52        299       
1      692       651       47868     280       189       
1      337       924       47869     277       290       
1      559       655       47869     189       189       
1      675       509       47869     189       199       
2      621       78        47869     280       9         
3      835       727       47871     290       290       
2      835       727       47871     290       290       
1      1022      1088      47871     291       291       
1      828       718       47871     291       189       
3      716       638       47871     189       131       
1      582       252       47871     189       206       
1      766       395       47871     290       100       
1      818       771       47872     290       290       
1      549       578       47872     52        189       
1      435       671       47872     52        280       
1      531       232       47872     189       266       
3      860       721       47872     290       290       
3      860       721       47872     290       290       
1      850       1300      47873     291       192       
1      669       664       47873     280       131       
2      554       35        47873     189       98        
1      229       719       47874     266       189       
1      760       650       47874     291       189       
2      290       351       47875     127       52        
1      1189      395       47875     192       100       
4      443       394       47875     168       100       
1      1000      673       47875     291       189       
1      1106      767       47875     291       290       
2      521       529       47875     52        189       
2      723       893       47875     290       291       
1      759       759       47876     131       131       
1      1096      812       47876     84        290       
1      649       663       47877     189       131       
1      895       1129      47877     291       291       
2      694       779       47877     189       131       
1      508       626       47877     199       189       
2      583       556       47877     189       199       
3      583       556       47877     189       199       
1      836       1002      47878     290       291       
1      455       645       47878     52        280       
2      371       409       47878     52        52        
3      371       409       47878     52        52        
1      749       674       47878     290       189       
1      499       1227      47879     52        192       
1      622       674       47879     280       189       
1      438       305       47879     100       299       
2      246       738       47879     266       189       
3      246       738       47879     266       189       
1      675       738       47879     189       189       
2      413       211       47879     52        266       
1      455       532       47880     52        199       
2      804       1390      47880     291       129       
2      857       507       47880     290       189       
1      550       692       47880     189       280       
3      804       1390      47880     291       129       
