COLUMNS

passenger_count
pickup_ID
dropoff_ID
ready_time_sec
pickup_district
dropoff_district
LDuals
IDuals
vehicle_ID
pick_position
drop_position

REQUESTS_INFO
1      772       1504      49388     290       296       230       230       9         1         3         
3      349       782       49388     127       291       149       149       18        1         2         
3      1187      849       49358     291       291       205       205       27        1         3         
1      1187      330       49399     291       127       148       148       27        2         4         
1      697       482       49379     189       189       187       187       30        1         3         
1      676       276       49196     189       87        394       394       30        2         4         
3      859       134       49387     290       9         245       245       45        1         3         
4      607       599       49010     189       280       594       594       70        1         2         
2      32        550       49388     98        189       140       140       72        1         2         
3      948       860       49324     290       290       296       296       90        1         2         
3      442       232       49270     168       266       294.5     294.5     108       1         2         
2      733       717       49396     131       189       177       177       119       1         2         
4      687       286       49287     131       299       300       300       121       1         2         
1      483       696       49388     189       189       140       140       131       1         3         
2      766       676       49394     290       189       185       185       134       1         3         
2      690       191       49409     131       266       170       170       137       1         3         
2      442       235       49377     168       87        187.5     187.5     172       1         4         
1      711       545       49352     131       52        209       209       180       1         2         
1      749       839       49355     290       290       247       247       182       1         4         
3      816       948       49327     290       290       313       313       182       2         3         
1      650       462       49394     189       189       192       192       187       1         2         
2      580       716       49389     189       189       171       171       190       1         2         
3      1087      737       49266     291       189       312       312       192       1         2         
3      887       722       49398     290       290       237       237       199       2         4         
1      747       646       49392     290       280       235       235       214       1         2         
1      746       275       49380     290       87        189       189       215       1         4         
1      894       791       49397     291       290       162       162       217       1         3         
3      841       951       48965     290       290       661       661       228       2         3         
1      873       847       49386     291       291       156       156       232       1         3         
1      598       156       49364     189       286       202       202       234       1         3         
2      1022      710       49386     291       131       187       187       238       2         4         
1      813       510       49398     290       199       224       224       245       1         4         
1      487       308       49368     199       127       167       167       251       1         4         
1      581       726       49260     189       290       309       309       252       1         3         
3      923       906       49276     290       290       350       350       255       1         2         
1      608       804       49265     189       291       360       360       265       1         2         
3      916       781       49373     291       291       215       215       270       2         4         
2      510       724       49320     199       290       234       234       272       1         3         
1      608       722       49305     189       290       314       314       277       1         2         
3      837       906       49152     290       290       474       474       286       1         3         
1      794       622       49359     290       280       269       269       286       2         4         
1      454       392       49382     52        52        148       148       292       1         2         
1      838       509       49369     290       199       205       205       296       1         5         
2      838       696       49265     290       189       372       372       296       2         3         
3      858       827       49190     290       291       443       443       308       1         2         
3      1128      1218      49326     291       84        244       244       315       1         3         
3      549       603       49090     52        189       506       506       320       1         2         
2      885       790       49375     290       290       250       250       332       1         2         
2      766       527       49321     290       52        258       258       337       1         3         
1      834       959       49351     290       291       245       245       340       1         3         
4      697       766       49256     189       290       321       321       346       1         2         
4      688       826       49310     131       291       273       273       373       1         2         
1      675       925       49407     189       290       158       158       374       1         4         
2      80        80        49399     98        98        124       124       375       1         2         
1      654       765       49369     189       290       205       205       382       1         2         
3      947       767       49262     290       290       305.5     305.5     385       1         3         
2      722       527       49299     290       52        293       293       386       1         3         
3      816       906       49306     290       290       334       334       395       2         3         
2      834       460       49330     290       189       303       303       398       1         4         
2      348       850       49394     299       291       136       136       402       1         3         
1      836       724       49356     290       290       174       174       405       1         2         
1      575       528       49408     189       52        181       181       408       1         3         
1      927       980       49394     290       291       171       171       409       1         3         
1      916       527       49401     291       52        187       187       410       1         4         
2      157       136       49400     54        286       152       152       432       1         2         
2      418       624       49407     168       189       150       150       434       1         2         
1      719       649       49381     189       189       170       170       450       1         3         
1      534       665       49390     199       131       184       184       460       2         4         
1      617       413       49305     131       52        241       241       471       1         3         
1      793       927       49206     290       290       431       431       490       1         3         
3      504       990       49323     52        290       311       311       500       1         3         
1      970       836       49295     290       290       275       275       506       1         3         
1      626       647       49364     189       280       192       192       511       1         2         
1      442       235       49322     168       87        182       182       528       1         2         
3      459       873       49409     189       291       159       159       529       1         3         
4      526       485       49159     52        189       430       430       561       1         2         
1      607       144       49408     189       54        168       168       567       1         3         
1      631       865       49367     189       290       243       243       583       1         3         
4      838       583       49006     290       189       649       649       615       1         2         
1      926       1056      49222     290       84        386       386       616       1         3         
3      607       219       49358     189       87        225       225       624       1         3         
3      1089      984       49371     291       291       239       239       625       1         2         
1      34        78        49402     98        9         129       129       627       1         2         
1      1026      939       49241     291       291       378       378       633       1         2         
2      679       716       49371     290       189       247       247       638       2         3         
1      631       767       49367     189       290       240       240       652       1         2         
1      735       545       49381     131       52        194       194       656       1         2         
1      526       1090      49286     52        291       288       288       668       1         3         
1      903       676       49407     290       189       183       183       671       1         5         
1      882       826       49402     290       291       148       148       678       1         3         
1      1046      1149      49389     291       291       195       195       682       1         3         
1      1091      1207      49390     291       192       177       177       700       1         3         
3      679       716       49371     290       189       247       247       703       1         2         
3      885       533       49325     290       199       300       300       706       1         3         
2      532       700       49369     199       290       212       212       713       1         2         
4      630       875       49388     189       291       206       206       715       1         2         
2      676       804       49385     189       291       205       205       718       1         3         
1      693       629       49396     280       189       179       179       721       1         2         
1      436       887       49356     100       290       180       180       724       1         3         
2      650       250       49379     189       127       221       221       766       1         2         
3      839       858       49342     290       290       320       320       771       1         2         
1      916       650       49386     291       189       202       202       781       1         3         
2      923       836       49396     290       290       230       230       786       1         2         
1      884       1255      49326     290       84        207       207       789       1         3         
1      1206      858       49246     192       290       309       309       794       1         3         
3      816       948       49327     290       290       313       313       808       1         2         
2      486       629       49408     199       189       137       137       822       1         4         
2      757       431       49367     131       52        185       185       832       1         4         
1      393       503       49389     52        52        154       154       847       1         2         
1      863       939       49362     290       291       302       302       848       1         2         
1      600       936       49389     280       291       155       155       861       2         3         
2      839       858       49342     290       290       314       314       864       1         2         
3      1003      1044      49224     291       291       383       383       865       1         3         
1      1026      743       49408     291       290       211       211       865       2         4         
1      1034      951       49317     84        290       253       253       882       1         2         
1      887       1011      49236     290       84        337       337       886       1         4         
1      768       578       49286     290       189       295       295       900       1         3         
1      915       881       49354     291       290       223       223       906       1         4         
3      960       1026      49409     291       291       193       193       906       2         3         
2      257       246       49400     87        266       118       118       909       1         3         
2      980       673       49392     291       189       193       193       916       1         4         
2      512       189       49359     199       286       173       173       924       1         3         
3      839       925       49390     290       290       272       272       925       1         3         
1      652       485       49359     189       189       234       234       929       1         2         
1      864       483       49233     290       189       395.5     395.5     945       1         4         
3      960       1026      49409     291       291       193       193       953       1         3         
1      549       577       49374     52        189       222       222       958       1         2         
3      948       860       49324     290       290       296       296       974       1         3         
1      948       817       49371     290       290       211       211       974       2         4         
1      626       573       49394     189       189       183       183       1004      1         3         
2      688       802       49350     131       291       215       215       1007      1         3         
1      852       737       49364     291       189       193       193       1010      1         2         
2      630       551       49394     189       189       200       200       1022      1         3         
1      743       815       49362     290       290       204       204       1027      1         3         
1      1108      1268      49290     291       129       299       299       1028      1         2         
3      32        550       49388     98        189       140       140       1047      1         2         
1      680       20        49266     290       98        349       349       1049      1         3         
1      863       643       49383     290       131       281       281       1056      2         4         
1      608       414       49383     189       100       223       223       1063      1         4         
3      504       330       49293     52        127       341       341       1071      1         2         
3      858       782       49124     290       291       509       509       1078      1         2         
3      839       925       49390     290       290       272       272       1095      2         4         
1      1149      1339      49308     291       129       256       256       1103      1         2         
1      778       759       49398     131       131       163       163       1114      1         3         
2      1089      1026      49384     291       291       226       226       1152      1         2         
1      814       968       49263     290       290       338       338       1167      1         3         
2      813       664       49380     290       131       250       250       1167      2         4         
1      310       275       49400     127       87        97        97        1168      1         2         
1      644       1646      49389     131       296       133       133       1178      1         4         
3      908       1101      49394     290       84        255       255       1182      1         3         
1      1107      1190      49303     291       192       278       278       1183      1         3         
2      1089      984       49371     291       291       239       239       1183      2         4         
4      981       1087      49258     291       291       358       358       1184      1         2         
1      736       568       49405     131       52        187       187       1185      1         2         
1      397       905       49398     168       290       164       164       1191      1         3         
1      840       701       49288     290       290       242       242       1208      1         3         
1      483       909       49408     189       290       120       120       1217      1         4         
2      737       948       49388     189       290       155       155       1225      1         4         
3      504       575       49224     52        189       410       410       1227      1         2         
3      721       924       49349     290       290       205       205       1256      1         3         
1      436       834       49261     100       290       275       275       1273      1         4         
1      981       924       49351     291       290       234       234       1275      1         3         
1      781       679       49382     291       290       212       212       1280      1         2         
3      355       251       49357     119       127       197       197       1284      1         2         
1      837       1233      49396     290       129       191       191       1286      1         3         
1      905       696       49389     290       189       216.5     216.5     1296      1         2         
1      535       618       49407     189       131       166       166       1304      1         2         
4      1022      827       49298     291       291       296       296       1305      1         2         
1      575       420       49408     189       168       181       181       1334      1         3         
1      914       1067      49385     291       291       189       189       1337      1         3         
2      696       212       49343     189       266       200       200       1338      1         4         
1      435       463       49258     52        168       305       305       1347      1         4         
2      1067      1118      49362     291       84        205       205       1377      1         3         
1      159       117       49325     54        286       203       203       1379      1         3         
2      504       990       49323     52        290       271       271       1380      1         3         
3      771       1218      49185     290       84        432       432       1381      1         3         
3      298       420       49402     277       168       139       139       1386      1         3         
1      981       1010      49410     291       290       0         0         0         0         0         
2      649       577       49410     189       189       0         0         0         0         0         
1      1128      959       49410     291       291       0         0         0         0         0         
1      254       529       49410     87        189       0         0         0         0         0         
1      408       461       49410     299       189       0         0         0         0         0         
1      881       894       49411     290       291       0         0         0         0         0         
1      434       272       49411     52        127       0         0         0         0         0         
1      415       347       49411     100       299       0         0         0         0         0         
1      504       216       49411     52        178       0         0         0         0         0         
1      744       909       49411     290       290       0         0         0         0         0         
1      304       502       49411     299       52        0         0         0         0         0         
1      650       781       49411     189       291       0         0         0         0         0         
1      388       925       49412     299       290       0         0         0         0         0         
2      608       905       49412     189       290       0         0         0         0         0         
1      903       652       49412     290       189       0         0         0         0         0         
1      390       293       49412     52        87        0         0         0         0         0         
1      607       624       49413     189       189       0         0         0         0         0         
1      434       574       49413     52        189       0         0         0         0         0         
3      971       723       49413     290       290       0         0         0         0         0         
1      1021      1003      49413     291       291       0         0         0         0         0         
4      881       937       49413     290       291       0         0         0         0         0         
1      411       720       49413     52        290       0         0         0         0         0         
1      838       528       49414     290       52        0         0         0         0         0         
1      459       718       49414     189       189       0         0         0         0         0         
1      1090      851       49414     291       291       0         0         0         0         0         
2      936       1130      49414     291       291       0         0         0         0         0         
1      959       1026      49414     291       291       0         0         0         0         0         
1      550       937       49414     189       291       0         0         0         0         0         
3      927       556       49414     290       199       0         0         0         0         0         
3      927       556       49414     290       199       0         0         0         0         0         
3      532       157       49414     199       54        0         0         0         0         0         
3      532       157       49414     199       54        0         0         0         0         0         
1      1128      970       49414     291       290       0         0         0         0         0         
1      623       371       49415     280       52        0         0         0         0         0         
1      645       850       49415     280       291       0         0         0         0         0         
1      621       655       49415     280       189       0         0         0         0         0         
3      19        61        49415     98        98        0         0         0         0         0         
3      19        61        49415     98        98        0         0         0         0         0         
1      905       790       49415     290       290       0         0         0         0         0         
1      782       666       49415     291       131       0         0         0         0         0         
1      9         457       49416     98        52        0         0         0         0         0         
1      527       527       49416     52        52        0         0         0         0         0         
1      160       440       49416     54        168       0         0         0         0         0         
1      554       605       49416     189       189       0         0         0         0         0         
1      256       895       49416     87        291       0         0         0         0         0         
1      768       884       49416     290       290       0         0         0         0         0         
1      560       700       49416     189       290       0         0         0         0         0         
2      430       133       49417     52        9         0         0         0         0         0         
3      430       133       49417     52        9         0         0         0         0         0         
1      600       1251      49417     280       129       0         0         0         0         0         
1      924       721       49417     290       290       0         0         0         0         0         
1      907       31        49417     290       9         0         0         0         0         0         
1      1089      1168      49417     291       291       0         0         0         0         0         
1      438       174       49417     100       266       0         0         0         0         0         
1      1119      839       49417     84        290       0         0         0         0         0         
1      353       418       49417     119       168       0         0         0         0         0         
1      1149      1432      49418     291       129       0         0         0         0         0         
1      529       716       49418     189       189       0         0         0         0         0         
1      352       456       49418     119       52        0         0         0         0         0         
4      607       527       49419     189       52        0         0         0         0         0         
1      116       621       49419     9         280       0         0         0         0         0         
1      549       621       49419     52        280       0         0         0         0         0         
2      827       326       49419     291       299       0         0         0         0         0         
1      407       9         49419     299       98        0         0         0         0         0         
1      759       654       49419     131       189       0         0         0         0         0         
1      386       232       49419     299       266       0         0         0         0         0         
3      1132      1137      49419     291       84        0         0         0         0         0         
3      1132      1137      49419     291       84        0         0         0         0         0         
3      925       858       49419     290       290       0         0         0         0         0         
3      925       858       49419     290       290       0         0         0         0         0         
1      630       625       49419     189       189       0         0         0         0         0         
4      31        433       49419     9         52        0         0         0         0         0         
1      928       937       49420     290       291       0         0         0         0         0         
2      158       253       49420     174       206       0         0         0         0         0         
3      771       527       49420     290       52        0         0         0         0         0         
3      771       527       49420     290       52        0         0         0         0         0         
1      170       452       49420     286       52        0         0         0         0         0         
2      689       937       49421     131       291       0         0         0         0         0         
1      905       699       49421     290       290       0         0         0         0         0         
2      596       571       49421     131       52        0         0         0         0         0         
1      864       527       49421     290       52        0         0         0         0         0         
1      499       765       49421     52        290       0         0         0         0         0         
2      760       646       49421     291       280       0         0         0         0         0         
3      679       929       49422     290       290       0         0         0         0         0         
2      415       308       49422     100       127       0         0         0         0         0         
2      679       929       49422     290       290       0         0         0         0         0         
2      1044      618       49423     291       131       0         0         0         0         0         
1      484       744       49423     189       290       0         0         0         0         0         
1      485       526       49424     189       52        0         0         0         0         0         
1      747       862       49424     290       290       0         0         0         0         0         
1      961       805       49424     291       291       0         0         0         0         0         
1      345       478       49424     299       52        0         0         0         0         0         
2      1015      441       49425     84        168       0         0         0         0         0         
2      229       557       49425     266       189       0         0         0         0         0         
1      1355      699       49425     129       290       0         0         0         0         0         
1      197       216       49425     178       178       0         0         0         0         0         
1      1074      1187      49425     84        291       0         0         0         0         0         
1      197       216       49425     178       178       0         0         0         0         0         
3      765       527       49426     290       52        0         0         0         0         0         
1      485       331       49426     189       127       0         0         0         0         0         
1      34        961       49426     98        291       0         0         0         0         0         
2      765       527       49426     290       52        0         0         0         0         0         
1      916       850       49426     291       291       0         0         0         0         0         
1      948       722       49426     290       290       0         0         0         0         0         
3      924       583       49427     290       189       0         0         0         0         0         
1      960       1021      49427     291       291       0         0         0         0         0         
1      527       668       49427     52        280       0         0         0         0         0         
1      633       894       49428     189       291       0         0         0         0         0         
1      229       117       49428     266       286       0         0         0         0         0         
1      372       556       49429     119       199       0         0         0         0         0         
1      1011      723       49429     84        290       0         0         0         0         0         
2      722       1044      49429     290       291       0         0         0         0         0         
1      980       1086      49429     291       291       0         0         0         0         0         
2      79        621       49429     98        280       0         0         0         0         0         
1      268       170       49429     299       286       0         0         0         0         0         
2      233       1337      49429     206       129       0         0         0         0         0         
1      790       745       49429     290       290       0         0         0         0         0         
1      904       673       49430     290       189       0         0         0         0         0         
1      368       229       49430     299       266       0         0         0         0         0         
3      248       504       49430     266       52        0         0         0         0         0         
2      354       697       49430     119       189       0         0         0         0         0         
2      250       499       49431     127       52        0         0         0         0         0         
1      914       801       49431     291       291       0         0         0         0         0         
3      718       621       49431     189       280       0         0         0         0         0         
3      1168      1002      49431     291       291       0         0         0         0         0         
1      575       488       49431     189       199       0         0         0         0         0         
1      672       693       49432     189       280       0         0         0         0         0         
1      333       769       49432     119       290       0         0         0         0         0         
1      603       599       49432     189       280       0         0         0         0         0         
1      672       373       49432     189       119       0         0         0         0         0         
1      527       433       49433     52        52        0         0         0         0         0         
1      233       216       49433     206       178       0         0         0         0         0         
1      180       463       49433     178       168       0         0         0         0         0         
3      760       152       49433     291       9         0         0         0         0         0         
1      434       622       49433     52        280       0         0         0         0         0         
2      760       152       49433     291       9         0         0         0         0         0         
1      325       330       49434     299       127       0         0         0         0         0         
1      626       529       49434     189       189       0         0         0         0         0         
2      253       558       49434     206       189       0         0         0         0         0         
1      597       802       49434     131       291       0         0         0         0         0         
2      599       709       49434     280       131       0         0         0         0         0         
2      772       373       49434     290       119       0         0         0         0         0         
1      980       735       49434     291       131       0         0         0         0         0         
1      353       418       49435     119       168       0         0         0         0         0         
1      743       619       49435     290       131       0         0         0         0         0         
1      689       504       49435     131       52        0         0         0         0         0         
1      389       507       49435     299       189       0         0         0         0         0         
1      499       1233      49436     52        129       0         0         0         0         0         
1      698       923       49436     189       290       0         0         0         0         0         
1      554       629       49436     189       189       0         0         0         0         0         
1      923       649       49436     290       189       0         0         0         0         0         
1      529       719       49436     189       189       0         0         0         0         0         
1      465       334       49437     199       119       0         0         0         0         0         
2      556       373       49437     199       119       0         0         0         0         0         
1      1343      1354      49438     129       129       0         0         0         0         0         
1      217       247       49438     87        266       0         0         0         0         0         
2      630       665       49438     189       131       0         0         0         0         0         
1      701       332       49438     290       87        0         0         0         0         0         
1      782       767       49439     291       290       0         0         0         0         0         
1      628       623       49439     189       280       0         0         0         0         0         
1      827       693       49439     291       280       0         0         0         0         0         
2      652       373       49439     189       119       0         0         0         0         0         
1      788       1189      49439     290       192       0         0         0         0         0         
1      675       991       49439     189       290       0         0         0         0         0         
