COLUMNS

passenger_count
pickup_ID
dropoff_ID
request_time_sec
pickup_district
dropoff_district
LDuals
IDuals
vehicle_ID
pick_position
drop_position

REQUESTS_INFO
2      916       717       29474     291       189       199       199       106       1         3         
2      904       462       29487     290       189       231       231       128       1         3         
1      815       719       29464     290       189       205       205       134       1         3         
1      312       415       29450     87        100       215       215       168       1         2         
1      970       970       29453     290       290       244       244       180       1         2         
1      508       580       29477     199       189       96        96        200       1         3         
1      1087      698       29471     291       189       212       212       216       1         4         
4      794       628       29352     290       189       349       349       221       1         2         
1      1201      838       29363     84        290       399       399       235       1         2         
3      971       603       29461     290       189       309       309       302       1         2         
2      464       479       29470     168       52        133       133       307       1         2         
1      440       599       29488     168       280       81        81        327       1         3         
1      353       463       29481     119       168       202       202       354       1         2         
2      345       333       29400     299       119       227       227       378       1         2         
1      915       557       29441     291       189       245       245       382       1         2         
1      839       1089      29326     290       291       379       379       383       1         2         
1      871       232       29453     291       266       214       214       409       1         3         
1      1338      1161      29424     129       84        279       279       441       1         2         
1      1265      1528      29386     192       296       294       294       446       1         2         
1      391       718       29475     52        189       134       134       448       1         4         
1      991       1011      29464     290       84        149       149       489       1         4         
1      928       1068      29445     290       291       267       267       492       1         2         
1      837       599       29472     290       280       180       180       493       1         3         
1      836       353       29463     290       119       147       147       513       1         5         
3      817       651       29473     290       189       215       215       521       1         2         
3      746       296       29454     290       277       210.5     210.5     522       1         2         
1      794       1218      29460     290       84        189       189       544       1         4         
1      993       1199      29458     84        84        223       223       547       1         3         
3      865       696       29432     290       189       294       294       548       1         3         
1      884       781       29463     290       291       239.5     239.5     604       1         3         
3      885       580       29477     290       189       232.5     232.5     604       2         4         
2      1171      749       29480     192       290       287       287       606       1         2         
3      328       421       29412     299       168       256       256       609       1         2         
3      909       116       29275     290       9         411       411       611       1         3         
3      983       738       29486     291       189       225       225       615       1         3         
1      906       558       29462     290       189       235.5     235.5     644       1         2         
1      1066      727       29444     291       290       191       191       648       1         4         
3      771       721       29460     290       290       220       220       679       1         3         
1      816       694       29462     290       189       195       195       679       2         4         
3      860       721       29383     290       290       323       323       682       1         2         
1      992       507       29404     290       189       379       379       704       1         4         
1      1231      715       29460     129       131       244.5     244.5     716       1         3         
3      881       648       29279     290       189       430       430       731       1         4         
1      881       583       29469     290       189       201       201       731       2         3         
1      1106      737       29371     291       189       324       324       773       1         4         
2      1106      788       29453     291       290       236       236       773       2         5         
3      888       926       29200     290       290       544       544       818       1         2         
3      908       671       29445     290       280       328       328       821       1         2         
3      1132      1218      29457     291       84        271       271       833       1         3         
1      474       20        29474     52        98        149       149       873       1         2         
1      354       511       29484     119       199       202       202       886       1         4         
1      507       393       29461     189       52        140       140       894       1         2         
1      909       721       29463     290       290       198.5     198.5     903       1         3         
1      479       498       29381     52        52        291       291       931       1         2         
1      304       290       29467     299       127       134       134       952       1         2         
1      354       605       29461     119       189       225       225       956       1         2         
1      1012      781       29466     84        291       310       310       964       1         2         
1      947       782       29486     290       291       219       219       969       1         2         
2      970       675       29384     290       189       357       357       1005      1         3         
1      946       1218      29402     290       84        282       282       1016      1         4         
1      946       1217      29489     290       84        238       238       1016      2         3         
2      969       1264      29196     290       192       543       543       1042      1         2         
1      732       698       29433     131       189       190       190       1059      1         3         
1      950       925       29419     290       290       326       326       1066      1         2         
2      791       527       29469     290       52        192.5     192.5     1075      1         3         
2      1109      1207      29432     291       192       401       401       1099      1         2         
1      835       652       29457     290       189       202       202       1100      1         2         
1      884       1529      29459     290       296       243.5     243.5     1103      1         4         
1      733       748       29444     131       290       170       170       1116      1         3         
3      374       604       29405     119       189       247       247       1124      1         2         
1      887       439       29456     290       189       289       289       1125      1         2         
1      907       746       29429     290       290       297       297       1126      1         2         
2      908       171       29462     290       286       293.5     293.5     1130      1         3         
3      984       716       29180     291       189       580       580       1140      1         2         
1      970       20        29461     290       98        214       214       1141      1         5         
3      199       721       29391     178       290       219       219       1148      1         2         
1      1131      760       29187     291       291       529       529       1159      1         2         
1      679       649       29469     290       189       133       133       1169      1         2         
2      812       649       29470     290       189       194       194       1179      1         4         
1      859       742       29473     290       290       184       184       1179      2         3         
3      817       651       29473     290       189       215       215       1193      1         3         
1      817       372       29487     290       119       175       175       1193      2         4         
2      863       961       29468     290       291       275       275       1203      1         2         
1      893       544       29486     291       52        183       183       1216      1         3         
1      923       1068      29401     290       291       326       326       1235      1         2         
1      909       649       29414     290       189       247.5     247.5     1258      1         5         
2      723       633       29441     290       189       182       182       1262      1         2         
2      1225      692       29454     192       280       166       166       1266      1         4         
1      983       671       29489     291       280       161       161       1294      1         4         
1      936       801       29418     291       291       245       245       1298      1         2         
1      915       544       29488     291       52        173       173       1324      1         3         
3      885       580       29477     290       189       232.5     232.5     1327      1         2         
1      395       697       29422     100       189       205       205       1344      1         2         
1      1212      1090      29433     129       291       292.5     292.5     1347      1         3         
3      1087      193       29459     291       266       299       299       1357      1         3         
1      1195      983       29460     129       291       243.5     243.5     1360      1         3         
3      858       748       29407     290       290       212       212       1371      1         2         
3      663       970       29453     131       290       155       155       1390      1         2         
1      324       759       29434     299       131       203       203       1391      1         2         
1      939       604       29383     291       189       313       313       1403      1         4         
1      1101      544       29430     84        52        200       200       1410      1         3         
1      874       744       29476     291       290       170       170       1429      1         2         
1      951       599       29393     290       280       312       312       1441      1         3         
2      354       716       29479     119       189       207       207       1450      1         2         
1      722       604       29464     290       189       112       112       1462      1         2         
2      883       947       29431     290       290       281       281       1466      1         2         
3      874       651       29239     291       189       429       429       1469      1         2         
1      795       870       29490     290       291       0         0         0         0         0         
1      946       675       29490     290       189       0         0         0         0         0         
1      313       535       29490     87        189       0         0         0         0         0         
1      718       606       29490     189       189       0         0         0         0         0         
1      195       374       29490     207       119       0         0         0         0         0         
1      163       581       29490     178       189       0         0         0         0         0         
1      781       578       29491     291       189       0         0         0         0         0         
1      598       747       29491     189       290       0         0         0         0         0         
1      461       694       29491     189       189       0         0         0         0         0         
1      969       582       29491     290       189       0         0         0         0         0         
1      215       216       29492     178       178       0         0         0         0         0         
1      701       46        29492     290       98        0         0         0         0         0         
1      219       836       29492     87        290       0         0         0         0         0         
1      882       579       29492     290       189       0         0         0         0         0         
1      99        369       29492     286       52        0         0         0         0         0         
3      481       510       29492     189       199       0         0         0         0         0         
3      481       510       29492     189       199       0         0         0         0         0         
1      717       255       29493     189       87        0         0         0         0         0         
1      791       441       29493     290       168       0         0         0         0         0         
1      21        232       29493     98        266       0         0         0         0         0         
1      688       43        29493     131       9         0         0         0         0         0         
1      194       673       29493     207       189       0         0         0         0         0         
1      727       790       29494     290       290       0         0         0         0         0         
1      675       560       29494     189       189       0         0         0         0         0         
1      510       439       29494     199       189       0         0         0         0         0         
1      21        508       29495     98        199       0         0         0         0         0         
1      527       417       29495     52        100       0         0         0         0         0         
1      333       249       29495     119       266       0         0         0         0         0         
3      604       698       29495     189       189       0         0         0         0         0         
2      604       698       29495     189       189       0         0         0         0         0         
1      248       116       29495     266       9         0         0         0         0         0         
1      598       726       29495     189       290       0         0         0         0         0         
1      725       372       29496     290       119       0         0         0         0         0         
1      173       116       29496     286       9         0         0         0         0         0         
1      701       532       29496     290       199       0         0         0         0         0         
1      416       649       29496     100       189       0         0         0         0         0         
1      155       578       29496     286       189       0         0         0         0         0         
1      440       267       29496     168       266       0         0         0         0         0         
1      816       599       29496     290       280       0         0         0         0         0         
2      695       781       29496     189       291       0         0         0         0         0         
3      695       781       29496     189       291       0         0         0         0         0         
3      693       507       29496     280       189       0         0         0         0         0         
3      693       507       29496     280       189       0         0         0         0         0         
1      812       461       29497     290       189       0         0         0         0         0         
1      371       571       29497     52        52        0         0         0         0         0         
1      673       580       29497     189       189       0         0         0         0         0         
3      607       487       29497     189       199       0         0         0         0         0         
3      607       487       29497     189       199       0         0         0         0         0         
1      765       669       29498     290       280       0         0         0         0         0         
2      582       598       29498     189       189       0         0         0         0         0         
1      413       415       29498     52        100       0         0         0         0         0         
1      621       437       29499     280       100       0         0         0         0         0         
1      373       461       29499     119       189       0         0         0         0         0         
1      759       392       29499     131       52        0         0         0         0         0         
1      1076      995       29499     84        84        0         0         0         0         0         
2      693       981       29499     280       291       0         0         0         0         0         
1      888       698       29499     290       189       0         0         0         0         0         
1      1128      1300      29499     291       192       0         0         0         0         0         
1      770       630       29500     290       189       0         0         0         0         0         
2      507       209       29500     189       266       0         0         0         0         0         
1      597       628       29500     131       189       0         0         0         0         0         
1      722       970       29500     290       290       0         0         0         0         0         
1      390       545       29500     52        52        0         0         0         0         0         
1      695       551       29500     189       189       0         0         0         0         0         
1      664       415       29501     131       100       0         0         0         0         0         
2      645       697       29501     280       189       0         0         0         0         0         
1      60        116       29501     9         9         0         0         0         0         0         
2      984       749       29501     291       290       0         0         0         0         0         
3      191       288       29501     266       127       0         0         0         0         0         
3      458       679       29501     52        290       0         0         0         0         0         
1      715       414       29501     131       100       0         0         0         0         0         
2      458       679       29501     52        290       0         0         0         0         0         
1      718       555       29502     189       199       0         0         0         0         0         
1      837       674       29502     290       189       0         0         0         0         0         
1      702       675       29502     290       189       0         0         0         0         0         
1      556       598       29502     199       189       0         0         0         0         0         
1      1011      693       29502     84        280       0         0         0         0         0         
1      605       232       29502     189       266       0         0         0         0         0         
1      721       415       29502     290       100       0         0         0         0         0         
3      731       1037      29503     131       84        0         0         0         0         0         
3      858       759       29503     290       131       0         0         0         0         0         
3      858       759       29503     290       131       0         0         0         0         0         
1      948       675       29503     290       189       0         0         0         0         0         
1      749       135       29503     290       286       0         0         0         0         0         
3      731       1037      29503     131       84        0         0         0         0         0         
1      305       229       29503     299       266       0         0         0         0         0         
1      632       725       29503     189       290       0         0         0         0         0         
1      668       287       29504     280       299       0         0         0         0         0         
1      771       1003      29504     290       291       0         0         0         0         0         
1      701       578       29505     290       189       0         0         0         0         0         
3      597       116       29505     131       9         0         0         0         0         0         
1      527       438       29505     52        100       0         0         0         0         0         
1      327       434       29505     299       52        0         0         0         0         0         
3      598       413       29505     189       52        0         0         0         0         0         
1      598       554       29505     189       189       0         0         0         0         0         
1      551       580       29505     189       189       0         0         0         0         0         
3      597       116       29505     131       9         0         0         0         0         0         
1      604       576       29505     189       189       0         0         0         0         0         
1      309       531       29505     127       189       0         0         0         0         0         
1      1002      1012      29506     291       84        0         0         0         0         0         
1      715       208       29506     131       286       0         0         0         0         0         
1      665       693       29506     131       280       0         0         0         0         0         
1      461       526       29506     189       52        0         0         0         0         0         
1      642       247       29507     131       266       0         0         0         0         0         
1      737       556       29507     189       199       0         0         0         0         0         
1      81        488       29507     98        199       0         0         0         0         0         
2      597       648       29507     131       189       0         0         0         0         0         
1      947       859       29507     290       290       0         0         0         0         0         
1      749       354       29507     290       119       0         0         0         0         0         
1      276       409       29508     87        52        0         0         0         0         0         
1      863       925       29508     290       290       0         0         0         0         0         
1      835       675       29508     290       189       0         0         0         0         0         
1      527       291       29508     52        87        0         0         0         0         0         
1      715       836       29508     131       290       0         0         0         0         0         
1      605       693       29508     189       280       0         0         0         0         0         
2      905       889       29508     290       290       0         0         0         0         0         
3      905       889       29508     290       290       0         0         0         0         0         
1      499       435       29508     52        52        0         0         0         0         0         
1      510       568       29508     199       52        0         0         0         0         0         
1      527       604       29509     52        189       0         0         0         0         0         
3      726       864       29509     290       290       0         0         0         0         0         
3      267       619       29509     266       131       0         0         0         0         0         
2      330       484       29510     127       189       0         0         0         0         0         
3      330       484       29510     127       189       0         0         0         0         0         
1      462       674       29510     189       189       0         0         0         0         0         
1      693       527       29510     280       52        0         0         0         0         0         
1      791       580       29510     290       189       0         0         0         0         0         
1      722       858       29511     290       290       0         0         0         0         0         
2      559       694       29511     189       189       0         0         0         0         0         
1      887       584       29511     290       189       0         0         0         0         0         
2      883       744       29511     290       290       0         0         0         0         0         
3      247       60        29511     266       9         0         0         0         0         0         
1      571       765       29512     52        290       0         0         0         0         0         
1      757       476       29512     131       52        0         0         0         0         0         
1      410       745       29512     52        290       0         0         0         0         0         
1      623       621       29512     280       280       0         0         0         0         0         
1      364       32        29512     299       98        0         0         0         0         0         
2      1053      696       29512     84        189       0         0         0         0         0         
1      608       602       29512     189       189       0         0         0         0         0         
2      873       452       29512     291       52        0         0         0         0         0         
3      873       452       29512     291       52        0         0         0         0         0         
2      191       292       29512     266       87        0         0         0         0         0         
1      529       696       29513     189       189       0         0         0         0         0         
1      631       511       29514     189       199       0         0         0         0         0         
1      839       836       29514     290       290       0         0         0         0         0         
2      739       788       29514     189       290       0         0         0         0         0         
1      812       651       29515     290       189       0         0         0         0         0         
3      377       266       29515     168       266       0         0         0         0         0         
3      377       266       29515     168       266       0         0         0         0         0         
3      374       483       29515     119       189       0         0         0         0         0         
3      374       483       29515     119       189       0         0         0         0         0         
1      717       556       29515     189       199       0         0         0         0         0         
3      134       651       29515     9         189       0         0         0         0         0         
1      837       1199      29515     290       84        0         0         0         0         0         
2      308       595       29516     127       131       0         0         0         0         0         
3      308       595       29516     127       131       0         0         0         0         0         
1      735       670       29516     131       280       0         0         0         0         0         
1      277       749       29516     87        290       0         0         0         0         0         
1      665       737       29517     131       189       0         0         0         0         0         
1      549       578       29517     52        189       0         0         0         0         0         
1      950       559       29517     290       189       0         0         0         0         0         
1      526       646       29518     52        280       0         0         0         0         0         
1      928       651       29518     290       189       0         0         0         0         0         
1      946       698       29518     290       189       0         0         0         0         0         
1      328       605       29518     299       189       0         0         0         0         0         
1      718       840       29518     189       290       0         0         0         0         0         
1      950       622       29518     290       280       0         0         0         0         0         
1      780       1189      29519     291       192       0         0         0         0         0         
1      887       626       29519     290       189       0         0         0         0         0         
1      172       275       29519     286       87        0         0         0         0         0         
1      673       116       29519     189       9         0         0         0         0         0         
3      670       507       29519     280       189       0         0         0         0         0         
3      670       507       29519     280       189       0         0         0         0         0         
2      640       369       29519     131       52        0         0         0         0         0         
