COLUMNS

passenger_count
pickup_ID
dropoff_ID
request_time_sec
pickup_district
dropoff_district

REQUESTS_INFO
1      527       804       50370     52        291       
3      770       692       50370     290       280       
1      509       556       50371     199       199       
1      549       171       50371     52        286       
1      1034      983       50371     84        291       
3      780       891       50371     291       291       
2      780       891       50371     291       291       
2      512       373       50371     199       119       
1      778       958       50372     131       291       
1      780       649       50372     291       189       
2      859       557       50373     290       189       
3      859       557       50373     290       189       
1      907       749       50373     290       290       
2      624       643       50373     189       131       
1      691       765       50373     131       290       
1      1091      1168      50374     291       291       
4      913       850       50374     291       291       
1      295       390       50374     87        52        
1      717       850       50374     189       291       
2      434       232       50374     52        266       
1      437       443       50374     100       168       
1      992       970       50374     290       290       
1      439       531       50375     189       189       
3      372       397       50375     119       168       
1      292       175       50375     87        266       
3      372       397       50375     119       168       
1      134       155       50376     9         286       
2      738       813       50376     189       290       
1      135       46        50376     286       98        
1      578       647       50376     189       280       
1      436       177       50376     100       207       
3      894       847       50376     291       291       
2      894       847       50376     291       291       
2      527       463       50376     52        168       
1      675       554       50377     189       189       
2      649       456       50377     189       52        
2      888       738       50378     290       189       
1      769       65        50378     290       98        
1      553       554       50378     189       189       
1      306       504       50378     299       52        
1      883       791       50378     290       290       
1      696       557       50378     189       189       
1      804       581       50378     291       189       
1      431       461       50379     52        189       
1      550       940       50379     189       291       
1      1107      827       50379     291       291       
2      572       1476      50379     131       296       
3      353       375       50380     119       119       
3      353       375       50380     119       119       
2      333       502       50380     119       52        
1      556       393       50380     199       52        
3      557       440       50381     189       168       
1      709       1087      50381     131       291       
1      670       504       50381     280       52        
1      279       461       50381     87        189       
1      894       743       50381     291       290       
1      556       721       50381     199       290       
3      557       440       50381     189       168       
1      650       923       50382     189       290       
1      1010      1108      50382     290       291       
1      719       791       50382     189       290       
1      1025      982       50382     291       291       
2      393       506       50382     52        189       
1      549       810       50382     52        290       
1      692       760       50383     280       291       
1      413       99        50383     52        286       
1      356       418       50383     119       168       
1      715       940       50383     131       291       
2      269       389       50384     127       299       
4      338       352       50384     277       119       
1      827       1086      50384     291       291       
3      1196      673       50384     129       189       
3      1196      673       50384     129       189       
2      285       553       50384     299       189       
3      285       553       50384     299       189       
1      273       430       50384     206       52        
2      505       603       50385     52        189       
3      505       603       50385     52        189       
1      482       442       50385     189       168       
1      969       651       50385     290       189       
1      483       603       50385     189       189       
1      233       513       50385     206       199       
1      674       811       50386     189       290       
1      288       251       50386     127       127       
4      927       217       50386     290       87        
3      504       717       50386     52        189       
1      605       924       50386     189       290       
1      502       896       50387     52        291       
2      232       693       50387     266       280       
1      287       483       50387     299       189       
3      32        123       50388     98        54        
3      883       768       50388     290       290       
1      835       924       50388     290       290       
2      723       949       50388     290       290       
1      31        219       50388     9         87        
2      392       215       50389     52        178       
4      346       700       50389     299       290       
2      179       693       50389     178       280       
1      442       254       50390     168       87        
1      1128      1189      50390     291       192       
1      412       45        50390     52        98        
1      887       859       50390     290       290       
1      535       334       50391     189       119       
3      789       1074      50391     290       84        
3      194       328       50391     207       299       
1      716       715       50391     189       131       
2      650       693       50391     189       280       
3      650       693       50391     189       280       
3      194       328       50391     207       299       
1      392       277       50391     52        87        
1      504       881       50391     52        290       
1      881       947       50392     290       290       
4      737       984       50393     189       291       
2      549       834       50393     52        290       
3      366       371       50393     299       52        
1      313       250       50394     87        127       
1      676       791       50394     189       290       
1      371       346       50395     52        299       
1      528       647       50395     52        280       
2      1048      700       50395     291       290       
1      171       250       50395     286       127       
2      733       648       50396     131       189       
1      463       368       50396     168       299       
1      228       367       50396     266       299       
1      535       601       50396     189       189       
2      608       656       50397     189       290       
1      291       504       50397     87        52        
2      409       576       50397     52        189       
1      742       948       50397     290       290       
1      720       553       50397     290       189       
1      200       20        50398     87        98        
3      527       444       50398     52        168       
1      63        285       50398     98        299       
1      220       573       50398     87        189       
1      662       736       50398     131       131       
1      253       390       50398     206       52        
2      916       690       50398     291       131       
2      527       444       50398     52        168       
1      333       481       50399     119       189       
3      1001      666       50399     291       131       
3      1001      666       50399     291       131       
