COLUMNS

passenger_count
pickup_ID
dropoff_ID
request_time_sec
pickup_time_sec
pickup_depart_sec
vehicle_ID
pickup_district
dropoff_district
position

REQUESTS_INFO
1      170       233       31503     31628     31658     2              286            206            1              
1      605       527       31493     31586     31616     7              189            52             1              
1      758       418       31265     31387     31417     16             131            168            1              
1      688       760       31446     31539     31569     18             131            291            1              
1      665       672       31386     31486     31516     18             131            189            2              
2      688       656       31509     31569     31599     18             131            290            3              
1      325       230       31496     31614     31644     20             299            266            1              
2      304       22        31432     31559     31589     20             299            98             2              
1      882       892       31156     31224     31254     22             290            291            2              
1      894       701       31497     31561     31591     22             291            290            4              
1      598       627       31284     31385     31415     23             189            189            1              
1      598       533       31374     31415     31445     23             189            199            2              
3      759       639       31463     31600     31630     26             131            131            1              
1      527       103       31415     31470     31500     31             52             57             1              
1      981       1225      31373     31416     31446     32             291            192            1              
1      529       616       31360     31467     31497     33             189            131            1              
1      1087      1264      31276     31428     31458     34             291            192            1              
1      452       597       31470     31611     31641     36             52             131            1              
1      314       923       31141     31277     31307     39             119            290            1              
1      688       550       31425     31526     31556     40             131            189            1              
1      568       550       31516     31572     31602     42             52             189            1              
1      418       739       31407     31565     31595     45             168            189            1              
1      863       368       30931     31017     31047     46             290            299            1              
1      464       235       31333     31441     31471     48             168            87             1              
1      455       334       31396     31511     31541     49             52             119            1              
3      549       639       31504     31619     31649     51             52             131            1              
2      189       801       31382     31550     31580     52             286            291            1              
2      81        662       31477     31599     31629     53             98             131            1              
1      499       247       31490     31566     31596     54             52             266            1              
1      504       679       31366     31473     31503     55             52             290            1              
1      413       671       31488     31578     31608     56             52             280            1              
1      731       526       31260     31373     31403     58             131            52             1              
1      948       692       31375     31475     31505     61             290            280            1              
1      213       527       31472     31585     31615     62             266            52             1              
1      477       526       31528     31656     31686     63             52             52             1              
1      476       601       31464     31531     31561     63             52             189            2              
1      476       693       31359     31501     31531     63             52             280            3              
3      950       1032      31457     31589     31619     65             290            84             1              
1      443       726       31492     31615     31645     77             168            290            1              
2      913       836       31288     31416     31446     78             291            290            1              
1      454       134       31511     31599     31629     81             52             9              1              
2      408       1175      31460     31578     31608     83             299            129            1              
2      442       990       31519     31603     31633     86             168            290            1              
1      1000      628       31260     31380     31410     88             291            189            1              
1      522       593       31278     31320     31350     90             52             52             1              
3      549       639       31504     31586     31616     90             52             131            2              
2      1066      996       31493     31622     31652     92             291            84             1              
1      1174      1250      31457     31563     31593     93             129            129            1              
1      812       924       31463     31544     31574     96             290            290            1              
1      768       695       31481     31621     31651     96             290            189            2              
3      908       929       31365     31474     31504     103            290            290            1              
1      927       252       31020     31140     31170     107            290            206            1              
1      679       413       31394     31478     31508     110            290            52             1              
1      656       816       31498     31632     31662     112            290            290            1              
2      237       441       31434     31545     31575     114            87             168            1              
2      181       81        31487     31618     31648     116            178            98             1              
2      218       135       31434     31519     31549     116            87             286            2              
1      549       1568      31280     31343     31373     118            52             296            1              
1      374       479       31296     31439     31469     119            119            52             1              
1      462       351       31500     31606     31636     119            189            52             2              
1      622       639       31397     31504     31534     120            280            131            1              
1      598       258       31490     31598     31628     120            189            87             2              
1      371       272       31506     31678     31708     127            52             127            1              
3      46        615       31496     31619     31649     128            98             131            1              
2      596       527       31528     31647     31677     130            131            52             1              
1      862       721       31465     31594     31624     133            290            290            1              
1      903       717       31346     31442     31472     133            290            189            2              
1      884       734       31430     31510     31540     133            290            131            3              
2      575       504       31507     31652     31682     141            189            52             1              
2      46        305       31483     31633     31663     145            98             299            1              
2      46        615       31496     31616     31646     148            98             131            1              
2      354       292       31332     31482     31512     155            119            87             1              
2      1043      272       31224     31337     31367     156            291            127            1              
1      726       782       31233     31360     31390     160            290            291            1              
2      608       913       31478     31609     31639     160            189            291            2              
1      155       116       31511     31599     31629     162            286            9              1              
2      438       649       31459     31557     31587     170            100            189            1              
2      461       629       31508     31639     31669     170            189            189            2              
1      722       673       31503     31644     31674     172            290            189            1              
2      694       782       31511     31584     31614     175            189            291            1              
4      596       79        31445     31587     31617     177            131            98             1              
1      651       134       31275     31353     31383     178            189            9              1              
1      623       61        31512     31641     31671     178            280            98             2              
1      970       699       31334     31452     31482     181            290            290            1              
1      527       746       31439     31470     31500     184            52             290            1              
1      909       1010      31204     31369     31399     185            290            290            1              
3      984       906       31484     31631     31661     188            291            290            1              
3      645       905       31451     31543     31573     190            280            290            1              
2      697       780       31483     31560     31590     191            189            291            1              
2      696       305       31449     31525     31555     191            189            299            2              
1      180       556       31415     31576     31606     192            178            199            3              
1      607       442       31495     31609     31639     193            189            168            1              
1      972       234       31188     31306     31336     193            290            87             2              
1      607       158       31470     31579     31609     193            189            174            3              
1      676       556       31428     31489     31519     194            189            199            1              
1      696       1200      31461     31556     31586     194            189            84             2              
1      158       228       31443     31547     31577     196            174            266            1              
1      194       904       31517     31634     31664     196            207            290            2              
2      848       871       31465     31624     31654     198            291            291            1              
1      848       893       31517     31654     31684     198            291            291            2              
1      314       443       31394     31546     31576     203            119            168            1              
1      336       556       31503     31651     31681     203            277            199            2              
1      630       527       31329     31412     31442     204            189            52             1              
3      671       527       31516     31638     31668     204            280            52             2              
1      136       547       31526     31560     31590     205            286            52             2              
2      605       716       31386     31494     31524     211            189            189            1              
1      850       983       31500     31607     31637     213            291            291            1              
1      936       782       31490     31597     31627     214            291            291            1              
1      875       533       31356     31501     31531     214            291            199            2              
1      398       276       31444     31568     31598     215            168            87             1              
2      731       621       31307     31428     31458     221            131            280            1              
1      731       229       31445     31552     31582     221            131            266            2              
1      711       120       31315     31386     31416     222            131            57             1              
2      874       527       31323     31439     31469     223            291            52             1              
2      905       916       31386     31481     31511     225            290            291            1              
1      664       505       31391     31487     31517     226            131            52             1              
3      1069      760       31266     31399     31429     234            291            291            1              
3      534       782       31378     31475     31505     235            199            291            1              
1      620       805       31513     31626     31656     236            131            291            1              
1      712       554       31402     31517     31547     238            131            189            1              
2      665       991       31489     31566     31596     243            131            290            1              
2      714       969       31313     31399     31429     245            131            290            1              
3      137       679       31406     31505     31535     248            286            290            1              
1      712       694       31370     31508     31538     250            131            189            1              
1      235       721       31410     31479     31509     253            87             290            1              
3      457       981       31212     31339     31369     254            52             291            1              
2      814       535       31464     31571     31601     259            290            189            1              
1      276       852       31217     31314     31344     262            87             291            1              
1      619       524       31506     31604     31634     265            131            52             1              
1      619       344       31472     31574     31604     265            131            299            2              
2      455       550       31424     31541     31571     266            52             189            1              
1      455       555       31480     31571     31601     266            52             199            2              
1      715       276       31438     31552     31582     267            131            87             1              
1      443       527       31481     31646     31676     269            168            52             1              
1      511       288       31489     31547     31577     269            199            127            2              
1      439       1021      31381     31516     31546     271            189            291            1              
1      907       479       31331     31456     31486     274            290            52             1              
1      277       604       31265     31379     31409     275            87             189            1              
1      213       694       31269     31417     31447     276            266            189            1              
3      179       642       31060     31240     31270     278            178            131            1              
1      664       556       31377     31473     31503     283            131            199            1              
3      669       653       31505     31624     31654     289            280            189            1              
1      295       167       31460     31574     31604     293            87             178            1              
1      376       265       31377     31410     31440     297            168            299            1              
3      870       936       31485     31604     31634     298            291            291            1              
1      372       718       31517     31637     31667     303            119            189            1              
1      1402      1087      31375     31493     31523     304            129            291            1              
1      702       772       31492     31618     31648     305            290            290            1              
1      701       396       31467     31550     31580     305            290            119            2              
1      939       1001      31287     31408     31438     306            291            291            1              
2      1000      437       31197     31320     31350     307            291            100            1              
1      527       625       31506     31560     31590     312            52             189            1              
2      627       99        31171     31263     31293     313            189            286            1              
1      851       44        31326     31433     31463     314            291            98             1              
2      583       527       31529     31662     31692     315            189            52             1              
1      760       905       31449     31575     31605     319            291            290            1              
2      215       269       31379     31461     31491     323            178            127            1              
3      874       1045      31402     31502     31532     325            291            291            1              
1      896       665       31464     31587     31617     325            291            131            2              
3      760       505       31395     31505     31535     326            291            52             1              
3      463       201       31353     31481     31511     327            168            87             1              
1      838       621       31319     31417     31447     328            290            280            1              
2      553       138       31331     31427     31457     332            189            57             1              
3      608       695       31487     31615     31645     333            189            189            1              
1      632       726       31513     31639     31669     336            189            290            1              
1      627       99        31479     31530     31560     336            189            286            2              
1      395       308       31424     31586     31616     337            100            127            1              
2      527       356       31348     31380     31410     339            52             119            1              
3      874       527       31323     31457     31487     340            291            52             1              
1      841       836       31514     31585     31615     344            290            290            2              
1      418       527       31392     31547     31577     345            168            52             1              
2      439       371       31510     31612     31642     345            189            52             2              
3      510       648       31521     31615     31645     347            199            189            1              
1      739       551       31444     31527     31557     352            189            189            1              
2      668       526       31422     31538     31568     354            280            52             1              
3      623       556       31458     31567     31597     356            280            199            1              
1      579       645       31426     31470     31500     356            189            280            2              
1      482       1342      31390     31502     31532     364            189            129            1              
1      459       119       31468     31577     31607     365            189            286            1              
1      816       677       31464     31514     31544     366            290            189            1              
1      817       580       31353     31474     31504     366            290            189            2              
1      887       573       31473     31591     31621     366            290            189            3              
1      571       314       31509     31612     31642     368            52             119            1              
1      608       308       31173     31246     31276     371            189            127            1              
3      439       371       31510     31635     31665     373            189            52             1              
1      693       9         31348     31450     31480     374            280            98             1              
2      464       232       31427     31507     31537     382            168            266            1              
2      463       98        31498     31569     31599     382            168            98             2              
1      760       356       31292     31413     31443     383            291            119            1              
2      1044      913       31471     31548     31578     384            291            291            1              
2      1044      896       31502     31578     31608     384            291            291            2              
3      553       250       31528     31617     31647     385            189            127            1              
1      553       45        31504     31587     31617     385            189            98             2              
1      482       97        31346     31445     31475     389            189            9              1              
1      971       629       31169     31234     31264     390            290            189            1              
1      465       312       31507     31564     31594     390            199            87             2              
2      459       351       31287     31335     31365     392            189            52             1              
2      623       535       31505     31643     31673     394            280            189            1              
1      654       577       31445     31504     31534     396            189            189            1              
1      719       679       31461     31554     31584     405            189            290            1              
1      695       948       31520     31593     31623     405            189            290            2              
3      486       649       31335     31424     31454     406            199            189            1              
1      576       817       31157     31239     31269     407            189            290            1              
1      215       419       31431     31501     31531     408            178            168            1              
1      630       465       31290     31389     31419     409            189            199            1              
1      677       375       31374     31449     31479     409            189            119            2              
1      745       926       31263     31382     31412     411            290            290            1              
2      1152      991       31324     31469     31499     412            291            290            1              
1      1171      827       31484     31572     31602     412            192            291            2              
1      601       649       31515     31581     31611     416            189            189            1              
2      601       640       31444     31551     31581     416            189            131            2              
2      908       905       31290     31458     31488     417            290            290            1              
1      929       678       31528     31608     31638     417            290            290            2              
1      860       436       31358     31506     31536     420            290            100            1              
1      1089      1044      31489     31622     31652     421            291            291            1              
1      669       216       31234     31299     31329     422            280            178            1              
1      678       527       31487     31625     31655     423            290            52             1              
1      194       199       31497     31610     31640     424            207            178            1              
1      643       367       31211     31278     31308     425            131            299            1              
1      295       852       31508     31592     31622     428            87             291            1              
2      256       556       31115     31230     31260     429            87             199            1              
3      673       757       31221     31293     31323     430            189            131            1              
2      573       368       31528     31612     31642     432            189            299            1              
1      1107      723       31257     31322     31352     439            291            290            1              
2      1107      415       31289     31352     31382     439            291            100            2              
1      350       478       31486     31535     31565     443            127            52             1              
3      390       209       31513     31671     31701     443            52             266            2              
3      623       556       31458     31578     31608     444            280            199            1              
1      621       720       31427     31489     31519     444            280            290            2              
1      356       725       31497     31651     31681     445            119            290            1              
1      1265      1087      31278     31414     31444     450            192            291            1              
1      1187      1022      31465     31591     31621     450            291            291            2              
1      1207      1100      31393     31535     31565     450            192            84             3              
3      746       130       31455     31526     31556     454            290            178            1              
2      465       276       31450     31507     31537     456            199            87             1              
1      317       620       31181     31300     31330     457            277            131            1              
1      197       249       31424     31547     31577     459            178            266            1              
1      197       273       31455     31577     31607     459            178            206            2              
1      825       802       31472     31572     31602     460            291            291            1              
3      803       1299      31380     31505     31535     460            291            192            2              
1      1149      828       31094     31290     31320     463            291            291            1              
1      1089      782       31381     31516     31546     463            291            291            2              
1      158       291       31514     31561     31591     464            174            87             1              
2      510       648       31521     31584     31614     465            199            189            1              
1      478       1436      31485     31557     31587     471            52             129            1              
3      485       232       31296     31422     31452     472            189            266            1              
2      486       551       31501     31568     31598     473            199            189            1              
2      442       525       31357     31469     31499     473            168            52             2              
3      486       551       31501     31632     31662     475            199            189            1              
1      532       616       31456     31550     31580     475            199            131            2              
1      1151      667       31428     31548     31578     477            291            131            1              
1      369       203       31328     31440     31470     478            52             87             1              
2      390       209       31513     31668     31698     481            52             266            1              
3      180       814       31126     31290     31320     486            178            290            1              
1      314       420       31352     31442     31472     493            119            168            1              
1      296       556       31420     31510     31540     493            277            199            2              
1      694       646       31495     31580     31610     494            189            280            1              
1      693       551       31491     31530     31560     494            280            189            2              
2      328       970       31524     31560     31590     495            299            290            1              
1      1001      827       31503     31622     31652     496            291            291            1              
1      1023      850       31450     31555     31585     496            291            291            2              
1      802       937       31286     31353     31383     498            291            291            1              
1      780       1667      31254     31290     31320     498            291            142            2              
3      171       601       31529     31648     31678     500            286            189            1              
1      356       218       31401     31574     31604     507            119            87             1              
3      984       397       31357     31410     31440     508            291            168            1              
2      675       742       31496     31590     31620     509            189            290            1              
1      673       314       31449     31532     31562     509            189            119            2              
1      336       648       31243     31356     31386     510            277            189            1              
1      476       533       31451     31509     31539     512            52             199            1              
2      710       556       31522     31624     31654     513            131            199            1              
1      717       827       31480     31591     31621     515            189            291            1              
1      737       970       31413     31518     31548     515            189            290            2              
1      690       908       31334     31434     31464     518            131            290            1              
1      308       644       31515     31578     31608     520            127            131            1              
1      1087      1047      31469     31578     31608     522            291            291            1              
1      1022      1147      31332     31479     31509     522            291            291            2              
1      1087      1263      31452     31548     31578     522            291            192            3              
1      509       252       31463     31514     31544     527            199            206            1              
2      646       526       31495     31593     31623     530            280            52             1              
2      608       695       31487     31573     31603     535            189            189            1              
2      608       834       31422     31543     31573     535            189            290            2              
1      713       598       31527     31612     31642     536            131            189            1              
1      391       644       31442     31583     31613     541            52             131            1              
2      623       117       31105     31170     31200     542            280            286            1              
2      421       350       31495     31618     31648     545            168            127            1              
1      1129      894       31420     31506     31536     553            291            291            1              
1      1129      903       31497     31536     31566     553            291            290            2              
1      1106      882       31512     31597     31627     553            291            290            3              
1      199       479       31270     31380     31410     556            178            52             1              
3      949       1116      31479     31594     31624     557            290            84             1              
1      859       727       31397     31444     31474     559            290            290            1              
1      815       678       31410     31516     31546     559            290            290            2              
1      1002      884       31463     31613     31643     562            291            290            1              
3      984       397       31357     31510     31540     562            291            168            2              
1      886       550       31201     31365     31395     567            290            189            1              
3      864       948       31404     31522     31552     571            290            290            1              
1      887       1118      31440     31566     31596     571            290            84             2              
1      992       818       31175     31337     31367     575            290            290            1              
1      839       396       31490     31590     31620     575            290            119            2              
1      1066      434       31244     31342     31372     576            291            52             1              
1      946       884       31528     31632     31662     578            290            290            1              
1      924       652       31417     31498     31528     578            290            189            2              
3      597       649       31353     31511     31541     579            131            189            1              
1      575       527       31497     31592     31622     579            189            52             2              
1      772       328       31372     31454     31484     580            290            299            1              
1      815       728       31514     31616     31646     582            290            290            1              
1      836       557       31479     31554     31584     582            290            189            2              
1      621       719       31414     31488     31518     583            280            189            1              
2      621       836       31353     31458     31488     583            280            290            2              
2      457       694       31373     31498     31528     585            52             189            1              
1      580       676       31249     31352     31382     590            189            189            1              
1      923       909       31422     31525     31555     592            290            290            1              
1      969       914       31480     31604     31634     592            290            291            2              
1      950       1282      31302     31390     31420     593            290            192            1              
1      1010      1026      31447     31604     31634     595            290            291            1              
1      990       1213      31417     31514     31544     595            290            129            2              
1      355       413       31237     31375     31405     596            119            52             1              
1      556       881       31260     31320     31350     598            199            290            1              
3      669       653       31505     31613     31643     599            280            189            1              
1      836       551       31257     31334     31364     600            290            189            1              
1      549       622       31503     31613     31643     605            52             280            1              
2      574       101       31456     31547     31577     605            189            57             2              
1      1149      1088      31375     31475     31505     608            291            291            1              
1      1149      790       31423     31505     31535     608            291            290            2              
1      1107      479       31493     31565     31595     608            291            52             3              
1      512       551       31418     31506     31536     613            199            189            1              
1      818       951       31416     31476     31506     617            290            290            1              
1      790       692       31477     31592     31622     618            290            280            1              
1      927       273       31268     31337     31367     619            290            206            1              
2      644       527       31463     31500     31530     622            131            52             1              
2      598       418       31491     31605     31635     622            189            168            2              
1      556       599       31527     31560     31590     626            199            280            1              
1      680       734       31273     31353     31383     627            290            131            1              
2      791       371       31437     31576     31606     627            290            52             2              
1      817       836       31246     31356     31386     629            290            290            1              
1      578       940       31344     31440     31470     630            189            291            1              
1      871       739       31367     31481     31511     631            291            189            1              
1      824       649       31359     31554     31584     631            291            189            2              
1      842       811       31410     31505     31535     633            290            290            1              
2      842       1026      31462     31535     31565     633            290            291            2              
1      840       1026      31511     31612     31642     633            290            291            3              
3      791       371       31437     31533     31563     636            290            52             1              
1      1068      627       31426     31488     31518     638            291            189            1              
1      43        99        31450     31584     31614     640            9              286            1              
2      739       479       31416     31510     31540     641            189            52             1              
1      715       287       31473     31581     31611     641            131            299            2              
1      887       415       31291     31430     31460     642            290            100            1              
1      332       556       31508     31569     31599     645            87             199            1              
1      582       1010      31372     31417     31447     653            189            290            1              
1      725       506       31529     31654     31684     654            290            189            1              
1      701       593       31088     31218     31248     659            290            52             1              
1      629       574       31316     31391     31421     659            189            189            2              
1      937       852       31482     31610     31640     660            291            291            1              
1      455       549       31304     31389     31419     661            52             52             1              
3      746       130       31455     31570     31600     662            290            178            1              
1      816       624       31182     31284     31314     665            290            189            1              
2      605       982       31505     31636     31666     665            189            291            2              
3      181       81        31487     31563     31593     667            178            98             1              
1      1078      834       31462     31564     31594     668            84             290            1              
1      549       652       31357     31412     31442     671            52             189            1              
1      549       183       31425     31472     31502     671            52             178            2              
1      926       479       31437     31521     31551     673            290            52             1              
1      398       695       31374     31498     31528     675            168            189            1              
1      1002      1148      31264     31396     31426     676            291            291            1              
2      937       1207      31399     31495     31525     676            291            192            2              
1      816       296       31219     31291     31321     678            290            277            1              
1      1066      668       31365     31442     31472     679            291            280            1              
1      621       671       31510     31611     31641     680            280            280            1              
2      891       1064      31430     31569     31599     681            291            291            2              
1      958       1149      31369     31488     31518     681            291            291            3              
1      391       647       31452     31584     31614     688            52             280            1              
3      864       1026      31316     31440     31470     689            290            291            1              
1      745       937       31479     31593     31623     691            290            291            1              
2      1149      715       31295     31422     31452     695            291            131            1              
1      1187      1023      31383     31557     31587     698            291            291            1              
1      1106      1579      31485     31646     31676     698            291            296            2              
3      1370      767       31480     31722     31752     701            129            290            1              
3      1370      767       31480     31632     31662     703            129            290            1              
2      870       936       31485     31614     31644     704            291            291            1              
2      649       97        31501     31563     31593     705            189            9              1              
1      939       722       31274     31410     31440     706            291            290            1              
1      939       717       31312     31440     31470     706            291            189            2              
3      848       871       31465     31582     31612     707            291            291            1              
1      848       460       31477     31612     31642     707            291            189            2              
1      367       739       31302     31426     31456     709            299            189            1              
1      1065      433       31148     31223     31253     710            291            52             1              
3      624       393       31521     31629     31659     710            189            52             2              
1      959       408       31333     31440     31470     712            291            299            1              
1      1149      1218      31302     31425     31455     713            291            84             1              
3      984       906       31484     31623     31653     717            291            290            1              
1      1168      620       31235     31330     31360     719            291            131            1              
1      1087      1263      31385     31531     31561     723            291            192            1              
1      886       1032      31447     31569     31599     724            290            84             1              
1      886       1176      31426     31539     31569     724            290            129            2              
1      356       526       31474     31618     31648     725            119            52             1              
1      356       811       31497     31648     31678     725            119            290            2              
3      959       1116      31476     31570     31600     732            291            84             3              
1      950       573       31393     31495     31525     734            290            189            1              
1      599       582       31457     31580     31610     735            280            189            1              
1      891       851       31207     31395     31425     736            291            291            1              
1      939       549       31341     31485     31515     743            291            52             1              
1      1335      1106      31476     31685     31715     745            192            291            1              
1      1047      552       31458     31591     31621     749            291            189            1              
1      894       643       31450     31510     31540     751            291            131            1              
1      742       805       31525     31647     31677     755            290            291            1              
1      827       700       31380     31521     31551     756            291            290            1              
1      875       1207      31343     31452     31482     757            291            192            1              
1      1003      479       31443     31633     31663     757            291            52             2              
1      959       649       31294     31425     31455     759            291            189            1              
1      936       552       31271     31377     31407     760            291            189            1              
2      671       527       31516     31607     31637     760            280            52             2              
1      675       549       31375     31448     31478     761            189            52             1              
1      768       837       31412     31530     31560     762            290            290            1              
1      768       905       31527     31560     31590     762            290            290            2              
2      790       1102      31353     31468     31498     762            290            84             3              
1      233       737       31340     31382     31412     764            206            189            1              
1      1529      1603      31320     31512     31542     767            296            296            1              
1      1556      1593      31425     31595     31625     767            296            296            2              
1      535       80        31330     31418     31448     769            189            98             1              
1      268       413       31349     31504     31534     770            299            52             1              
3      697       780       31483     31585     31615     771            189            291            1              
1      366       716       31451     31561     31591     774            299            189            2              
1      735       418       31443     31581     31611     775            131            168            1              
1      947       696       31404     31471     31501     776            290            189            1              
2      947       502       31307     31411     31441     776            290            52             2              
1      1355      1404      31451     31689     31719     777            129            129            1              
1      482       151       31011     31121     31151     779            189            9              1              
1      351       294       31471     31651     31681     780            52             87             1              
2      349       780       31408     31488     31518     781            127            291            1              
3      328       970       31524     31630     31660     783            299            290            1              
2      389       748       31296     31403     31433     794            299            290            1              
1      597       579       31257     31357     31387     799            131            189            1              
