COLUMNS

passenger_count
pickup_ID
dropoff_ID
ready_time_sec
pickup_district
dropoff_district
LDuals
IDuals
vehicle_ID
pick_position
drop_position

REQUESTS_INFO
2      789       904       47881     290       290       298       298       24        1         2         
3      790       654       47958     290       189       219       219       91        1         2         
3      550       597       47970     189       131       182       182       113       1         2         
3      644       188       47996     131       286       158       158       133       1         2         
1      699       630       47999     290       189       164       164       143       1         2         
3      904       859       47947     290       290       252       252       146       1         2         
3      810       983       47999     290       291       226       226       150       1         3         
1      874       678       47951     291       290       200       200       176       1         2         
1      994       631       47959     84        189       216       216       182       1         2         
2      912       454       47946     291       52        241       241       203       1         2         
2      463       412       47932     168       52        204       204       210       1         3         
3      696       794       47989     189       290       158       158       215       1         2         
2      721       557       47895     290       189       266       266       247       1         2         
1      479       600       47962     52        280       156       156       262       1         2         
1      1187      1068      47963     291       291       129       129       268       1         2         
1      694       894       47976     189       291       188       188       275       1         3         
1      395       409       47977     100       52        137       137       287       1         2         
1      990       1252      47955     290       129       247       247       354       1         2         
3      463       110       47985     168       178       183       183       402       1         3         
3      599       212       47954     280       266       218       218       419       1         3         
1      947       947       47900     290       290       197       197       436       1         2         
2      771       508       47976     290       199       220       220       440       1         3         
2      837       851       47948     290       291       185       185       452       1         3         
2      838       827       47918     290       291       304       304       462       1         2         
3      838       747       47786     290       290       436       436       464       1         2         
1      1001      983       47984     291       291       143       143       471       1         2         
1      906       677       47977     290       189       209       209       484       1         2         
1      699       670       47996     290       280       167       167       501       1         2         
3      894       765       47952     291       290       217       217       512       1         2         
1      759       1225      47926     131       192       260       260       515       1         2         
1      579       326       47983     189       299       160       160       520       1         3         
1      631       804       47879     189       291       276       276       527       1         2         
4      715       715       47950     131       131       227       227       530       1         2         
1      950       35        47983     290       98        181       181       580       1         3         
2      194       143       47986     207       54        110       110       594       1         2         
1      874       504       47918     291       52        251       251       595       1         2         
3      690       272       47989     131       127       181       181       605       1         3         
1      838       600       47964     290       280       242       242       613       1         3         
2      690       272       47989     131       127       181       181       639       1         2         
1      887       550       47949     290       189       228       228       646       1         4         
3      770       179       47992     290       178       238       238       654       1         2         
1      948       527       47988     290       52        210       210       658       1         3         
2      860       948       47978     290       290       232       232       671       1         2         
3      550       597       47970     189       131       182       182       672       1         2         
3      557       527       47989     189       52        201       201       691       1         3         
1      652       742       47993     189       290       162       162       715       1         2         
3      1066      615       47920     291       131       206       206       717       1         3         
2      549       715       47935     52        131       222       222       719       1         2         
1      805       781       47999     291       291       119       119       724       1         3         
3      883       940       47983     290       291       237       237       740       1         2         
1      737       602       47970     189       189       174       174       743       1         3         
1      702       738       47925     290       189       191       191       755       1         3         
3      904       859       47947     290       290       252       252       804       1         2         
4      770       607       47866     290       189       364       364       806       1         2         
4      1022      892       47929     291       291       211       211       829       1         2         
1      510       372       47970     199       119       204       204       847       1         4         
1      1047      915       47951     291       291       180       180       873       1         2         
2      838       813       47964     290       290       258       258       908       1         2         
2      883       940       47983     290       291       223       223       914       1         2         
4      815       923       47782     290       290       421       421       949       1         2         
3      802       702       47926     291       290       254       254       964       1         2         
1      694       527       47990     189       52        171       171       968       1         2         
1      835       947       47949     290       290       240       240       980       1         4         
1      874       838       47981     291       290       158       158       996       1         2         
1      556       552       47990     199       189       165       165       1018      1         3         
1      781       415       47901     291       100       280       280       1019      1         2         
1      646       669       47999     280       280       114       114       1022      1         3         
1      676       485       47988     189       189       164       164       1042      1         3         
3      863       632       47984     290       189       252       252       1048      1         2         
1      766       959       47857     290       291       235       235       1053      1         4         
1      487       254       47975     199       87        156       156       1054      1         3         
2      441       1002      47953     168       291       212       212       1079      1         2         
2      416       501       47979     100       52        158       158       1100      1         3         
1      620       462       47954     131       189       176       176       1114      1         3         
1      607       483       47979     189       189       181       181       1133      1         3         
1      781       394       47983     291       100       140       140       1137      1         3         
1      725       906       47951     290       290       231       231       1156      1         3         
3      1048      961       47959     291       291       220       220       1173      1         2         
3      793       948       47898     290       290       323       323       1193      1         3         
3      904       859       47947     290       290       252       252       1215      1         2         
2      863       632       47984     290       189       231       231       1218      1         3         
1      981       1192      47986     291       129       126       126       1220      1         3         
1      810       620       47710     290       131       498       498       1225      1         3         
1      437       312       47973     100       87        127       127       1240      1         2         
1      254       256       47976     87        87        124       124       1246      1         2         
1      927       863       47975     290       290       225       225       1253      1         3         
4      442       357       47948     168       277       233       233       1260      1         2         
4      191       686       47991     266       131       122       122       1261      1         2         
1      838       550       47915     290       189       291       291       1263      1         2         
1      887       1102      47955     290       84        222       222       1287      1         3         
1      828       552       47977     291       189       215       215       1289      1         3         
3      802       702       47926     291       290       254       254       1292      1         2         
3      857       699       47991     290       290       213       213       1293      1         2         
1      499       33        47997     52        98        117       117       1299      1         4         
1      527       835       47996     52        290       125       125       1305      1         3         
3      860       720       47990     290       290       220       220       1329      1         3         
1      883       1251      47989     290       129       188       188       1338      1         3         
1      817       215       47987     290       178       185       185       1339      1         3         
1      772       857       47990     290       290       207       207       1341      1         3         
2      648       720       47982     189       290       158       158       1372      1         3         
1      511       332       47983     199       87        133       133       1385      1         3         
2      549       351       47980     52        52        149       149       1389      1         3         
1      607       418       47972     189       168       188       188       1395      1         3         
3      141       227       48000     54        266       0         0         0         0         0         
1      720       331       48000     290       127       0         0         0         0         0         
1      673       212       48000     189       266       0         0         0         0         0         
3      141       227       48000     54        266       0         0         0         0         0         
2      531       386       48001     189       299       0         0         0         0         0         
2      409       137       48001     52        286       0         0         0         0         0         
1      623       959       48001     280       291       0         0         0         0         0         
2      873       606       48001     291       189       0         0         0         0         0         
1      646       616       48001     280       131       0         0         0         0         0         
2      195       271       48001     207       127       0         0         0         0         0         
1      199       697       48002     178       189       0         0         0         0         0         
2      332       698       48002     87        189       0         0         0         0         0         
1      464       529       48002     168       189       0         0         0         0         0         
1      633       860       48002     189       290       0         0         0         0         0         
1      527       456       48002     52        52        0         0         0         0         0         
3      1264      1658      48002     192       142       0         0         0         0         0         
2      1264      1658      48002     192       142       0         0         0         0         0         
1      642       731       48002     131       131       0         0         0         0         0         
3      133       455       48002     9         52        0         0         0         0         0         
1      817       738       48003     290       189       0         0         0         0         0         
1      696       293       48003     189       87        0         0         0         0         0         
1      433       389       48003     52        299       0         0         0         0         0         
4      983       1106      48003     291       291       0         0         0         0         0         
1      511       305       48003     199       299       0         0         0         0         0         
1      557       296       48003     189       277       0         0         0         0         0         
2      1002      968       48003     291       290       0         0         0         0         0         
1      850       874       48005     291       291       0         0         0         0         0         
2      597       651       48005     131       189       0         0         0         0         0         
3      597       651       48005     131       189       0         0         0         0         0         
3      527       748       48005     52        290       0         0         0         0         0         
1      606       573       48005     189       189       0         0         0         0         0         
2      712       914       48005     131       291       0         0         0         0         0         
1      691       694       48005     131       189       0         0         0         0         0         
1      923       766       48005     290       290       0         0         0         0         0         
3      907       678       48005     290       290       0         0         0         0         0         
3      557       693       48006     189       280       0         0         0         0         0         
1      488       656       48006     199       290       0         0         0         0         0         
2      770       290       48006     290       127       0         0         0         0         0         
2      605       97        48006     189       9         0         0         0         0         0         
3      557       693       48006     189       280       0         0         0         0         0         
1      794       924       48007     290       290       0         0         0         0         0         
1      420       277       48007     168       87        0         0         0         0         0         
2      1503      625       48007     296       189       0         0         0         0         0         
2      512       576       48007     199       189       0         0         0         0         0         
1      947       749       48007     290       290       0         0         0         0         0         
1      328       293       48008     299       87        0         0         0         0         0         
2      506       699       48008     189       290       0         0         0         0         0         
1      629       716       48008     189       189       0         0         0         0         0         
1      258       481       48008     87        189       0         0         0         0         0         
1      485       312       48009     189       87        0         0         0         0         0         
2      644       804       48009     131       291       0         0         0         0         0         
2      670       696       48009     280       189       0         0         0         0         0         
2      666       409       48009     131       52        0         0         0         0         0         
1      1176      772       48009     129       290       0         0         0         0         0         
2      156       345       48010     286       299       0         0         0         0         0         
1      916       738       48010     291       189       0         0         0         0         0         
1      850       485       48010     291       189       0         0         0         0         0         
1      1581      1338      48011     296       129       0         0         0         0         0         
1      607       372       48011     189       119       0         0         0         0         0         
2      795       694       48011     290       189       0         0         0         0         0         
2      474       959       48011     52        291       0         0         0         0         0         
1      354       399       48012     119       168       0         0         0         0         0         
1      760       620       48012     291       131       0         0         0         0         0         
1      668       526       48012     280       52        0         0         0         0         0         
1      793       813       48012     290       290       0         0         0         0         0         
2      719       624       48012     189       189       0         0         0         0         0         
1      367       141       48012     299       54        0         0         0         0         0         
4      573       690       48013     189       131       0         0         0         0         0         
2      277       104       48013     87        287       0         0         0         0         0         
1      602       531       48013     189       189       0         0         0         0         0         
1      552       923       48013     189       290       0         0         0         0         0         
3      387       117       48013     299       286       0         0         0         0         0         
1      651       662       48013     189       131       0         0         0         0         0         
1      475       431       48013     52        52        0         0         0         0         0         
1      817       476       48014     290       52        0         0         0         0         0         
3      386       499       48014     299       52        0         0         0         0         0         
1      309       375       48014     127       119       0         0         0         0         0         
1      432       116       48014     52        9         0         0         0         0         0         
2      325       233       48014     299       206       0         0         0         0         0         
1      1335      789       48014     192       290       0         0         0         0         0         
1      642       457       48014     131       52        0         0         0         0         0         
2      602       479       48014     189       52        0         0         0         0         0         
1      557       335       48015     189       119       0         0         0         0         0         
3      655       928       48015     189       290       0         0         0         0         0         
4      386       695       48015     299       189       0         0         0         0         0         
1      620       365       48015     131       299       0         0         0         0         0         
2      905       835       48016     290       290       0         0         0         0         0         
1      558       389       48016     189       299       0         0         0         0         0         
1      62        605       48016     98        189       0         0         0         0         0         
1      594       914       48017     131       291       0         0         0         0         0         
3      395       230       48017     100       266       0         0         0         0         0         
2      616       620       48017     131       131       0         0         0         0         0         
2      1004      602       48017     291       189       0         0         0         0         0         
1      688       233       48017     131       206       0         0         0         0         0         
1      675       353       48017     189       119       0         0         0         0         0         
1      701       527       48017     290       52        0         0         0         0         0         
1      735       650       48017     131       189       0         0         0         0         0         
2      296       367       48017     277       299       0         0         0         0         0         
1      859       910       48018     290       290       0         0         0         0         0         
1      34        644       48018     98        131       0         0         0         0         0         
1      715       696       48018     131       189       0         0         0         0         0         
1      1151      1604      48019     291       296       0         0         0         0         0         
1      736       1065      48019     131       291       0         0         0         0         0         
2      652       812       48019     189       290       0         0         0         0         0         
1      885       847       48019     290       291       0         0         0         0         0         
1      394       436       48019     100       100       0         0         0         0         0         
2      928       676       48019     290       189       0         0         0         0         0         
1      716       650       48019     189       189       0         0         0         0         0         
3      44        270       48020     98        127       0         0         0         0         0         
3      44        270       48020     98        127       0         0         0         0         0         
3      460       294       48020     189       87        0         0         0         0         0         
2      905       376       48020     290       168       0         0         0         0         0         
1      1078      1088      48020     84        291       0         0         0         0         0         
1      576       804       48020     189       291       0         0         0         0         0         
2      549       597       48020     52        131       0         0         0         0         0         
1      377       288       48020     168       127       0         0         0         0         0         
1      816       974       48020     290       84        0         0         0         0         0         
3      460       294       48020     189       87        0         0         0         0         0         
1      980       827       48021     291       291       0         0         0         0         0         
1      390       234       48021     52        87        0         0         0         0         0         
1      440       452       48021     168       52        0         0         0         0         0         
1      441       528       48021     168       52        0         0         0         0         0         
1      606       616       48022     189       131       0         0         0         0         0         
1      599       410       48022     280       52        0         0         0         0         0         
1      32        31        48022     98        9         0         0         0         0         0         
1      397       739       48023     168       189       0         0         0         0         0         
1      760       620       48023     291       131       0         0         0         0         0         
1      199       444       48023     178       168       0         0         0         0         0         
1      602       465       48023     189       199       0         0         0         0         0         
2      670       758       48023     280       131       0         0         0         0         0         
1      333       733       48024     119       131       0         0         0         0         0         
2      437       154       48024     100       286       0         0         0         0         0         
2      331       189       48024     127       286       0         0         0         0         0         
2      698       746       48025     189       290       0         0         0         0         0         
1      387       597       48025     299       131       0         0         0         0         0         
1      816       906       48025     290       290       0         0         0         0         0         
1      552       719       48027     189       189       0         0         0         0         0         
1      596       155       48027     131       286       0         0         0         0         0         
1      559       906       48027     189       290       0         0         0         0         0         
1      510       827       48027     199       291       0         0         0         0         0         
1      291       256       48027     87        87        0         0         0         0         0         
2      908       409       48027     290       52        0         0         0         0         0         
1      760       699       48028     291       290       0         0         0         0         0         
1      580       457       48028     189       52        0         0         0         0         0         
1      626       717       48028     189       189       0         0         0         0         0         
1      269       199       48028     127       178       0         0         0         0         0         
1      643       485       48028     131       189       0         0         0         0         0         
1      715       527       48028     131       52        0         0         0         0         0         
1      483       794       48028     189       290       0         0         0         0         0         
2      232       293       48029     266       87        0         0         0         0         0         
