COLUMNS

passenger_count
pickup_ID
dropoff_ID
ready_time_sec
pickup_district
dropoff_district
LDuals
IDuals
vehicle_ID
pick_position
drop_position

REQUESTS_INFO
1      314       240       49158     119       87        217       217       15        1         2         
1      718       850       49215     189       291       152       152       16        2         4         
1      527       737       49223     52        189       233       233       31        1         2         
1      670       748       49140     280       290       161       161       42        1         4         
1      652       728       49178     189       290       207       207       67        1         3         
2      458       1001      49160     52        291       281       281       71        1         3         
1      434       499       49200     52        52        206       206       81        1         3         
2      507       176       49106     189       174       299       299       90        1         4         
2      507       555       49223     189       199       182       182       90        2         3         
1      744       882       49199     290       290       146       146       98        1         3         
1      483       325       49151     189       299       277       277       99        1         2         
1      530       594       49185     189       131       208       208       116       1         3         
1      460       618       49184     189       131       264       264       130       1         4         
1      389       458       49206     299       52        150       150       133       1         2         
1      555       606       49185     199       189       215       215       156       1         2         
1      268       573       49199     299       189       152       152       160       1         3         
1      100       90        49224     57        178       127       127       161       1         2         
3      607       201       49170     189       87        269       269       169       1         2         
3      608       882       49044     189       290       382.667   382.667   175       1         3         
1      644       813       49105     131       290       298       298       176       1         3         
2      529       760       49167     189       291       273       273       192       1         3         
1      480       598       49167     52        189       246       246       202       2         3         
1      413       498       49187     52        52        176       176       204       1         3         
3      276       696       49150     87        189       252       252       208       1         3         
3      371       193       48971     52        266       414       414       215       2         4         
2      735       498       49153     131       52        216       216       223       1         2         
2      926       842       49165     290       290       199       199       224       1         3         
3      336       478       49202     277       52        235       235       233       1         2         
3      606       688       49174     189       131       248       248       236       1         2         
1      349       232       49228     127       266       147       147       241       1         3         
1      860       906       49202     290       290       134       134       248       1         2         
1      395       436       49180     100       100       214       214       272       1         2         
3      257       626       49208     87        189       208       208       278       1         2         
2      443       556       49180     168       199       242       242       288       1         2         
1      526       905       49203     52        290       181       181       298       2         5         
1      597       411       49113     131       52        267       267       300       1         4         
2      618       600       49211     131       280       176       176       301       1         3         
3      771       861       49226     290       290       113       113       309       1         2         
1      675       600       49216     189       280       179       179       312       1         2         
2      438       570       49171     100       52        266       266       320       1         2         
3      371       217       48972     52        87        436       436       323       1         4         
1      371       255       49214     52        87        194       194       323       2         3         
2      507       84        49087     189       287       318       318       328       1         3         
3      895       959       48912     291       291       435       435       331       1         2         
1      1530      596       49156     296       131       164       164       336       1         3         
1      655       679       49014     189       290       401       401       338       1         2         
2      579       697       49066     189       189       346       346       348       1         4         
1      579       386       49215     189       299       204       204       348       2         5         
1      458       509       49173     52        199       228       228       350       1         3         
4      676       782       49221     189       291       185       185       364       1         2         
2      555       915       49110     199       291       254       254       370       1         3         
3      699       557       49205     290       189       203       203       389       1         3         
1      915       1000      49217     291       291       108.5     108.5     400       1         2         
1      549       668       49225     52        280       188       188       402       1         4         
1      581       747       49122     189       290       281       281       404       1         3         
1      836       716       49198     290       189       132       132       418       1         3         
1      624       663       49225     189       131       135       135       443       1         3         
2      507       804       49042     189       291       363       363       445       1         3         
3      606       908       49100     189       290       304       304       451       2         4         
4      739       673       48792     189       189       601       601       460       1         2         
1      44        668       49214     98        280       126       126       476       1         2         
1      415       279       49227     100       87        225       225       482       1         3         
2      581       651       49099     189       189       304       304       488       1         2         
2      608       875       49208     189       291       200       200       500       1         3         
3      650       742       49217     189       290       189       189       503       1         3         
2      510       529       49216     199       189       228       228       515       1         2         
1      335       288       49191     119       127       214       214       519       1         2         
1      716       1246      49151     189       192       247       247       525       1         2         
1      545       462       49111     52        189       349       349       530       1         2         
1      528       535       49127     52        189       255       255       557       1         3         
1      812       728       49143     290       290       199       199       562       1         3         
2      527       431       49180     52        52        285       285       566       1         2         
1      511       881       49186     199       290       226       226       568       1         3         
1      364       349       49228     299       127       195       195       574       1         2         
1      624       616       49163     189       131       231       231       580       2         4         
3      534       351       49189     199       52        256       256       585       1         2         
1      676       580       49181     189       189       219       219       590       1         3         
1      413       408       48975     52        299       360       360       593       1         4         
2      650       742       49217     189       290       183       183       596       1         2         
2      767       526       49160     290       52        211       211       608       1         2         
1      546       504       49219     52        52        184       184       643       1         3         
1      604       946       49207     189       290       187       187       649       1         3         
3      349       648       49215     127       189       185       185       654       1         3         
2      394       232       49227     100       266       183       183       658       1         3         
2      466       602       49191     199       189       212       212       665       1         3         
1      527       394       49211     52        100       251       251       686       1         2         
2      699       557       49205     290       189       203       203       690       1         3         
4      409       649       49098     52        189       288       288       693       1         2         
1      692       1066      49171     280       291       211       211       694       1         3         
1      990       925       49203     290       290       142       142       702       1         2         
2      605       79        49107     189       98        318       318       711       1         3         
1      894       720       49194     291       290       156.5     156.5     716       1         3         
1      116       307       49224     9         127       111       111       721       1         2         
3      905       1089      49200     290       291       146       146       734       1         3         
2      527       136       49143     52        286       269       269       735       1         3         
1      628       601       49213     189       189       123       123       744       1         2         
1      652       602       49199     189       189       186       186       747       1         3         
1      336       487       49209     277       199       228       228       752       1         2         
1      485       792       48874     189       290       527       527       759       1         4         
1      415       399       49133     100       168       300       300       768       1         2         
3      627       627       49097     189       189       294       294       770       2         3         
1      929       577       49210     290       189       95        95        775       1         3         
2      558       738       49161     189       189       249       249       776       1         3         
1      1025      1167      49179     291       291       217       217       777       1         2         
2      641       863       49167     131       290       211       211       784       1         4         
1      532       351       49123     199       52        253       253       788       1         4         
1      1066      936       49182     291       291       165       165       792       1         2         
1      415       476       49199     100       52        253       253       805       1         2         
3      723       769       49224     290       290       196       196       819       1         2         
1      722       330       49191     290       127       205       205       822       1         3         
2      349       648       49215     127       189       185       185       831       1         3         
1      782       508       49173     291       199       209       209       834       1         3         
2      850       865       49140     291       290       235       235       836       1         2         
2      251       409       49221     127       52        193       193       840       1         2         
3      651       743       49154     189       290       251       251       845       1         2         
1      536       676       49178     189       189       267       267       846       1         2         
1      416       529       49217     100       189       190       190       852       1         3         
2      693       189       49022     280       286       347       347       854       1         3         
2      720       625       49213     290       189       217       217       858       1         4         
1      1043      1032      49194     291       84        158       158       864       1         4         
1      710       526       49219     131       52        153       153       868       1         4         
2      686       643       49207     131       131       204       204       868       2         3         
1      780       1000      49109     291       291       225       225       870       1         2         
1      1044      991       49063     291       290       303       303       872       1         4         
1      643       462       49140     131       189       244       244       874       1         3         
3      552       436       49170     189       100       241       241       875       1         3         
1      736       1090      49138     131       291       267       267       882       1         2         
1      691       534       49181     131       199       186       186       887       1         3         
3      534       351       49189     199       52        256       256       890       1         2         
1      698       536       49211     189       189       190       190       905       1         3         
3      827       935       49224     291       291       146       146       908       1         2         
1      865       653       49176     290       189       149       149       926       1         2         
1      673       212       49167     189       266       206       206       928       1         3         
3      527       639       49159     52        131       306       306       932       1         2         
1      416       574       49127     100       189       280       280       938       1         4         
2      914       549       49217     291       52        146       146       941       1         3         
1      722       815       49207     290       290       189       189       948       1         4         
2      135       172       49222     286       286       126       126       955       1         2         
1      550       1593      49165     189       296       243       243       958       1         3         
1      499       552       49185     52        189       249       249       964       1         2         
2      501       252       49160     52        206       297       297       967       1         3         
1      555       1032      49181     199       84        183       183       975       1         3         
3      739       597       48963     189       131       427       427       981       1         3         
1      874       1244      49167     291       192       159       159       987       1         2         
1      368       416       49230     299       100       0         0         0         0         0         
2      172       531       49231     286       189       0         0         0         0         0         
2      373       834       49231     119       290       0         0         0         0         0         
1      576       697       49231     189       189       0         0         0         0         0         
1      672       61        49232     189       98        0         0         0         0         0         
1      558       1356      49232     189       129       0         0         0         0         0         
1      839       607       49232     290       189       0         0         0         0         0         
1      509       421       49232     199       168       0         0         0         0         0         
3      81        156       49233     98        286       0         0         0         0         0         
1      632       632       49233     189       189       0         0         0         0         0         
2      386       9         49233     299       98        0         0         0         0         0         
1      609       860       49233     189       290       0         0         0         0         0         
1      394       556       49234     100       199       0         0         0         0         0         
1      698       532       49234     189       199       0         0         0         0         0         
2      475       552       49234     52        189       0         0         0         0         0         
1      1066      914       49234     291       291       0         0         0         0         0         
2      376       333       49234     168       119       0         0         0         0         0         
1      896       409       49235     291       52        0         0         0         0         0         
1      1003      1026      49235     291       291       0         0         0         0         0         
2      434       413       49235     52        52        0         0         0         0         0         
1      887       749       49235     290       290       0         0         0         0         0         
2      886       860       49235     290       290       0         0         0         0         0         
3      886       860       49235     290       290       0         0         0         0         0         
1      388       477       49236     299       52        0         0         0         0         0         
1      528       389       49236     52        299       0         0         0         0         0         
1      1106      671       49236     291       280       0         0         0         0         0         
1      460       136       49236     189       286       0         0         0         0         0         
1      772       605       49236     290       189       0         0         0         0         0         
1      118       156       49236     286       286       0         0         0         0         0         
1      578       482       49237     189       189       0         0         0         0         0         
1      250       179       49238     127       178       0         0         0         0         0         
1      395       529       49238     100       189       0         0         0         0         0         
2      393       442       49238     52        168       0         0         0         0         0         
1      555       650       49239     199       189       0         0         0         0         0         
1      556       527       49239     199       52        0         0         0         0         0         
3      603       766       49239     189       290       0         0         0         0         0         
3      603       766       49239     189       290       0         0         0         0         0         
1      1151      1066      49240     291       291       0         0         0         0         0         
2      668       694       49240     280       189       0         0         0         0         0         
1      531       603       49241     189       189       0         0         0         0         0         
1      1089      1091      49241     291       291       0         0         0         0         0         
2      605       717       49241     189       189       0         0         0         0         0         
1      527       510       49241     52        199       0         0         0         0         0         
3      653       847       49242     189       291       0         0         0         0         0         
2      653       847       49242     189       291       0         0         0         0         0         
1      771       607       49243     290       189       0         0         0         0         0         
2      881       827       49243     290       291       0         0         0         0         0         
1      63        838       49243     98        290       0         0         0         0         0         
3      134       333       49243     9         119       0         0         0         0         0         
2      461       649       49244     189       189       0         0         0         0         0         
1      793       923       49244     290       290       0         0         0         0         0         
1      459       554       49244     189       189       0         0         0         0         0         
1      651       789       49244     189       290       0         0         0         0         0         
1      232       418       49244     266       168       0         0         0         0         0         
1      875       859       49244     291       290       0         0         0         0         0         
3      604       906       49245     189       290       0         0         0         0         0         
2      604       906       49245     189       290       0         0         0         0         0         
1      747       929       49245     290       290       0         0         0         0         0         
1      743       1250      49246     290       129       0         0         0         0         0         
1      714       440       49246     131       168       0         0         0         0         0         
1      697       506       49246     189       189       0         0         0         0         0         
1      908       840       49246     290       290       0         0         0         0         0         
1      914       1168      49246     291       291       0         0         0         0         0         
1      394       575       49247     100       189       0         0         0         0         0         
1      641       483       49247     131       189       0         0         0         0         0         
1      872       551       49247     291       189       0         0         0         0         0         
1      665       647       49247     131       280       0         0         0         0         0         
4      947       991       49247     290       290       0         0         0         0         0         
1      720       923       49247     290       290       0         0         0         0         0         
1      125       526       49248     54        52        0         0         0         0         0         
1      791       722       49248     290       290       0         0         0         0         0         
3      232       722       49249     266       290       0         0         0         0         0         
1      827       732       49249     291       131       0         0         0         0         0         
2      232       722       49249     266       290       0         0         0         0         0         
1      328       526       49250     299       52        0         0         0         0         0         
1      836       608       49250     290       189       0         0         0         0         0         
1      116       507       49250     9         189       0         0         0         0         0         
1      727       628       49251     290       189       0         0         0         0         0         
1      48        331       49251     98        127       0         0         0         0         0         
1      715       916       49251     131       291       0         0         0         0         0         
1      873       646       49251     291       280       0         0         0         0         0         
3      270       163       49252     127       178       0         0         0         0         0         
1      372       409       49253     119       52        0         0         0         0         0         
1      417       505       49253     100       52        0         0         0         0         0         
2      116       651       49253     9         189       0         0         0         0         0         
3      116       651       49253     9         189       0         0         0         0         0         
1      801       499       49254     291       52        0         0         0         0         0         
2      297       443       49254     277       168       0         0         0         0         0         
2      862       746       49255     290       290       0         0         0         0         0         
1      737       894       49255     189       291       0         0         0         0         0         
2      410       622       49256     52        280       0         0         0         0         0         
3      410       622       49256     52        280       0         0         0         0         0         
1      10        532       49256     98        199       0         0         0         0         0         
2      923       351       49256     290       52        0         0         0         0         0         
1      969       790       49256     290       290       0         0         0         0         0         
1      639       737       49256     131       189       0         0         0         0         0         
1      415       415       49257     100       100       0         0         0         0         0         
1      676       650       49257     189       189       0         0         0         0         0         
1      805       728       49257     291       290       0         0         0         0         0         
3      651       555       49257     189       199       0         0         0         0         0         
1      276       353       49257     87        119       0         0         0         0         0         
1      1225      1001      49257     192       291       0         0         0         0         0         
3      616       644       49258     131       131       0         0         0         0         0         
3      483       593       49258     189       52        0         0         0         0         0         
1      923       1177      49259     290       84        0         0         0         0         0         
1      790       720       49259     290       290       0         0         0         0         0         
1      906       969       49259     290       290       0         0         0         0         0         
