COLUMNS

passenger_count
pickup_ID
dropoff_ID
request_time_sec
pickup_district
dropoff_district
LDuals
IDuals
vehicle_ID
pick_position
drop_position

REQUESTS_INFO
3      1355      881       30249     129       290       232       232       5         1         3         
1      849       718       30250     291       189       319.75    319.75    7         1         2         
1      916       851       30290     291       291       215       215       15        1         3         
3      395       269       30305     100       127       144       144       20        1         2         
1      1025      712       30308     291       131       250       250       26        2         3         
2      1066      982       30320     291       291       248.5     248.5     35        1         3         
2      1068      475       30303     291       52        306.5     306.5     35        2         4         
1      252       333       30327     206       119       139       139       40        1         2         
1      947       1054      30267     290       84        295.5     295.5     44        1         2         
1      896       1209      30325     291       192       224       224       61        1         2         
1      961       835       30275     291       290       292.5     292.5     84        1         3         
1      1009      902       30284     50        50        222       222       94        1         4         
1      989       748       30321     50        290       197       197       94        2         5         
1      852       670       30312     291       280       92        92        116       1         3         
1      883       720       30218     290       290       329       329       123       1         4         
2      1157      1073      30259     129       50        276       276       126       1         2         
4      1026      849       30312     291       291       294.5     294.5     137       1         2         
1      31        605       30261     9         189       154       154       139       1         3         
1      817       420       30217     290       168       296       296       144       1         4         
3      887       772       30317     290       290       233       233       144       2         3         
2      773       724       30050     290       290       468       468       146       1         2         
1      328       238       30310     299       87        194.5     194.5     153       1         3         
3      903       531       30304     290       189       243       243       155       1         2         
1      924       1187      30310     290       291       217       217       168       2         4         
1      549       1032      30309     52        84        122       122       177       1         3         
3      479       552       30118     52        189       345       345       180       1         2         
1      850       675       30257     291       189       244.75    244.75    192       1         3         
1      185       276       30276     87        87        302       302       205       1         2         
1      743       313       30328     290       87        143       143       270       1         3         
1      801       628       30310     291       189       136.75    136.75    282       1         4         
1      291       284       30294     87        299       234       234       291       1         2         
1      746       575       30302     290       189       175       175       292       1         3         
1      304       547       30313     299       52        177       177       295       1         3         
2      440       551       30257     168       189       152       152       308       1         3         
1      237       748       30301     87        290       177       177       310       1         3         
1      837       722       30275     290       290       243       243       345       1         2         
1      325       435       30327     299       52        166       166       381       1         3         
2      884       651       30199     290       189       338       338       412       1         3         
2      884       580       30190     290       189       347       347       412       2         4         
1      162       217       30318     178       87        139       139       419       1         2         
1      1026      925       30233     291       290       358.5     358.5     433       1         3         
3      1026      918       30209     291       50        395.5     395.5     433       2         4         
1      1148      1088      30304     291       291       242       242       447       1         4         
2      1128      983       30251     291       291       301       301       447       2         3         
1      810       723       30263     290       290       214       214       454       1         2         
3      795       358       30323     290       168       196       196       455       1         2         
2      812       904       30273     290       290       223       223       460       1         4         
2      839       792       30072     290       290       482       482       460       2         3         
3      1107      392       30254     291       52        309       309       469       1         3         
1      1031      925       30238     50        290       314.5     314.5     479       1         4         
1      1031      693       30213     50        280       284       284       479       2         5         
3      1026      918       30209     291       50        395.5     395.5     480       1         2         
1      985       698       30275     50        189       254       254       494       1         3         
2      1091      675       30307     291       189       314       314       494       2         4         
1      1189      693       30170     192       280       361       361       501       2         5         
1      1003      896       30168     291       291       400.5     400.5     513       1         2         
1      664       409       30272     131       52        176       176       526       1         3         
1      663       34        30307     131       98        162       162       526       2         4         
1      1046      863       30187     291       290       373.5     373.5     534       1         3         
3      368       416       30263     299       100       207       207       538       1         3         
1      179       193       30322     178       266       171       171       559       1         2         
1      1023      904       30300     291       290       244.5     244.5     592       1         3         
1      759       602       30301     131       189       161.75    161.75    598       1         3         
1      881       122       30320     290       54        224       224       599       1         3         
1      1109      981       30277     291       291       342       342       606       1         2         
2      1171      804       30196     192       291       365       365       612       1         2         
1      792       906       30254     290       290       241       241       617       1         3         
1      838       622       30254     290       280       275       275       617       2         4         
4      1005      981       30279     50        291       283       283       623       1         2         
3      327       416       30318     299       100       226.5     226.5     655       1         3         
1      772       535       30326     290       189       162       162       679       1         2         
1      1098      1073      30312     84        50        200       200       684       1         2         
1      937       697       30263     291       189       271.5     271.5     690       1         2         
1      662       408       30309     131       299       149       149       699       1         2         
2      1209      677       30325     192       189       215       215       709       1         2         
4      842       604       30215     290       189       333       333       723       2         3         
1      1044      1128      30098     291       291       436       436       728       1         3         
3      870       896       30210     291       291       254.75    254.75    755       1         3         
1      946       669       30322     290       280       230       230       779       1         3         
1      837       949       30300     290       290       218       218       794       1         3         
3      1031      885       30240     50        290       341       341       835       1         2         
1      742       716       30302     290       189       111       111       839       1         3         
2      163       678       30323     178       290       173       173       858       1         2         
1      430       116       30192     52        9         235.5     235.5     866       1         3         
2      1446      1066      30222     129       291       254       254       867       1         2         
1      819       768       30301     999       290       238       238       888       1         3         
1      1245      983       30242     192       291       258       258       892       1         2         
1      894       848       30323     291       291       194       194       895       1         2         
1      349       483       30300     127       189       188       188       916       1         3         
1      345       421       30314     299       168       215.5     215.5     940       1         2         
1      945       116       30254     50        9         303       303       945       1         4         
2      252       410       30308     206       52        207       207       955       1         2         
1      789       695       30323     290       189       145       145       956       1         2         
1      860       991       30326     290       290       211       211       967       1         2         
3      970       545       30297     290       52        256       256       971       2         4         
1      850       600       30316     291       280       185.75    185.75    981       1         2         
1      1287      961       30208     129       291       246       246       982       1         4         
1      1284      1307      30258     129       129       246       246       994       1         3         
3      980       849       30254     291       291       299       299       1003      1         2         
2      772       1128      30321     290       291       153       153       1018      1         3         
1      914       770       30328     291       290       200       200       1034      1         3         
1      981       687       30253     291       131       315.5     315.5     1035      1         2         
1      1115      874       30296     84        291       231       231       1037      1         3         
3      812       904       30273     290       290       226       226       1052      1         2         
1      937       20        30305     291       98        133       133       1058      1         3         
1      546       643       30207     52        131       215.5     215.5     1064      1         2         
3      907       399       30150     290       168       414       414       1066      1         2         
1      794       230       30238     290       266       252       252       1073      1         5         
1      838       484       30220     290       189       299       299       1073      2         3         
1      948       399       30324     290       168       249       249       1077      1         2         
2      925       813       30299     290       290       263       263       1083      1         3         
3      415       604       30315     100       189       128       128       1105      1         2         
2      947       904       30230     290       290       332.5     332.5     1114      1         3         
4      304       348       30292     299       299       198       198       1126      1         2         
3      1171      1047      30317     192       291       244       244       1158      1         3         
1      434       737       30312     52        189       152       152       1159      1         3         
2      1067      134       30176     291       9         280       280       1163      1         4         
3      861       483       30261     290       189       299       299       1165      1         2         
1      1128      851       30251     291       291       301       301       1217      1         3         
1      1128      473       30212     291       52        340       340       1217      2         4         
1      860       789       30245     290       290       292       292       1232      1         4         
3      861       887       30094     290       290       466       466       1232      2         3         
1      749       737       30201     290       189       308       308       1248      1         2         
3      1171      1047      30317     192       291       244       244       1251      1         2         
1      1002      837       30206     291       290       367.5     367.5     1252      1         4         
2      366       544       30319     299       52        168.5     168.5     1254      1         2         
3      950       535       30136     290       189       399       399       1264      1         3         
1      950       696       30301     290       189       219       219       1264      2         4         
1      881       670       30262     290       280       282       282       1265      1         2         
3      903       531       30304     290       189       243       243       1272      2         4         
1      817       34        30307     290       98        206       206       1275      1         3         
2      155       269       30314     286       127       120       120       1308      1         2         
3      826       620       30321     291       131       161.75    161.75    1314      1         3         
1      772       79        30240     290       98        230       230       1338      1         3         
4      411       326       30024     52        299       436       436       1348      1         2         
1      1027      1010      30154     50        290       429       429       1349      1         3         
3      1091      1208      30236     291       192       385       385       1349      2         4         
3      1091      1208      30236     291       192       385       385       1357      1         3         
1      1110      939       30267     291       291       331       331       1357      2         4         
1      749       61        30223     290       98        280       280       1373      1         6         
1      773       371       30263     290       52        226       226       1373      2         4         
1      880       371       30295     50        52        238       238       1390      1         4         
1      1001      625       30192     291       189       380.5     380.5     1401      1         4         
3      969       834       30189     290       290       358.5     358.5     1417      2         4         
1      771       782       30241     290       291       246       246       1433      1         4         
1      918       757       30163     50        131       335.5     335.5     1440      1         2         
4      463       716       30301     168       189       139       139       1473      1         2         
1      864       578       30259     290       189       250       250       1478      1         4         
3      436       399       30319     100       168       117       117       1481      1         2         
3      584       741       30301     189       50        140       140       1485      1         2         
1      858       969       30330     290       290       0         0         0         0         0         
1      43        651       30330     9         189       0         0         0         0         0         
1      728       690       30330     290       131       0         0         0         0         0         
1      1023      1045      30330     291       291       0         0         0         0         0         
1      1022      717       30330     291       189       0         0         0         0         0         
1      395       628       30330     100       189       0         0         0         0         0         
1      557       335       30330     189       119       0         0         0         0         0         
3      794       698       30331     290       189       0         0         0         0         0         
3      794       698       30331     290       189       0         0         0         0         0         
1      991       670       30331     290       280       0         0         0         0         0         
1      1024      1207      30332     291       192       0         0         0         0         0         
1      378       358       30332     168       168       0         0         0         0         0         
1      712       672       30332     131       189       0         0         0         0         0         
1      476       344       30332     52        299       0         0         0         0         0         
1      499       233       30333     52        206       0         0         0         0         0         
2      721       915       30333     290       291       0         0         0         0         0         
1      330       532       30333     127       199       0         0         0         0         0         
2      887       795       30333     290       290       0         0         0         0         0         
1      273       397       30333     206       168       0         0         0         0         0         
1      269       350       30333     127       127       0         0         0         0         0         
1      818       484       30334     290       189       0         0         0         0         0         
1      199       650       30334     178       189       0         0         0         0         0         
1      68        35        30334     287       98        0         0         0         0         0         
3      791       392       30334     290       52        0         0         0         0         0         
3      791       392       30334     290       52        0         0         0         0         0         
3      884       812       30335     290       290       0         0         0         0         0         
3      884       812       30335     290       290       0         0         0         0         0         
1      526       669       30335     52        280       0         0         0         0         0         
1      631       642       30335     189       131       0         0         0         0         0         
1      781       574       30335     291       189       0         0         0         0         0         
1      81        371       30335     98        52        0         0         0         0         0         
1      532       650       30335     199       189       0         0         0         0         0         
1      888       439       30335     290       189       0         0         0         0         0         
1      583       948       30336     189       290       0         0         0         0         0         
1      443       377       30336     168       168       0         0         0         0         0         
1      947       698       30336     290       189       0         0         0         0         0         
3      317       529       30336     277       189       0         0         0         0         0         
1      801       556       30336     291       199       0         0         0         0         0         
1      701       781       30337     290       291       0         0         0         0         0         
1      694       527       30337     189       52        0         0         0         0         0         
2      287       325       30337     299       299       0         0         0         0         0         
1      441       531       30337     168       189       0         0         0         0         0         
1      726       290       30337     290       127       0         0         0         0         0         
1      835       604       30338     290       189       0         0         0         0         0         
4      630       558       30338     189       189       0         0         0         0         0         
1      558       291       30338     189       87        0         0         0         0         0         
3      1265      1010      30339     192       290       0         0         0         0         0         
2      984       1207      30339     291       192       0         0         0         0         0         
3      984       1207      30339     291       192       0         0         0         0         0         
2      1265      1010      30339     192       290       0         0         0         0         0         
2      171       578       30339     286       189       0         0         0         0         0         
1      479       290       30339     52        127       0         0         0         0         0         
4      715       507       30339     131       189       0         0         0         0         0         
2      760       984       30339     291       291       0         0         0         0         0         
2      507       416       30340     189       100       0         0         0         0         0         
1      915       719       30340     291       189       0         0         0         0         0         
1      788       748       30340     290       290       0         0         0         0         0         
1      745       840       30340     290       290       0         0         0         0         0         
3      982       1026      30340     291       291       0         0         0         0         0         
3      649       534       30340     189       199       0         0         0         0         0         
3      649       534       30340     189       199       0         0         0         0         0         
1      410       499       30341     52        52        0         0         0         0         0         
1      64        629       30341     98        189       0         0         0         0         0         
1      883       789       30341     290       290       0         0         0         0         0         
1      267       189       30342     266       286       0         0         0         0         0         
1      133       580       30342     9         189       0         0         0         0         0         
1      484       668       30342     189       280       0         0         0         0         0         
4      466       605       30342     199       189       0         0         0         0         0         
1      458       134       30343     52        9         0         0         0         0         0         
1      512       570       30343     199       52        0         0         0         0         0         
1      772       629       30343     290       189       0         0         0         0         0         
1      609       96        30343     189       9         0         0         0         0         0         
1      904       791       30343     290       290       0         0         0         0         0         
1      695       973       30343     189       84        0         0         0         0         0         
3      442       692       30344     168       280       0         0         0         0         0         
2      442       692       30344     168       280       0         0         0         0         0         
1      630       695       30344     189       189       0         0         0         0         0         
1      1026      860       30344     291       290       0         0         0         0         0         
3      1355      1267      30344     129       129       0         0         0         0         0         
1      698       604       30345     189       189       0         0         0         0         0         
1      354       398       30345     119       168       0         0         0         0         0         
1      504       692       30345     52        280       0         0         0         0         0         
1      256       312       30345     87        87        0         0         0         0         0         
1      748       693       30345     290       280       0         0         0         0         0         
1      1115      1048      30345     84        291       0         0         0         0         0         
1      929       687       30345     290       131       0         0         0         0         0         
2      914       377       30346     291       168       0         0         0         0         0         
1      887       1144      30346     290       84        0         0         0         0         0         
1      527       571       30346     52        52        0         0         0         0         0         
1      723       782       30346     290       291       0         0         0         0         0         
3      1031      995       30347     50        84        0         0         0         0         0         
2      1031      995       30347     50        84        0         0         0         0         0         
4      248       116       30348     266       9         0         0         0         0         0         
1      641       239       30348     131       87        0         0         0         0         0         
1      909       651       30348     290       189       0         0         0         0         0         
1      604       697       30349     189       189       0         0         0         0         0         
2      913       677       30349     291       189       0         0         0         0         0         
1      464       376       30349     168       168       0         0         0         0         0         
1      739       461       30349     189       189       0         0         0         0         0         
2      834       852       30350     290       291       0         0         0         0         0         
1      896       457       30350     291       52        0         0         0         0         0         
1      694       1087      30350     189       291       0         0         0         0         0         
1      791       813       30350     290       290       0         0         0         0         0         
1      653       791       30350     189       290       0         0         0         0         0         
2      557       488       30350     189       199       0         0         0         0         0         
3      914       669       30350     291       280       0         0         0         0         0         
1      312       325       30350     87        299       0         0         0         0         0         
1      1157      1189      30350     129       192       0         0         0         0         0         
1      873       801       30350     291       291       0         0         0         0         0         
3      834       852       30350     290       291       0         0         0         0         0         
3      66        127       30350     98        178       0         0         0         0         0         
3      66        127       30350     98        178       0         0         0         0         0         
1      155       390       30351     286       52        0         0         0         0         0         
1      229       394       30351     266       100       0         0         0         0         0         
1      557       313       30351     189       87        0         0         0         0         0         
1      152       625       30351     9         189       0         0         0         0         0         
2      351       600       30351     52        280       0         0         0         0         0         
1      662       353       30351     131       119       0         0         0         0         0         
1      358       485       30351     168       189       0         0         0         0         0         
1      557       510       30352     189       199       0         0         0         0         0         
1      397       508       30352     168       199       0         0         0         0         0         
1      726       928       30352     290       290       0         0         0         0         0         
2      814       371       30353     290       52        0         0         0         0         0         
3      814       371       30353     290       52        0         0         0         0         0         
1      557       417       30353     189       100       0         0         0         0         0         
1      506       463       30353     189       168       0         0         0         0         0         
1      371       49        30353     52        98        0         0         0         0         0         
1      338       627       30353     277       189       0         0         0         0         0         
1      464       416       30353     168       100       0         0         0         0         0         
1      233       556       30353     206       199       0         0         0         0         0         
1      533       507       30353     199       189       0         0         0         0         0         
1      378       727       30353     168       290       0         0         0         0         0         
1      1068      980       30353     291       291       0         0         0         0         0         
1      61        484       30353     98        189       0         0         0         0         0         
1      464       605       30353     168       189       0         0         0         0         0         
1      466       694       30353     199       189       0         0         0         0         0         
1      837       554       30354     290       189       0         0         0         0         0         
1      675       671       30354     189       280       0         0         0         0         0         
1      1310      1266      30354     84        192       0         0         0         0         0         
2      800       438       30354     131       100       0         0         0         0         0         
1      873       904       30354     291       290       0         0         0         0         0         
1      767       605       30354     290       189       0         0         0         0         0         
1      1005      990       30354     50        290       0         0         0         0         0         
1      721       760       30355     290       291       0         0         0         0         0         
1      366       604       30355     299       189       0         0         0         0         0         
1      1044      781       30355     291       291       0         0         0         0         0         
2      597       727       30355     131       290       0         0         0         0         0         
3      694       602       30355     189       189       0         0         0         0         0         
3      597       727       30355     131       290       0         0         0         0         0         
1      701       464       30355     290       168       0         0         0         0         0         
1      603       571       30355     189       52        0         0         0         0         0         
1      601       527       30355     189       52        0         0         0         0         0         
1      559       599       30355     189       280       0         0         0         0         0         
2      1172      1227      30356     129       192       0         0         0         0         0         
3      1172      1227      30356     129       192       0         0         0         0         0         
2      594       523       30356     131       52        0         0         0         0         0         
3      939       719       30356     291       189       0         0         0         0         0         
1      722       946       30356     290       290       0         0         0         0         0         
1      837       959       30356     290       291       0         0         0         0         0         
1      537       674       30357     189       189       0         0         0         0         0         
1      438       398       30357     100       168       0         0         0         0         0         
1      305       208       30357     299       286       0         0         0         0         0         
1      905       116       30357     290       9         0         0         0         0         0         
1      256       48        30357     87        98        0         0         0         0         0         
1      373       526       30357     119       52        0         0         0         0         0         
1      597       626       30357     131       189       0         0         0         0         0         
3      388       436       30358     299       100       0         0         0         0         0         
2      873       771       30358     291       290       0         0         0         0         0         
1      969       1011      30358     290       84        0         0         0         0         0         
2      388       436       30358     299       100       0         0         0         0         0         
3      893       906       30358     291       290       0         0         0         0         0         
2      893       906       30358     291       290       0         0         0         0         0         
1      304       348       30359     299       299       0         0         0         0         0         
2      881       950       30359     290       290       0         0         0         0         0         
1      556       568       30359     199       52        0         0         0         0         0         
1      726       579       30359     290       189       0         0         0         0         0         
1      828       526       30359     291       52        0         0         0         0         0         
3      970       959       30359     290       291       0         0         0         0         0         
3      970       959       30359     290       291       0         0         0         0         0         
