COLUMNS

passenger_count
pickup_ID
dropoff_ID
request_time_sec
pickup_district
dropoff_district

REQUESTS_INFO
3      325       436       29160     299       100       
2      325       436       29160     299       100       
1      649       629       29160     189       189       
2      968       1032      29160     290       84        
1      240       721       29160     87        290       
1      550       597       29161     189       131       
2      213       306       29162     266       299       
1      1386      1180      29162     129       84        
1      835       696       29162     290       189       
1      568       32        29162     52        98        
1      479       352       29162     52        119       
1      896       718       29162     291       189       
1      871       893       29163     291       291       
3      631       275       29163     189       87        
1      909       925       29163     290       290       
1      906       719       29163     290       189       
1      882       597       29164     290       131       
1      772       969       29164     290       290       
1      772       894       29165     290       291       
3      143       274       29165     54        87        
2      143       274       29165     54        87        
1      334       511       29165     119       199       
1      771       466       29165     290       199       
1      332       328       29165     87        299       
2      481       828       29165     189       291       
1      349       574       29166     127       189       
1      527       438       29166     52        100       
2      648       627       29166     189       189       
1      838       602       29166     290       189       
2      694       438       29166     189       100       
2      1068      875       29166     291       291       
3      694       438       29166     189       100       
1      554       433       29166     189       52        
1      233       116       29166     206       9         
1      573       602       29166     189       189       
1      1068      1685      29167     291       142       
3      505       626       29167     52        189       
1      744       861       29167     290       290       
3      505       626       29167     52        189       
3      834       716       29167     290       189       
1      744       925       29167     290       290       
1      718       247       29168     189       266       
1      419       183       29168     168       178       
2      328       414       29168     299       100       
1      768       484       29168     290       189       
2      328       254       29168     299       87        
1      1068      604       29168     291       189       
1      749       651       29168     290       189       
1      578       504       29168     189       52        
2      771       969       29168     290       290       
1      950       1076      29168     290       84        
1      510       375       29169     199       119       
1      1032      771       29169     84        290       
1      580       727       29169     189       290       
1      1151      916       29169     291       291       
1      654       605       29170     189       189       
1      894       961       29170     291       291       
1      864       724       29170     290       290       
3      618       485       29170     131       189       
1      771       603       29170     290       189       
2      618       485       29170     131       189       
1      163       202       29170     178       87        
3      369       325       29170     52        299       
1      325       388       29170     299       299       
1      947       904       29170     290       290       
1      397       651       29170     168       189       
2      134       119       29171     9         286       
1      818       609       29171     290       189       
1      479       544       29171     52        52        
2      308       325       29171     127       299       
1      276       621       29171     87        280       
1      839       699       29171     290       290       
1      693       116       29172     280       9         
4      756       556       29172     131       199       
2      374       506       29172     119       189       
1      504       331       29172     52        127       
1      63        473       29172     98        52        
2      757       960       29172     131       291       
3      757       960       29172     131       291       
1      442       379       29172     168       999       
1      893       674       29173     291       189       
1      598       649       29173     189       189       
1      419       557       29173     168       189       
3      927       621       29173     290       280       
3      927       621       29173     290       280       
1      582       692       29174     189       280       
1      834       783       29174     290       50        
1      234       371       29174     87        52        
4      817       20        29174     290       98        
1      651       602       29174     189       189       
1      652       512       29174     189       199       
1      269       332       29175     127       87        
1      285       940       29175     299       291       
1      444       92        29175     168       178       
2      1382      1144      29175     999       84        
1      795       940       29175     290       291       
1      366       721       29176     299       290       
2      390       325       29176     52        299       
1      865       991       29176     290       290       
1      714       603       29176     131       189       
1      354       629       29177     119       189       
1      827       671       29177     291       280       
1      217       771       29177     87        290       
1      336       535       29177     277       189       
1      466       376       29178     199       168       
1      390       574       29178     52        189       
1      816       671       29178     290       280       
2      693       479       29178     280       52        
1      555       732       29179     199       131       
1      220       534       29179     87        199       
1      873       740       29179     291       50        
2      1132      1005      29179     291       50        
1      604       285       29179     189       299       
2      1310      557       29180     84        189       
2      621       313       29180     280       87        
1      527       45        29180     52        98        
1      527       416       29180     52        100       
1      603       527       29180     189       52        
2      715       431       29180     131       52        
1      666       510       29181     131       199       
1      694       507       29181     189       189       
3      549       603       29181     52        189       
2      549       603       29181     52        189       
1      1127      603       29181     291       189       
3      579       599       29181     189       280       
3      668       116       29182     280       9         
2      668       116       29182     280       9         
1      259       335       29182     87        119       
2      629       726       29182     189       290       
1      547       232       29182     52        266       
1      893       626       29182     291       189       
1      395       331       29182     100       127       
1      621       669       29182     280       280       
2      546       506       29183     52        189       
3      546       506       29183     52        189       
2      556       497       29183     199       999       
3      556       497       29183     199       999       
1      824       268       29183     291       299       
1      417       580       29183     100       189       
1      410       545       29183     52        52        
2      598       605       29183     189       189       
2      716       527       29183     189       52        
1      233       20        29184     206       98        
2      598       676       29184     189       189       
1      961       741       29184     291       50        
2      482       529       29184     189       189       
3      482       529       29184     189       189       
1      984       580       29185     291       189       
1      1151      983       29185     291       291       
1      506       531       29185     189       189       
1      702       36        29185     290       98        
1      802       643       29185     291       131       
1      1300      904       29186     192       290       
1      556       695       29186     199       189       
1      352       527       29186     119       52        
1      580       488       29186     189       199       
1      457       577       29187     52        189       
1      598       602       29187     189       189       
4      416       788       29187     100       290       
1      654       626       29187     189       189       
2      546       497       29187     52        999       
3      546       497       29187     52        999       
1      462       621       29187     189       280       
3      838       792       29187     290       290       
2      838       792       29187     290       290       
2      441       555       29188     168       199       
3      441       555       29188     168       199       
2      628       648       29188     189       189       
1      228       462       29188     266       189       
1      549       715       29188     52        131       
1      969       535       29188     290       189       
1      527       600       29188     52        280       
1      897       859       29189     291       290       
1      378       463       29189     168       168       
1      442       544       29189     168       52        
2      1046      916       29189     291       291       
1      557       417       29189     189       100       
1      466       651       29190     199       189       
2      769       971       29190     290       290       
1      938       696       29190     291       189       
1      556       229       29190     199       266       
1      133       526       29190     9         52        
1      134       45        29190     9         98        
2      929       887       29190     290       290       
1      665       506       29190     131       189       
2      350       498       29190     127       52        
1      756       554       29190     131       189       
2      656       414       29190     290       100       
