COLUMNS

passenger_count
pickup_ID
dropoff_ID
request_time_sec
pickup_district
dropoff_district

REQUESTS_INFO
1      354       768       48840     119       290       
2      253       246       48840     206       266       
1      394       488       48840     100       199       
2      410       847       48841     52        291       
1      173       284       48841     286       299       
1      232       531       48841     266       189       
1      916       1064      48843     291       291       
1      837       905       48844     290       290       
1      62        97        48844     98        9         
1      816       772       48844     290       290       
1      603       1002      48844     189       291       
3      1108      1354      48845     291       129       
1      273       599       48845     206       280       
1      1001      1604      48845     291       296       
3      817       906       48845     290       290       
3      581       679       48846     189       290       
3      581       679       48846     189       290       
1      858       645       48846     290       280       
1      742       699       48846     290       290       
1      969       1088      48846     290       291       
1      454       526       48847     52        52        
1      327       210       48847     299       266       
2      211       719       48847     266       189       
1      602       326       48847     189       299       
1      668       553       48848     280       189       
4      436       415       48848     100       100       
1      599       605       48848     280       189       
1      630       512       48848     189       199       
1      133       19        48848     9         98        
1      770       512       48849     290       199       
1      277       331       48849     87        127       
2      673       504       48849     189       52        
3      625       232       48849     189       266       
3      549       604       48850     52        189       
2      650       863       48850     189       290       
3      650       863       48850     189       290       
3      409       134       48850     52        9         
3      409       134       48850     52        9         
2      694       290       48851     189       127       
1      970       858       48851     290       290       
1      828       662       48852     291       131       
1      630       375       48852     189       119       
3      504       629       48852     52        189       
1      734       724       48853     131       290       
3      696       626       48853     189       189       
1      438       521       48853     100       52        
1      482       627       48853     189       189       
1      650       312       48853     189       87        
1      709       79        48854     131       98        
1      697       627       48854     189       189       
1      376       121       48855     168       57        
1      628       291       48855     189       87        
3      1010      556       48855     290       199       
1      504       605       48856     52        189       
2      486       652       48856     199       189       
2      700       1187      48857     290       291       
3      710       735       48857     131       131       
1      849       874       48857     291       291       
3      710       735       48857     131       131       
1      749       512       48858     290       199       
3      744       768       48858     290       290       
3      817       607       48858     290       189       
3      817       607       48858     290       189       
1      463       392       48858     168       52        
3      744       768       48858     290       290       
2      767       328       48859     290       299       
3      767       328       48859     290       299       
1      861       724       48859     290       290       
1      847       709       48859     291       131       
4      213       271       48859     266       127       
1      908       736       48859     290       131       
2      511       247       48859     199       266       
1      847       895       48859     291       291       
1      555       646       48861     199       280       
1      435       915       48861     52        291       
1      618       667       48861     131       131       
1      558       745       48861     189       290       
1      1148      1087      48861     291       291       
1      549       601       48862     52        189       
1      905       970       48862     290       290       
1      595       510       48862     131       199       
2      597       676       48863     131       189       
1      332       373       48864     87        119       
1      460       743       48864     189       290       
1      161       295       48865     178       87        
1      604       250       48865     189       127       
1      767       699       48865     290       290       
1      485       35        48865     189       98        
1      535       334       48865     189       119       
1      608       675       48865     189       189       
1      841       719       48866     290       189       
3      643       415       48866     131       100       
2      647       648       48866     280       189       
1      649       415       48866     189       100       
2      545       436       48867     52        100       
3      545       436       48867     52        100       
2      461       251       48868     189       127       
1      1087      1001      48868     291       291       
1      791       1227      48868     290       192       
1      163       483       48868     178       189       
2      698       813       48868     189       290       
1      573       498       48868     189       52        
1      20        314       48869     98        119       
1      297       332       48869     277       87        
1      116       546       48870     9         52        
4      526       628       48870     52        189       
1      726       929       48870     290       290       
