COLUMNS

passenger_count
pickup_ID
dropoff_ID
request_time_sec
pickup_district
dropoff_district
LDuals
IDuals
vehicle_ID
pick_position
drop_position

REQUESTS_INFO
1      511       915       47086     199       291       221       221       13        1         3         
4      768       680       46787     290       290       588       588       15        1         2         
2      849       1188      47059     291       192       372       372       30        1         2         
1      488       148       46928     199       178       452       452       35        1         2         
1      582       550       47034     189       189       311       311       39        1         2         
2      483       616       47102     189       131       221       221       40        1         3         
4      677       650       46934     189       189       452       452       41        1         2         
3      374       176       47046     119       174       294       294       59        1         3         
1      655       782       46994     189       291       391       391       65        1         4         
2      655       772       47015     189       290       350       350       65        2         3         
1      559       356       47060     189       119       285       285       77        1         3         
1      715       596       47041     131       131       210       210       81        1         3         
3      488       398       46960     199       168       420       420       84        1         2         
1      834       216       47102     290       178       258       258       91        1         3         
1      743       860       47101     290       290       221       221       97        1         4         
1      905       882       47091     290       290       166       166       107       1         2         
1      509       571       47095     199       52        219       219       109       1         4         
1      677       557       47035     189       189       295       295       112       2         4         
3      716       672       47084     189       189       230       230       138       1         2         
3      488       398       46960     199       168       420       420       140       1         2         
3      884       864       47101     290       290       198       198       146       1         3         
1      295       221       47069     87        87        232       232       151       1         2         
3      743       554       47105     290       189       219       219       155       1         3         
2      701       623       47076     290       280       285       285       166       2         3         
1      570       531       47088     52        189       201       201       177       1         3         
3      594       839       47123     131       290       169       169       177       2         4         
2      736       698       47118     131       189       254       254       178       1         2         
1      723       813       47076     290       290       290       290       184       1         2         
1      719       580       47105     189       189       181       181       221       1         3         
1      980       1065      47110     291       291       146       146       226       1         4         
2      649       720       47108     189       290       243       243       228       1         2         
4      560       529       46726     189       189       661       661       232       1         2         
1      439       698       47096     189       189       193       193       241       1         4         
3      576       718       47079     189       189       289       289       247       1         2         
1      908       411       47042     290       52        306       306       248       1         2         
1      579       485       47107     189       189       193       193       252       2         6         
1      581       652       47105     189       189       206       206       252       3         5         
1      334       461       47117     119       189       194       194       255       1         2         
1      722       789       47090     290       290       149       149       258       1         3         
1      722       462       47099     290       189       239       239       258       2         5         
3      625       464       47072     189       168       293       293       269       1         3         
1      744       1053      47128     290       84        183       183       275       1         3         
2      551       436       47059     189       100       282       282       285       2         3         
3      350       547       47107     127       52        256       256       289       1         3         
2      455       1302      47072     52        129       224       224       290       1         3         
2      1002      936       47103     291       291       223       223       310       1         2         
2      907       923       47059     290       290       250       250       313       1         3         
1      609       886       47117     189       290       242       242       333       1         3         
1      557       790       47044     189       290       321       321       334       1         2         
4      780       737       46966     291       189       408       408       336       1         2         
1      812       905       47125     290       290       169.5     169.5     340       1         2         
1      440       557       47074     168       189       221       221       344       1         3         
3      696       782       46956     189       291       349       349       351       1         2         
2      198       10        47077     178       98        183       183       352       1         3         
3      621       577       46837     280       189       476       476       425       1         2         
1      840       770       47063     290       290       260       260       429       1         2         
1      310       171       47108     127       286       168       168       435       1         4         
1      573       462       47085     189       189       206       206       441       1         2         
2      991       950       47113     290       290       171       171       450       1         2         
1      433       545       47111     52        52        167       167       455       1         3         
1      600       199       47107     280       178       214       214       457       1         4         
1      293       251       47125     87        127       143       143       460       1         3         
1      721       766       47092     290       290       246       246       463       1         3         
4      549       285       47119     52        299       193       193       464       1         2         
1      913       675       47113     291       189       184       184       468       1         3         
4      579       834       47090     189       290       300       300       470       1         2         
1      743       946       46963     290       290       417       417       474       1         2         
1      631       583       47062     189       189       316       316       475       1         2         
3      863       865       47105     290       290       242       242       476       1         2         
1      331       357       47097     127       277       257       257       489       1         2         
1      888       927       47096     290       290       158       158       491       1         3         
2      862       716       47112     290       189       230       230       491       2         4         
4      466       509       47002     199       199       333       333       500       1         2         
3      602       697       47048     189       189       333       333       504       1         2         
2      350       212       47077     127       266       286       286       510       1         2         
1      947       743       47110     290       290       152       152       531       1         3         
1      625       1032      47103     189       84        228       228       532       1         4         
1      744       529       47090     290       189       246       246       535       1         3         
2      699       415       47106     290       100       238       238       535       2         4         
1      549       554       47072     52        189       220       220       547       1         3         
3      1043      1054      46911     291       84        455       455       549       1         2         
1      556       627       47068     199       189       302       302       553       1         2         
4      695       231       46793     189       266       568       568       559       1         2         
1      462       291       47079     189       87        190       190       575       1         3         
1      793       835       47119     290       290       265       265       576       1         3         
1      626       760       47075     189       291       292.5     292.5     588       1         3         
1      333       557       47074     119       189       168       168       592       1         3         
1      906       1001      47127     290       291       182       182       597       1         4         
1      771       760       47105     290       291       178       178       611       1         3         
1      812       602       47099     290       189       194       194       619       1         4         
1      603       858       47118     189       290       214       214       620       1         4         
1      692       756       47104     280       131       146       146       621       1         3         
3      669       434       47102     280       52        286       286       626       1         3         
1      652       527       47124     189       52        155       155       630       2         5         
1      811       247       47074     290       266       294       294       643       1         2         
3      646       117       46741     280       286       663       663       645       1         2         
2      576       718       47072     189       189       258       258       648       1         3         
1      488       650       47116     199       189       261       261       653       1         4         
1      273       312       47088     206       87        206       206       662       1         2         
1      737       699       47120     189       290       136       136       679       1         3         
1      817       939       47106     290       291       178       178       683       1         4         
1      709       605       46921     131       189       482       482       689       1         2         
1      870       1151      47079     291       291       232       232       690       1         2         
1      794       700       47088     290       290       159       159       695       1         3         
1      1034      906       47010     84        290       303       303       696       1         2         
2      850       780       47105     291       291       224       224       711       1         2         
1      507       534       47114     189       199       176       176       718       1         3         
1      621       507       47038     280       189       263       263       729       1         4         
2      663       31        47126     131       9         158       158       738       1         3         
4      582       577       46802     189       189       590       590       742       1         2         
1      602       1128      47008     189       291       362       362       750       1         4         
3      602       697       47048     189       189       333       333       750       2         3         
1      419       509       47122     168       199       168       168       770       1         2         
1      556       440       47089     199       168       232       232       774       1         4         
1      556       189       47101     199       286       215       215       774       2         6         
2      532       417       47123     199       100       235       235       774       3         5         
1      671       646       47037     280       280       343       343       775       1         4         
2      671       649       47103     280       189       182       182       775       2         5         
1      670       527       47125     280       52        201       201       775       3         6         
3      696       984       46993     189       291       373       373       780       1         2         
1      607       464       47099     189       168       271       271       782       1         2         
1      230       66        47121     266       98        145       145       790       1         3         
3      863       865       47105     290       290       242       242       795       1         2         
1      727       441       46954     290       168       388       388       797       1         4         
3      655       772       47015     189       290       350       350       797       2         3         
3      599       117       46636     280       286       745       745       799       1         2         
3      374       176       47046     119       174       294       294       800       1         2         
1      632       906       47013     189       290       336       336       808       1         3         
4      534       624       46989     199       189       350       350       811       2         3         
3      946       1529      47118     290       296       230       230       813       1         2         
2      850       431       47058     291       52        159       159       820       1         3         
1      958       1042      47040     291       291       286       286       824       1         2         
4      645       97        47010     280       9         385       385       825       1         2         
1      813       627       47046     290       189       297       297       829       1         2         
1      549       748       47071     52        290       221       221       831       1         6         
1      549       695       47094     52        189       198       198       831       2         4         
2      679       859       47052     290       290       328       328       850       1         3         
1      632       790       47119     189       290       230       230       850       2         4         
1      627       553       47101     189       189       231       231       859       1         2         
1      1022      939       47046     291       291       294       294       863       1         3         
1      310       534       47064     127       199       247       247       864       1         2         
1      926       993       46954     290       84        382       382       875       1         2         
1      913       892       47115     291       291       191       191       879       2         4         
3      991       946       47110     290       290       189       189       882       2         3         
1      903       815       47091     290       290       236       236       883       1         2         
1      213       499       47082     266       52        210       210       885       1         2         
1      314       433       47121     119       52        177       177       892       1         3         
3      720       678       47107     290       290       245       245       898       2         4         
4      602       97        47108     189       9         284       284       900       2         3         
2      527       408       47057     52        299       274       274       904       1         3         
1      527       354       47108     52        119       206       206       904       2         4         
1      396       624       47087     119       189       181       181       911       1         3         
1      632       675       47072     189       189       217       217       913       1         2         
1      295       549       47071     87        52        198       198       931       1         3         
2      649       713       46997     189       131       354       354       936       1         2         
1      722       697       47031     290       189       327       327       939       1         2         
1      353       903       47099     119       290       180       180       941       1         4         
2      755       694       47099     131       189       184       184       946       1         4         
1      649       727       47060     189       290       291       291       953       1         3         
1      250       389       47078     127       299       158       158       954       1         2         
2      925       838       47082     290       290       250       250       967       1         2         
1      937       526       47120     291       52        110       110       973       1         5         
1      605       697       46783     189       189       588       588       976       1         3         
3      629       315       47082     189       277       316       316       976       2         4         
2      738       666       47057     189       131       202       202       985       1         4         
2      1044      994       47122     291       84        187       187       989       1         3         
3      801       893       47098     291       291       268       268       992       1         2         
4      631       1177      46884     189       84        497       497       996       1         2         
1      413       929       47044     52        290       246       246       1000      1         3         
2      627       693       46971     189       280       374       374       1002      1         2         
1      811       897       47080     290       291       278       278       1008      1         3         
1      811       1207      46957     290       192       411       411       1008      2         4         
3      801       893       47098     291       291       268       268       1009      1         3         
1      778       535       47128     131       189       166       166       1009      2         4         
2      694       527       47066     189       52        274       274       1011      1         2         
1      1065      1001      47129     291       291       142       142       1015      1         2         
2      655       947       47114     189       290       245       245       1016      1         3         
1      155       290       47123     286       127       122       122       1023      1         3         
2      835       805       47117     290       291       233       233       1025      1         3         
1      526       607       46994     52        189       273       273       1030      1         3         
1      510       882       47124     199       290       223       223       1039      1         4         
3      991       946       47110     290       290       189       189       1048      1         2         
1      674       653       47055     189       189       258       258       1051      1         3         
1      332       399       47070     87        168       178       178       1052      1         4         
3      597       629       47114     131       189       218       218       1058      1         2         
1      892       694       47120     291       189       153       153       1064      1         4         
1      1067      1066      47093     291       291       221       221       1069      1         2         
1      599       413       47122     280       52        237       237       1085      1         2         
1      1000      760       47114     291       291       171       171       1087      1         2         
1      842       461       47079     290       189       181       181       1089      1         3         
2      924       651       47102     290       189       181       181       1090      1         5         
1      905       702       47117     290       290       175       175       1090      2         4         
2      908       527       47130     290       52        0         0         0         0         0         
1      1227      549       47130     192       52        0         0         0         0         0         
1      803       863       47130     291       290       0         0         0         0         0         
1      552       697       47130     189       189       0         0         0         0         0         
1      466       627       47131     199       189       0         0         0         0         0         
1      827       293       47131     291       87        0         0         0         0         0         
3      376       453       47131     168       52        0         0         0         0         0         
3      409       575       47132     52        189       0         0         0         0         0         
1      483       578       47132     189       189       0         0         0         0         0         
3      293       90        47132     87        178       0         0         0         0         0         
2      293       90        47132     87        178       0         0         0         0         0         
1      837       595       47133     290       131       0         0         0         0         0         
1      948       1010      47133     290       290       0         0         0         0         0         
1      835       947       47133     290       290       0         0         0         0         0         
1      549       231       47133     52        266       0         0         0         0         0         
3      781       1198      47134     291       84        0         0         0         0         0         
2      781       1198      47134     291       84        0         0         0         0         0         
1      335       531       47134     119       189       0         0         0         0         0         
1      1043      1090      47134     291       291       0         0         0         0         0         
1      416       508       47134     100       199       0         0         0         0         0         
2      551       247       47134     189       266       0         0         0         0         0         
2      887       813       47134     290       290       0         0         0         0         0         
1      1043      608       47134     291       189       0         0         0         0         0         
2      505       718       47135     52        189       0         0         0         0         0         
1      697       605       47135     189       189       0         0         0         0         0         
1      310       268       47135     127       299       0         0         0         0         0         
1      303       212       47135     299       266       0         0         0         0         0         
1      415       556       47135     100       199       0         0         0         0         0         
1      1002      1087      47135     291       291       0         0         0         0         0         
3      294       259       47135     87        87        0         0         0         0         0         
2      294       259       47135     87        87        0         0         0         0         0         
1      287       157       47136     299       54        0         0         0         0         0         
2      395       481       47136     100       189       0         0         0         0         0         
1      461       390       47136     189       52        0         0         0         0         0         
1      549       578       47136     52        189       0         0         0         0         0         
1      1090      1002      47136     291       291       0         0         0         0         0         
1      328       458       47136     299       52        0         0         0         0         0         
1      626       213       47136     189       266       0         0         0         0         0         
1      625       702       47136     189       290       0         0         0         0         0         
1      249       138       47136     266       57        0         0         0         0         0         
1      328       172       47137     299       286       0         0         0         0         0         
1      121       21        47137     57        98        0         0         0         0         0         
2      171       330       47137     286       127       0         0         0         0         0         
1      1282      665       47137     192       131       0         0         0         0         0         
1      501       671       47138     52        280       0         0         0         0         0         
1      747       489       47138     290       199       0         0         0         0         0         
1      647       720       47138     280       290       0         0         0         0         0         
1      768       871       47138     290       291       0         0         0         0         0         
1      760       440       47139     291       168       0         0         0         0         0         
1      62        526       47139     98        52        0         0         0         0         0         
1      549       583       47139     52        189       0         0         0         0         0         
1      526       629       47139     52        189       0         0         0         0         0         
1      947       721       47140     290       290       0         0         0         0         0         
1      535       553       47140     189       189       0         0         0         0         0         
3      579       720       47140     189       290       0         0         0         0         0         
1      398       499       47140     168       52        0         0         0         0         0         
3      579       720       47140     189       290       0         0         0         0         0         
2      842       699       47140     290       290       0         0         0         0         0         
3      696       606       47140     189       189       0         0         0         0         0         
2      696       606       47140     189       189       0         0         0         0         0         
1      487       463       47142     199       168       0         0         0         0         0         
1      216       759       47142     178       131       0         0         0         0         0         
2      527       737       47142     52        189       0         0         0         0         0         
1      734       457       47142     131       52        0         0         0         0         0         
1      651       604       47143     189       189       0         0         0         0         0         
1      189       287       47143     286       299       0         0         0         0         0         
1      1106      1087      47143     291       291       0         0         0         0         0         
2      549       850       47144     52        291       0         0         0         0         0         
1      897       923       47145     291       290       0         0         0         0         0         
1      1065      1010      47145     291       290       0         0         0         0         0         
1      631       772       47145     189       290       0         0         0         0         0         
2      388       578       47145     299       189       0         0         0         0         0         
3      388       578       47145     299       189       0         0         0         0         0         
1      700       813       47146     290       290       0         0         0         0         0         
1      720       579       47146     290       189       0         0         0         0         0         
4      983       872       47146     291       291       0         0         0         0         0         
1      268       191       47146     299       266       0         0         0         0         0         
1      410       250       47146     52        127       0         0         0         0         0         
1      851       275       47147     291       87        0         0         0         0         0         
1      817       603       47147     290       189       0         0         0         0         0         
1      1068      1097      47148     291       84        0         0         0         0         0         
1      697       858       47148     189       290       0         0         0         0         0         
2      211       368       47148     266       299       0         0         0         0         0         
1      349       949       47149     127       290       0         0         0         0         0         
2      625       584       47149     189       189       0         0         0         0         0         
1      767       651       47149     290       189       0         0         0         0         0         
1      527       737       47149     52        189       0         0         0         0         0         
1      1211      1110      47150     129       291       0         0         0         0         0         
1      535       599       47150     189       280       0         0         0         0         0         
1      191       348       47150     266       299       0         0         0         0         0         
2      527       675       47150     52        189       0         0         0         0         0         
3      676       835       47151     189       290       0         0         0         0         0         
1      915       1529      47151     291       296       0         0         0         0         0         
1      551       559       47151     189       189       0         0         0         0         0         
2      676       835       47151     189       290       0         0         0         0         0         
1      534       723       47151     199       290       0         0         0         0         0         
1      906       1097      47151     290       84        0         0         0         0         0         
1      882       631       47152     290       189       0         0         0         0         0         
1      193       306       47152     266       299       0         0         0         0         0         
1      908       526       47152     290       52        0         0         0         0         0         
4      552       628       47153     189       189       0         0         0         0         0         
1      212       968       47153     266       290       0         0         0         0         0         
1      815       632       47153     290       189       0         0         0         0         0         
2      442       375       47154     168       119       0         0         0         0         0         
1      758       647       47154     131       280       0         0         0         0         0         
1      969       937       47154     290       291       0         0         0         0         0         
3      597       504       47155     131       52        0         0         0         0         0         
1      727       652       47155     290       189       0         0         0         0         0         
3      597       504       47155     131       52        0         0         0         0         0         
1      481       663       47156     189       131       0         0         0         0         0         
1      554       415       47156     189       100       0         0         0         0         0         
1      652       602       47156     189       189       0         0         0         0         0         
1      673       675       47157     189       189       0         0         0         0         0         
1      1045      1292      47157     291       84        0         0         0         0         0         
1      481       672       47157     189       189       0         0         0         0         0         
1      10        60        47157     98        9         0         0         0         0         0         
1      328       209       47157     299       266       0         0         0         0         0         
2      413       530       47157     52        189       0         0         0         0         0         
1      436       655       47158     100       189       0         0         0         0         0         
1      696       991       47158     189       290       0         0         0         0         0         
1      837       767       47158     290       290       0         0         0         0         0         
2      233       692       47158     206       280       0         0         0         0         0         
2      527       309       47159     52        127       0         0         0         0         0         
3      509       647       47159     199       280       0         0         0         0         0         
2      509       647       47159     199       280       0         0         0         0         0         
