COLUMNS

passenger_count
pickup_ID
dropoff_ID
request_time_sec
pickup_time_sec
pickup_depart_sec
vehicle_ID
pickup_district
dropoff_district
position

REQUESTS_INFO
1      526       573       30609     30660     30690     0              52             189            1              
1      529       19        30656     30758     30788     0              189            98             2              
1      46        271       30672     30739     30769     9              98             127            1              
1      46        289       30537     30679     30709     9              98             127            2              
1      46        289       30554     30709     30739     9              98             127            3              
1      435       408       30660     30783     30813     14             52             299            1              
1      337       593       30456     30556     30586     15             277            52             1              
3      375       527       30656     30773     30803     15             119            52             2              
1      827       760       30639     30735     30765     24             291            291            1              
2      805       548       30569     30683     30713     24             291            52             2              
1      505       719       30677     30744     30774     25             52             189            1              
1      505       675       30651     30714     30744     25             52             189            2              
1      505       649       30556     30684     30714     25             52             189            3              
1      396       347       30559     30686     30716     27             119            299            1              
1      415       176       30494     30612     30642     28             100            174            1              
1      1087      1023      30671     30783     30813     30             291            291            1              
1      1475      782       30250     30404     30434     30             296            291            2              
1      912       265       30471     30582     30612     33             291            299            1              
2      668       526       30513     30603     30633     36             280            52             1              
1      885       630       30613     30688     30718     39             290            189            1              
1      442       460       30681     30796     30826     40             168            189            1              
3      142       433       30594     30704     30734     41             54             52             1              
1      622       792       30639     30734     30764     43             280            290            1              
1      477       719       30427     30575     30605     44             52             189            1              
2      455       526       30633     30728     30758     45             52             52             1              
1      461       923       30648     30755     30785     46             189            290            1              
2      370       556       30678     30776     30806     52             52             199            1              
1      371       294       30301     30471     30501     56             52             87             1              
1      259       593       30636     30752     30782     56             87             52             2              
1      710       9         30507     30584     30614     58             131            98             1              
1      598       397       30627     30727     30757     61             189            168            3              
1      432       532       30642     30793     30823     64             52             199            1              
1      476       241       30553     30640     30670     68             52             87             1              
3      436       230       30285     30356     30386     70             100            266            1              
3      486       557       30679     30765     30795     71             199            189            1              
1      307       1244      30270     30358     30388     75             127            192            1              
1      347       326       30648     30749     30779     76             299            299            1              
1      366       154       30559     30682     30712     76             299            286            2              
1      632       556       30616     30708     30738     77             189            199            1              
1      655       881       30638     30769     30799     77             189            290            2              
3      1208      937       30610     30725     30755     79             192            291            2              
1      1306      891       30611     30786     30816     81             129            291            1              
3      619       31        30513     30624     30654     83             131            9              1              
1      152       646       30596     30668     30698     86             9              280            1              
1      501       782       30228     30300     30330     89             52             291            1              
1      532       416       30646     30730     30760     91             199            100            1              
1      522       575       30603     30700     30730     94             52             189            1              
1      499       652       30671     30770     30800     94             52             189            2              
3      718       535       30544     30648     30678     95             189            189            1              
2      1148      652       30415     30513     30543     100            291            189            1              
3      1036      907       30584     30670     30700     104            84             290            1              
1      971       526       30631     30772     30802     104            290            52             2              
1      527       695       30540     30600     30630     105            52             189            1              
1      1078      442       30512     30658     30688     106            84             168            1              
1      529       859       30592     30693     30723     112            189            290            1              
1      1475      1101      30224     30424     30454     116            296            84             1              
1      364       266       30617     30765     30795     117            299            266            1              
3      180       393       30184     30378     30408     118            178            52             1              
3      559       676       30554     30681     30711     120            189            189            1              
1      288       430       30428     30547     30577     121            127            52             1              
3      739       265       30516     30651     30681     123            189            299            1              
1      317       1175      30670     30904     30934     125            277            129            1              
2      333       505       30465     30554     30584     127            119            52             2              
1      291       192       30650     30690     30720     129            87             266            1              
1      252       526       30662     30819     30849     129            206            52             2              
1      354       458       30586     30685     30715     132            119            52             1              
1      255       744       30555     30617     30647     134            87             290            1              
1      155       170       30612     30745     30775     135            286            286            1              
1      1066      289       30513     30644     30674     136            291            127            1              
1      1001      738       30345     30466     30496     137            291            189            1              
1      824       527       30588     30736     30766     137            291            52             2              
2      9         142       30639     30817     30847     139            98             54             1              
1      1024      526       30577     30769     30799     149            291            52             1              
1      1187      503       30421     30532     30562     149            291            52             2              
1      527       90        30653     30690     30720     150            52             178            1              
2      118       801       30540     30621     30651     151            286            291            1              
1      372       676       30305     30414     30444     152            119            189            1              
3      418       305       30547     30686     30716     158            168            299            1              
1      556       904       30580     30630     30660     160            199            290            1              
1      643       456       30648     30700     30730     164            131            52             1              
1      417       626       30635     30743     30773     165            100            189            2              
1      722       948       30614     30703     30733     166            290            290            1              
1      742       947       30545     30632     30662     166            290            290            2              
1      743       1032      30684     30767     30797     166            290            84             3              
2      191       597       30680     30798     30828     170            266            131            1              
1      888       621       30496     30603     30633     171            290            280            1              
3      816       992       30412     30526     30556     172            290            290            1              
1      314       188       30638     30774     30804     176            119            286            1              
1      357       758       30367     30472     30502     177            277            131            1              
1      336       974       30673     30812     30842     178            277            84             1              
3      594       460       30486     30593     30623     180            131            189            1              
3      598       134       30498     30607     30637     182            189            9              1              
1      374       598       30575     30662     30692     183            119            189            1              
1      310       527       30513     30594     30624     185            127            52             1              
1      552       576       30673     30756     30786     187            189            189            1              
1      505       672       30668     30799     30829     188            52             189            1              
1      420       454       30600     30841     30871     191            168            52             1              
2      526       694       30424     30517     30547     194            52             189            1              
1      306       251       30483     30605     30635     199            299            127            1              
1      255       834       30645     30785     30815     201            87             290            1              
1      337       238       30511     30651     30681     202            277            87             1              
1      627       727       30640     30721     30751     203            189            290            1              
1      436       600       30665     30738     30768     212            100            280            1              
1      1137      940       30540     30768     30798     215            84             291            1              
1      726       551       30188     30335     30365     217            290            189            1              
3      732       1318      30493     30591     30621     223            131            192            1              
3      464       721       30657     30781     30811     225            168            290            1              
1      511       1044      30609     30719     30749     225            199            291            2              
1      1402      522       30283     30435     30465     226            129            52             1              
1      177       83        30497     30582     30612     228            207            98             1              
1      174       62        30549     30693     30723     228            266            98             2              
2      175       10        30680     30778     30808     228            266            98             3              
1      673       579       30526     30619     30649     231            189            189            1              
1      64        528       30404     30517     30547     232            98             52             1              
1      723       836       30608     30700     30730     235            290            290            1              
1      1148      91        30258     30321     30351     238            291            178            1              
3      718       535       30544     30618     30648     239            189            189            1              
2      846       436       30540     30828     30858     240            291            100            1              
1      174       143       30639     30762     30792     247            266            54             1              
1      63        646       30431     30556     30586     254            98             280            1              
3      864       655       30670     30799     30829     259            290            189            1              
1      925       699       30585     30702     30732     259            290            290            2              
1      838       623       30618     30712     30742     274            290            280            1              
1      838       233       30652     30742     30772     274            290            206            2              
3      481       372       30531     30627     30657     275            189            119            1              
3      817       836       30656     30719     30749     276            290            290            1              
1      863       745       30664     30784     30814     276            290            290            2              
1      156       904       30499     30605     30635     277            286            290            1              
1      416       498       30588     30678     30708     278            100            52             1              
1      160       849       30163     30268     30298     285            54             291            1              
1      234       188       30602     30686     30716     287            87             286            1              
1      177       505       30622     30791     30821     287            207            52             2              
1      279       369       30459     30623     30653     288            87             52             1              
1      280       527       30575     30747     30777     288            277            52             2              
1      748       881       30567     30600     30630     292            290            290            1              
1      771       1075      30577     30640     30670     292            290            84             2              
1      1068      1208      30553     30738     30768     295            291            192            1              
1      926       1015      30568     30670     30700     296            290            84             1              
1      345       351       30681     30720     30750     297            299            52             1              
1      655       720       30458     30567     30597     298            189            290            1              
2      971       1361      30428     30547     30577     300            290            129            1              
1      233       721       30540     30622     30652     302            206            290            1              
3      276       675       30438     30542     30572     303            87             189            1              
1      237       391       30456     30564     30594     308            87             52             1              
2      333       1180      30378     30511     30541     311            119            84             1              
1      644       411       30412     30509     30539     315            131            52             1              
1      669       329       30629     30675     30705     315            280            127            2              
1      669       31        30515     30645     30675     315            280            9              3              
1      1011      412       30526     30685     30715     323            84             52             1              
1      717       31        30545     30660     30690     325            189            9              1              
1      984       603       30543     30660     30690     328            291            189            1              
1      981       352       30654     30758     30788     328            291            119            2              
1      60        826       30642     30720     30750     332            9              291            1              
1      859       801       30449     30527     30557     334            290            291            1              
1      365       573       30660     30749     30779     335            299            189            1              
2      651       621       30676     30720     30750     336            189            280            1              
1      651       194       30685     30750     30780     336            189            207            2              
1      62        527       30226     30356     30386     340            98             52             1              
1      10        828       30494     30648     30678     343            98             291            1              
3      34        1603      30615     30747     30777     343            98             296            2              
1      905       971       30619     30704     30734     348            290            290            1              
1      923       1010      30531     30633     30663     348            290            290            2              
1      905       1218      30688     30734     30764     348            290            84             3              
1      349       461       30590     30688     30718     353            127            189            1              
1      1022      835       30504     30595     30625     356            291            290            1              
1      484       593       30591     30697     30727     358            189            52             1              
2      508       526       30659     30745     30775     358            199            52             2              
1      582       131       30673     30764     30794     360            189            178            1              
1      824       193       30487     30605     30635     365            291            266            1              
1      687       499       30431     30535     30565     366            131            52             1              
2      598       134       30498     30602     30632     368            189            9              1              
1      720       1107      30594     30726     30756     369            290            291            1              
1      842       287       30170     30298     30328     370            290            299            1              
3      460       330       30647     30793     30823     371            189            127            1              
1      1048      460       30549     30676     30706     372            291            189            1              
1      642       604       30563     30661     30691     373            131            189            1              
1      894       700       30472     30546     30576     375            291            290            1              
3      1199      554       30496     30604     30634     382            84             189            1              
3      460       330       30647     30805     30835     387            189            127            1              
1      714       574       30685     30793     30823     390            131            189            1              
1      718       527       30672     30729     30759     391            189            52             1              
2      675       557       30643     30738     30768     393            189            189            1              
1      972       1002      30609     30746     30776     394            290            291            1              
1      735       1108      30434     30483     30513     396            131            291            2              
1      757       1096      30432     30536     30566     396            131            84             3              
3      481       513       30652     30751     30781     397            189            199            1              
2      506       466       30678     30751     30781     400            189            199            1              
1      926       857       30632     30729     30759     402            290            290            1              
1      771       457       30669     30775     30805     404            290            52             1              
1      771       328       30685     30805     30835     404            290            299            2              
1      463       724       30574     30715     30745     405            168            290            1              
3      464       721       30657     30777     30807     405            168            290            2              
1      1056      1188      30502     30732     30762     406            84             192            1              
1      745       837       30602     30709     30739     408            290            290            1              
1      745       608       30610     30739     30769     408            290            189            2              
2      948       938       30494     30613     30643     411            290            291            1              
1      948       456       30575     30643     30673     411            290            52             2              
1      306       947       30645     30720     30750     416            299            290            1              
1      99        137       30689     30766     30796     418            286            286            1              
2      117       474       30547     30705     30735     418            286            52             2              
1      772       332       30598     30645     30675     420            290            87             1              
1      839       123       30255     30351     30381     421            290            54             1              
1      885       377       30664     30743     30773     423            290            168            3              
1      136       265       30683     30772     30802     424            286            299            1              
3      375       527       30656     30734     30764     425            119            52             2              
1      1011      1225      30318     30369     30399     430            84             192            1              
1      1475      1225      30489     30732     30762     431            296            192            1              
1      1475      1218      30661     30762     30792     431            296            84             2              
1      327       579       30669     30774     30804     432            299            189            1              
1      738       434       30522     30612     30642     433            189            52             1              
3      715       1249      30496     30601     30631     436            131            129            1              
3      711       191       30597     30707     30737     440            131            266            1              
1      710       198       30668     30750     30780     440            131            178            2              
1      723       749       30654     30750     30780     442            290            290            1              
2      676       31        30598     30675     30705     442            189            9              2              
1      628       199       30245     30318     30348     443            189            178            1              
1      710       527       30422     30513     30543     446            131            52             1              
1      643       116       30572     30666     30696     446            131            9              2              
1      950       909       30658     30769     30799     450            290            290            1              
1      850       914       30510     30650     30680     451            291            291            2              
1      894       884       30613     30721     30751     451            291            290            4              
3      1059      1255      30422     30612     30642     452            84             84             1              
1      725       778       30495     30618     30648     453            290            131            1              
3      891       949       30466     30587     30617     459            291            290            1              
1      722       443       30425     30543     30573     460            290            168            1              
3      466       700       30594     30662     30692     469            199            290            1              
1      272       522       30528     30664     30694     470            127            52             1              
2      273       669       30634     30738     30768     470            206            280            2              
1      442       234       30547     30661     30691     472            168            87             1              
1      689       230       30656     30766     30796     480            131            266            1              
3      233       527       30651     30754     30784     482            206            52             1              
1      252       834       30546     30671     30701     482            206            290            2              
1      210       154       30511     30646     30676     484            266            286            1              
3      248       778       30605     30727     30757     484            266            131            2              
3      218       458       30460     30597     30627     485            87             52             1              
1      368       781       30450     30562     30592     486            299            291            1              
1      984       760       30389     30509     30539     487            291            291            1              
1      701       695       30526     30630     30660     492            290            189            1              
1      701       535       30582     30660     30690     492            290            189            2              
1      679       527       30649     30725     30755     492            290            52             3              
3      662       550       30570     30705     30735     493            131            189            1              
1      462       548       30658     30729     30759     494            189            52             1              
1      441       870       30577     30661     30691     494            168            291            2              
1      643       232       30540     30643     30673     495            131            266            1              
1      247       78        30623     30735     30765     496            266            9              1              
2      328       232       30454     30604     30634     500            299            266            1              
1      735       621       30623     30750     30780     502            131            280            1              
3      756       549       30440     30523     30553     507            131            52             1              
2      559       676       30554     30655     30685     515            189            189            1              
1      599       836       30456     30579     30609     520            280            290            1              
1      478       739       30472     30560     30590     522            52             189            1              
1      525       715       30510     30652     30682     522            52             131            2              
1      694       523       30448     30513     30543     523            189            52             1              
3      1025      679       30443     30594     30624     525            291            290            1              
3      871       722       30559     30773     30803     527            291            290            1              
1      781       958       30611     30741     30771     531            291            291            1              
1      981       1566      30384     30445     30475     532            291            296            1              
1      959       558       30288     30398     30428     534            291            189            1              
2      716       621       30653     30724     30754     536            189            280            1              
2      731       615       30540     30665     30695     537            131            131            1              
1      714       596       30631     30762     30792     537            131            131            2              
1      510       529       30548     30639     30669     539            199            189            1              
1      533       458       30606     30693     30723     539            199            52             2              
1      465       290       30667     30805     30835     539            199            127            3              
1      44        526       30501     30620     30650     540            98             52             1              
1      43        485       30573     30658     30688     540            9              189            2              
1      601       710       30655     30727     30757     541            189            131            1              
1      668       370       30425     30516     30546     542            280            52             1              
3      181       275       30653     30746     30776     544            178            87             1              
2      233       527       30651     30797     30827     549            206            52             1              
3      696       947       30660     30739     30769     552            189            290            1              
1      726       528       30337     30456     30486     558            290            52             1              
1      795       603       30425     30560     30590     559            290            189            1              
1      840       415       30399     30507     30537     559            290            100            2              
1      795       188       30527     30590     30620     559            290            286            3              
1      1025      947       30590     30747     30777     561            291            290            1              
1      1149      32        30385     30473     30503     563            291            98             1              
1      673       308       30378     30448     30478     564            189            127            1              
1      927       722       30534     30603     30633     566            290            290            1              
1      906       621       30638     30713     30743     566            290            280            2              
1      802       526       30572     30729     30759     569            291            52             1              
3      739       265       30516     30610     30640     569            189            299            2              
1      722       417       30582     30642     30672     570            290            100            1              
1      779       498       30505     30573     30603     571            131            52             1              
1      81        694       30154     30256     30286     572            98             189            1              
1      621       720       30670     30796     30826     573            280            290            1              
1      928       212       30559     30649     30679     575            290            266            1              
3      817       836       30656     30771     30801     576            290            290            1              
1      858       554       30547     30676     30706     576            290            189            2              
2      1234      737       30681     30746     30776     577            129            189            1              
1      937       1129      30581     30690     30720     580            291            291            1              
1      1001      1263      30500     30612     30642     580            291            192            2              
1      915       1306      30586     30736     30766     580            291            129            3              
1      10        97        30661     30790     30820     583            98             9              1              
2      35        437       30595     30699     30729     583            98             100            2              
1      118       78        30632     30760     30790     584            286            9              1              
1      118       31        30609     30730     30760     584            286            9              2              
1      395       504       30646     30783     30813     587            100            52             1              
1      723       677       30532     30612     30642     588            290            189            1              
1      723       772       30547     30642     30672     588            290            290            2              
3      481       513       30652     30750     30780     592            189            199            1              
1      1637      643       30448     30634     30664     593            296            131            1              
1      1593      599       30633     30732     30762     594            296            280            1              
2      1025      679       30443     30595     30625     595            291            290            1              
3      871       722       30559     30702     30732     597            291            290            1              
1      847       527       30689     30785     30815     597            291            52             2              
1      1046      421       30584     30706     30736     598            291            168            1              
3      939       556       30558     30717     30747     600            291            199            1              
1      257       217       30653     30742     30772     601            87             87             1              
1      333       558       30533     30615     30645     605            119            189            1              
1      354       678       30431     30552     30582     605            119            290            2              
1      333       817       30590     30645     30675     605            119            290            3              
1      969       1264      30595     30686     30716     606            290            192            1              
3      926       969       30573     30710     30740     608            290            290            1              
3      35        310       30591     30718     30748     611            98             127            1              
1      9         436       30658     30832     30862     611            98             100            2              
1      815       1152      30490     30586     30616     614            290            291            1              
2      873       961       30645     30750     30780     615            291            291            1              
1      873       672       30587     30720     30750     615            291            189            2              
2      815       170       30094     30203     30233     616            290            286            1              
1      992       599       30662     30737     30767     618            290            280            1              
1      923       480       30462     30528     30558     619            290            52             1              
2      991       481       30590     30688     30718     619            290            189            2              
1      43        408       30669     30767     30797     621            9              299            1              
1      1417      136       30164     30321     30351     624            129            286            1              
1      1068      725       30467     30666     30696     625            291            290            1              
3      1208      937       30610     30698     30728     627            192            291            1              
1      887       430       30357     30443     30473     628            290            52             1              
1      436       528       30520     30621     30651     629            100            52             1              
1      458       556       30564     30669     30699     629            52             199            2              
2      700       1140      30656     30757     30787     630            290            84             1              
1      886       230       30135     30274     30304     631            290            266            1              
1      722       460       30372     30484     30514     636            290            189            1              
1      790       81        30348     30407     30437     636            290            98             2              
1      1109      554       30469     30651     30681     638            291            189            1              
1      250       188       30602     30730     30760     643            127            286            1              
1      745       527       30644     30762     30792     644            290            52             1              
1      1160      395       30668     30771     30801     646            84             100            1              
3      142       433       30594     30730     30760     649            54             52             1              
1      745       696       30468     30553     30583     653            290            189            1              
1      746       674       30586     30675     30705     653            290            189            2              
1      232       130       30668     30822     30852     656            266            178            1              
3      746       527       30645     30760     30790     662            290            52             1              
1      792       550       30677     30735     30765     663            290            189            1              
1      792       645       30619     30705     30735     663            290            280            2              
1      1074      925       30576     30739     30769     667            84             290            1              
2      992       643       30530     30606     30636     667            290            131            2              
1      654       511       30688     30737     30767     668            189            199            1              
1      677       442       30611     30691     30721     668            189            168            2              
1      398       392       30636     30711     30741     670            168            52             1              
1      398       201       30644     30741     30771     670            168            87             2              
1      836       356       30624     30711     30741     671            290            119            1              
1      838       551       30519     30610     30640     672            290            189            1              
1      838       620       30575     30640     30670     672            290            131            2              
1      949       550       30449     30518     30548     674            290            189            1              
1      990       616       30488     30596     30626     674            290            131            2              
1      882       116       30577     30676     30706     675            290            9              1              
1      766       834       30572     30660     30690     679            290            290            1              
1      768       923       30644     30723     30753     679            290            290            2              
1      295       593       30639     30745     30775     684            87             52             3              
1      916       350       30132     30238     30268     685            291            127            1              
1      647       710       30667     30732     30762     686            280            131            1              
2      647       1531      30607     30702     30732     686            280            296            2              
2      891       949       30466     30614     30644     687            291            290            1              
2      1319      865       30079     30288     30318     689            129            290            2              
1      1106      1369      30524     30596     30626     692            291            129            1              
1      549       650       30665     30725     30755     697            52             189            1              
1      643       534       30685     30788     30818     701            131            199            1              
1      643       43        30638     30758     30788     701            131            9              2              
1      748       1629      30637     30736     30766     704            290            296            1              
1      790       1002      30466     30549     30579     705            290            291            1              
1      1023      895       30572     30705     30735     706            291            291            1              
1      1044      1264      30661     30754     30784     706            291            192            2              
1      441       547       30688     30763     30793     707            168            52             1              
3      794       827       30369     30527     30557     709            290            291            1              
3      846       436       30540     30784     30814     710            291            100            1              
1      60        498       30640     30730     30760     716            9              52             1              
1      60        535       30552     30700     30730     716            9              189            2              
1      1066      1267      30493     30601     30631     720            291            129            1              
1      1023      1578      30629     30684     30714     720            291            296            2              
3      746       527       30645     30786     30816     725            290            52             1              
1      388       526       30632     30781     30811     726            299            52             1              
1      815       533       30655     30744     30774     727            290            199            1              
1      839       676       30454     30570     30600     728            290            189            1              
1      881       546       30572     30703     30733     728            290            52             2              
1      712       1109      30447     30564     30594     729            131            291            1              
1      486       804       30557     30653     30683     731            199            291            1              
1      668       694       30663     30749     30779     734            280            189            1              
1      668       579       30647     30719     30749     734            280            189            2              
1      1001      597       30307     30430     30460     735            291            131            1              
1      937       526       30401     30508     30538     735            291            52             2              
1      396       392       30668     30801     30831     736            119            52             1              
2      418       305       30547     30716     30746     736            168            299            2              
2      377       990       30613     30772     30802     737            168            290            1              
1      907       849       30492     30578     30608     739            290            291            1              
1      745       906       30614     30736     30766     740            290            290            1              
1      366       578       30435     30517     30547     741            299            189            1              
1      892       720       30395     30512     30542     742            291            290            1              
1      916       676       30652     30743     30773     743            291            189            3              
2      961       238       30567     30663     30693     743            291            87             4              
1      909       189       30158     30243     30273     744            290            286            1              
1      1149      912       30637     30732     30762     746            291            291            1              
1      1172      549       30369     30527     30557     746            129            52             2              
2      711       191       30597     30672     30702     749            131            266            1              
1      1055      1218      30582     30732     30762     751            84             84             1              
2      1012      411       30540     30698     30728     752            84             52             1              
3      486       557       30679     30769     30799     755            199            189            1              
1      507       709       30589     30710     30740     755            189            131            2              
3      1090      928       30444     30669     30699     756            291            290            1              
1      1132      394       30636     30799     30829     756            291            100            2              
1      596       436       30589     30630     30660     758            131            100            1              
2      529       668       30562     30663     30693     763            189            280            1              
3      487       215       30498     30581     30611     764            199            178            1              
1      1022      715       30586     30718     30748     767            291            131            3              
2      1022      527       30660     30748     30778     767            291            52             4              
1      229       1225      30436     30566     30596     769            266            192            1              
1      828       550       30597     30646     30676     774            291            189            2              
1      134       720       30264     30352     30382     775            9              290            1              
3      309       463       30678     30787     30817     779            127            168            1              
1      293       64        30659     30731     30761     780            87             98             1              
1      626       742       30654     30735     30765     782            189            290            1              
1      284       157       30480     30595     30625     784            299            54             1              
1      328       435       30663     30723     30753     785            299            52             1              
3      328       371       30569     30693     30723     785            299            52             2              
1      1106      1209      30560     30663     30693     786            291            192            1              
1      1066      803       30642     30727     30757     786            291            291            2              
2      389       1248      30527     30631     30661     787            299            129            1              
1      390       213       30587     30659     30689     794            52             266            1              
1      699       804       30606     30693     30723     797            290            291            1              
1      699       395       30686     30723     30753     797            290            100            2              
1      700       583       30680     30779     30809     799            290            189            1              
