COLUMNS

passenger_count
pickup_ID
dropoff_ID
ready_time_sec
pickup_district
dropoff_district
LDuals
IDuals
vehicle_ID
pick_position
drop_position

REQUESTS_INFO
2      874       695       48276     291       189       177       177       23        1         3         
1      894       1045      48329     291       291       140       140       29        1         2         
3      534       368       48279     199       299       202       202       32        1         3         
2      886       727       48303     290       290       216       216       43        1         3         
2      981       551       48302     291       189       202       202       56        1         2         
3      905       179       48318     290       178       166       166       77        1         2         
2      557       351       48296     189       52        194.5     194.5     91        1         4         
2      557       608       48313     189       189       177.5     177.5     91        2         3         
1      817       369       48292     290       52        175       175       114       1         2         
2      889       1045      48309     290       291       214       214       115       1         2         
1      962       850       48310     291       291       200       200       133       1         3         
3      354       642       48270     119       131       197       197       139       1         2         
1      860       828       48319     290       291       164       164       189       1         2         
1      642       617       48302     131       131       136       136       193       1         2         
2      842       656       48271     290       290       225       225       203       1         2         
1      792       254       48306     290       87        134       134       209       1         4         
2      793       249       48221     290       266       266       266       209       2         5         
2      768       252       48312     290       206       160       160       210       1         3         
3      557       330       48329     189       127       172       172       224       1         2         
3      466       860       48269     199       290       175       175       249       1         2         
1      671       669       48318     280       280       107       107       285       1         2         
2      983       904       48291     291       290       218.5     218.5     288       1         4         
1      436       143       48315     100       54        118       118       294       1         2         
3      524       268       48231     52        299       227       227       295       1         2         
3      601       536       48287     189       189       166       166       317       1         2         
2      883       717       48179     290       189       323       323       320       1         3         
4      871       895       48101     291       291       397       397       326       1         2         
1      345       160       48304     299       54        107       107       342       1         3         
1      582       601       48240     189       189       210       210       352       1         2         
1      836       912       48280     290       291       173       173       394       1         3         
3      673       372       48294     189       119       164       164       422       1         3         
1      393       330       48306     52        127       127       127       425       1         2         
3      720       554       48228     290       189       241       241       438       1         2         
1      991       837       48315     290       290       92        92        454       1         3         
2      1067      1127      48268     291       291       180.5     180.5     458       1         3         
2      599       678       48273     280       290       214       214       495       1         3         
1      650       834       48282     189       290       193       193       504       1         2         
1      584       1022      48320     189       291       103       103       527       1         3         
1      875       719       48273     291       189       229       229       543       1         3         
2      768       793       48288     290       290       195       195       562       1         3         
1      768       905       48301     290       290       182       182       562       2         4         
3      652       863       48240     189       290       220       220       566       1         3         
1      534       389       48312     199       299       99        99        593       1         4         
3      842       656       48271     290       290       245       245       596       1         2         
2      510       743       48267     199       290       223       223       597       1         3         
3      552       652       48246     189       189       265       265       606       1         2         
1      950       511       48324     290       199       137       137       612       1         3         
3      568       479       48311     52        52        173       173       618       1         2         
2      779       695       48275     131       189       197       197       672       1         3         
3      694       256       48230     189       87        247       247       694       1         3         
1      937       1043      48302     291       291       180       180       712       1         3         
1      887       794       48306     290       290       182       182       724       1         2         
1      442       369       48269     168       52        183       183       738       1         2         
1      836       438       48301     290       100       152       152       748       1         3         
2      616       812       48285     131       290       196       196       755       1         4         
1      616       572       48314     131       131       165       165       755       2         3         
1      511       723       48298     199       290       167       167       761       1         2         
1      555       270       48303     199       127       142       142       774       1         4         
1      915       904       48312     291       290       159       159       791       1         3         
1      908       1102      48186     290       84        351       351       797       1         2         
1      369       650       48325     52        189       126       126       803       1         3         
1      510       504       48277     199       52        202       202       817       1         2         
4      980       813       48155     291       290       340       340       823       1         2         
3      939       117       48313     291       286       220       220       831       1         3         
3      937       643       48219     291       131       263       263       851       1         3         
3      557       674       48160     189       189       341       341       858       1         2         
1      802       718       48253     291       189       209       209       865       1         3         
3      452       570       48298     52        52        147       147       872       1         3         
2      511       333       48276     199       119       194       194       896       1         2         
3      397       287       48247     168       299       175       175       899       1         3         
3      927       627       48268     290       189       242       242       906       1         2         
2      766       827       48301     290       291       201       201       907       1         2         
2      759       605       48306     131       189       166       166       914       1         4         
2      983       892       48284     291       291       225.5     225.5     919       1         2         
2      727       696       48315     290       189       156       156       921       1         2         
1      654       717       48306     189       189       167       167       938       1         3         
1      917       892       48263     291       291       209       209       962       1         2         
4      827       915       48299     291       291       173       173       966       1         2         
4      813       766       48308     290       290       186       186       986       1         2         
3      552       652       48246     189       189       265       265       1012      1         2         
1      733       408       48299     131       299       181       181       1025      1         3         
1      981       1023      48285     291       291       197       197       1027      1         2         
3      874       695       48276     291       189       227       227       1085      1         3         
1      792       695       48283     290       189       157       157       1098      1         3         
1      579       481       48287     189       189       186       186       1106      1         2         
1      840       970       48250     290       290       212       212       1113      1         3         
1      1386      962       48322     129       291       137       137       1122      1         2         
1      815       131       48251     290       178       228       228       1140      1         3         
1      937       647       48285     291       280       182       182       1169      1         4         
1      1003      1108      48276     291       291       168       168       1183      1         3         
3      850       837       48268     291       290       228       228       1187      1         2         
2      557       958       48316     189       291       174.5     174.5     1205      1         3         
3      697       676       48285     189       189       166       166       1208      1         2         
3      694       30        48289     189       9         188       188       1210      1         2         
2      937       643       48219     291       131       263       263       1218      1         4         
3      99        211       48321     286       266       123       123       1240      1         2         
3      760       1281      48254     291       192       214       214       1244      1         2         
3      788       836       48102     290       290       393       393       1266      1         2         
1      743       386       48310     290       299       144       144       1267      1         3         
3      679       647       48284     290       280       164       164       1274      1         3         
1      905       722       48313     290       290       130       130       1280      1         2         
3      556       596       48261     199       131       238       238       1291      1         3         
1      694       409       48311     189       52        123       123       1308      1         4         
3      603       897       48246     189       291       241       241       1310      1         3         
1      744       1120      48327     290       84        146       146       1323      1         3         
3      557       330       48329     189       127       172       172       1324      1         2         
2      939       117       48313     291       286       220       220       1335      1         3         
1      508       665       48326     199       131       140       140       1341      1         4         
1      905       599       48303     290       280       140       140       1347      1         3         
1      604       712       48302     189       131       175       175       1369      1         3         
3      354       392       48277     119       52        190       190       1381      1         2         
1      760       645       48330     291       280       0         0         0         0         0         
1      1132      742       48331     291       290       0         0         0         0         0         
2      1130      961       48331     291       291       0         0         0         0         0         
1      396       486       48331     119       199       0         0         0         0         0         
1      216       556       48331     178       199       0         0         0         0         0         
1      804       348       48331     291       299       0         0         0         0         0         
1      145       333       48331     178       119       0         0         0         0         0         
1      441       582       48332     168       189       0         0         0         0         0         
1      306       364       48332     299       299       0         0         0         0         0         
1      531       649       48332     189       189       0         0         0         0         0         
3      458       137       48332     52        286       0         0         0         0         0         
3      158       650       48332     174       189       0         0         0         0         0         
2      158       650       48332     174       189       0         0         0         0         0         
1      374       621       48332     119       280       0         0         0         0         0         
3      458       137       48332     52        286       0         0         0         0         0         
1      664       630       48333     131       189       0         0         0         0         0         
1      974       841       48333     84        290       0         0         0         0         0         
1      286       172       48333     299       286       0         0         0         0         0         
1      605       526       48333     189       52        0         0         0         0         0         
3      759       1116      48333     131       84        0         0         0         0         0         
4      716       940       48333     189       291       0         0         0         0         0         
1      992       647       48333     290       280       0         0         0         0         0         
1      194       19        48334     207       98        0         0         0         0         0         
2      535       505       48334     189       52        0         0         0         0         0         
1      669       416       48334     280       100       0         0         0         0         0         
1      61        440       48334     98        168       0         0         0         0         0         
1      579       834       48334     189       290       0         0         0         0         0         
1      310       191       48335     127       266       0         0         0         0         0         
1      454       526       48335     52        52        0         0         0         0         0         
4      605       1066      48335     189       291       0         0         0         0         0         
1      606       990       48335     189       290       0         0         0         0         0         
1      760       643       48335     291       131       0         0         0         0         0         
4      373       355       48335     119       119       0         0         0         0         0         
1      795       161       48335     290       178       0         0         0         0         0         
1      457       230       48336     52        266       0         0         0         0         0         
1      1086      982       48336     291       291       0         0         0         0         0         
1      440       275       48336     168       87        0         0         0         0         0         
1      267       504       48336     266       52        0         0         0         0         0         
1      433       571       48336     52        52        0         0         0         0         0         
1      466       463       48336     199       168       0         0         0         0         0         
1      649       414       48336     189       100       0         0         0         0         0         
2      675       196       48336     189       178       0         0         0         0         0         
1      663       526       48337     131       52        0         0         0         0         0         
2      896       983       48337     291       291       0         0         0         0         0         
1      737       711       48337     189       131       0         0         0         0         0         
1      390       441       48337     52        168       0         0         0         0         0         
2      864       789       48337     290       290       0         0         0         0         0         
1      771       462       48337     290       189       0         0         0         0         0         
2      968       782       48338     290       291       0         0         0         0         0         
1      276       196       48338     87        178       0         0         0         0         0         
1      873       827       48338     291       291       0         0         0         0         0         
2      479       408       48338     52        299       0         0         0         0         0         
1      213       666       48338     266       131       0         0         0         0         0         
1      1106      999       48338     291       291       0         0         0         0         0         
1      834       722       48339     290       290       0         0         0         0         0         
1      349       736       48339     127       131       0         0         0         0         0         
1      97        709       48339     9         131       0         0         0         0         0         
4      549       386       48340     52        299       0         0         0         0         0         
1      32        98        48341     98        98        0         0         0         0         0         
1      579       308       48341     189       127       0         0         0         0         0         
1      508       598       48342     199       189       0         0         0         0         0         
2      338       392       48342     277       52        0         0         0         0         0         
1      714       439       48342     131       189       0         0         0         0         0         
1      177       433       48342     207       52        0         0         0         0         0         
2      557       378       48342     189       168       0         0         0         0         0         
1      194       388       48342     207       299       0         0         0         0         0         
1      392       250       48342     52        127       0         0         0         0         0         
1      366       116       48342     299       9         0         0         0         0         0         
1      596       459       48343     131       189       0         0         0         0         0         
1      287       669       48343     299       280       0         0         0         0         0         
3      409       197       48343     52        178       0         0         0         0         0         
2      272       669       48343     127       280       0         0         0         0         0         
1      304       291       48343     299       87        0         0         0         0         0         
1      827       793       48343     291       290       0         0         0         0         0         
3      272       669       48343     127       280       0         0         0         0         0         
2      847       474       48344     291       52        0         0         0         0         0         
1      528       626       48344     52        189       0         0         0         0         0         
1      97        505       48344     9         52        0         0         0         0         0         
2      772       695       48344     290       189       0         0         0         0         0         
1      618       961       48344     131       291       0         0         0         0         0         
1      1131      961       48344     291       291       0         0         0         0         0         
1      288       555       48345     127       199       0         0         0         0         0         
1      927       376       48345     290       168       0         0         0         0         0         
1      861       767       48345     290       290       0         0         0         0         0         
1      827       713       48345     291       131       0         0         0         0         0         
1      189       368       48346     286       299       0         0         0         0         0         
1      349       231       48346     127       266       0         0         0         0         0         
1      293       328       48346     87        299       0         0         0         0         0         
1      607       294       48346     189       87        0         0         0         0         0         
1      1390      1211      48346     129       129       0         0         0         0         0         
1      838       909       48346     290       290       0         0         0         0         0         
1      439       288       48346     189       127       0         0         0         0         0         
2      675       230       48346     189       266       0         0         0         0         0         
1      859       721       48347     290       290       0         0         0         0         0         
1      397       481       48347     168       189       0         0         0         0         0         
1      1263      430       48347     192       52        0         0         0         0         0         
1      1046      736       48347     291       131       0         0         0         0         0         
2      629       212       48347     189       266       0         0         0         0         0         
1      396       527       48348     119       52        0         0         0         0         0         
1      1227      1094      48348     192       84        0         0         0         0         0         
1      376       215       48348     168       178       0         0         0         0         0         
2      948       1207      48348     290       192       0         0         0         0         0         
1      663       760       48348     131       291       0         0         0         0         0         
1      455       235       48348     52        87        0         0         0         0         0         
1      745       551       48349     290       189       0         0         0         0         0         
1      906       827       48349     290       291       0         0         0         0         0         
2      527       231       48349     52        266       0         0         0         0         0         
1      483       483       48349     189       189       0         0         0         0         0         
1      485       454       48349     189       52        0         0         0         0         0         
1      601       415       48349     189       100       0         0         0         0         0         
1      464       235       48350     168       87        0         0         0         0         0         
1      236       250       48350     87        127       0         0         0         0         0         
2      520       991       48351     52        290       0         0         0         0         0         
2      573       1002      48351     189       291       0         0         0         0         0         
4      606       672       48351     189       189       0         0         0         0         0         
4      552       645       48351     189       280       0         0         0         0         0         
3      1001      1392      48351     291       129       0         0         0         0         0         
2      970       1265      48351     290       192       0         0         0         0         0         
1      416       793       48352     100       290       0         0         0         0         0         
1      99        155       48352     286       286       0         0         0         0         0         
1      718       669       48354     189       280       0         0         0         0         0         
1      510       216       48354     199       178       0         0         0         0         0         
2      267       462       48354     266       189       0         0         0         0         0         
1      719       552       48354     189       189       0         0         0         0         0         
3      665       738       48355     131       189       0         0         0         0         0         
1      858       1068      48355     290       291       0         0         0         0         0         
2      692       692       48355     280       280       0         0         0         0         0         
1      968       780       48355     290       291       0         0         0         0         0         
1      927       527       48355     290       52        0         0         0         0         0         
3      665       738       48355     131       189       0         0         0         0         0         
1      824       666       48356     291       131       0         0         0         0         0         
1      309       355       48356     127       119       0         0         0         0         0         
1      980       827       48356     291       291       0         0         0         0         0         
1      849       961       48356     291       291       0         0         0         0         0         
1      389       475       48357     299       52        0         0         0         0         0         
1      330       305       48357     127       299       0         0         0         0         0         
1      848       1169      48357     291       291       0         0         0         0         0         
1      553       739       48357     189       189       0         0         0         0         0         
3      387       305       48357     299       299       0         0         0         0         0         
3      387       305       48357     299       299       0         0         0         0         0         
1      438       513       48358     100       199       0         0         0         0         0         
1      296       158       48358     277       174       0         0         0         0         0         
1      676       948       48358     189       290       0         0         0         0         0         
1      649       849       48358     189       291       0         0         0         0         0         
1      292       507       48358     87        189       0         0         0         0         0         
1      529       669       48358     189       280       0         0         0         0         0         
1      352       458       48358     119       52        0         0         0         0         0         
1      575       511       48359     189       199       0         0         0         0         0         
1      649       308       48359     189       127       0         0         0         0         0         
1      693       431       48359     280       52        0         0         0         0         0         
1      477       923       48359     52        290       0         0         0         0         0         
