COLUMNS

passenger_count
pickup_ID
dropoff_ID
request_time_sec
pickup_district
dropoff_district
LDuals
IDuals
vehicle_ID
pick_position
drop_position

REQUESTS_INFO
1      700       746       48918     290       290       195       195       5         1         3         
2      771       727       48928     290       290       200       200       6         2         3         
3      875       760       48851     291       291       263       263       8         1         2         
1      599       697       48918     280       189       194.5     194.5     13        1         4         
1      598       629       48927     189       189       202.5     202.5     13        2         5         
1      231       82        48919     266       98        129       129       15        1         2         
1      689       552       48892     131       189       234.5     234.5     24        1         2         
1      297       532       48867     277       199       297       297       29        1         2         
1      904       969       48877     290       290       263       263       30        1         2         
1      651       947       48921     189       290       181       181       36        1         3         
2      673       693       48809     189       280       324       324       38        1         2         
2      568       573       48848     52        189       234       234       39        1         2         
2      779       690       48903     131       131       197       197       59        1         2         
1      747       648       48872     290       189       302       302       72        1         2         
3      760       664       48908     291       131       238       238       78        2         3         
3      373       722       48754     119       290       330       330       85        1         2         
1      333       912       48898     119       291       151       151       90        1         3         
1      712       939       48860     131       291       302       302       93        1         3         
1      688       1047      48856     131       291       273.5     273.5     106       1         2         
2      631       744       48915     189       290       208       208       109       1         2         
1      551       439       48876     189       189       218       218       128       1         2         
1      719       554       48810     189       189       297.5     297.5     131       1         3         
1      719       116       48928     189       9         163       163       131       2         6         
3      557       463       48897     189       168       197       197       133       1         2         
1      817       859       48924     290       290       169       169       136       1         4         
2      723       1042      48897     290       291       252       252       138       1         2         
1      352       209       48864     119       266       239       239       139       1         3         
1      736       548       48904     131       52        276.5     276.5     143       1         3         
3      947       790       48880     290       290       215       215       146       1         3         
2      811       772       48826     290       290       324       324       148       1         2         
1      603       550       48911     189       189       164       164       150       1         2         
1      760       947       48884     291       290       240       240       155       1         3         
1      772       817       48835     290       290       294       294       164       1         3         
1      507       527       48903     189       52        122       122       185       1         2         
1      794       888       48865     290       290       283       283       199       1         2         
2      794       630       48928     290       189       215       215       202       1         2         
2      817       486       48929     290       199       220       220       209       1         3         
1      365       715       48927     299       131       169       169       229       1         3         
3      742       791       48860     290       290       304       304       232       1         2         
1      946       675       48789     290       189       338       338       243       1         5         
1      811       1011      48909     290       84        196       196       249       1         2         
1      325       271       48927     299       127       185       185       253       1         3         
4      630       603       48288     189       189       811       811       265       1         2         
3      354       628       48928     119       189       198       198       269       1         3         
1      123       972       48905     54        290       140       140       272       1         3         
1      1106      1000      48889     291       291       195       195       279       1         2         
2      229       463       48926     266       168       170       170       282       1         3         
3      553       744       48900     189       290       199.5     199.5     298       1         2         
1      1048      1115      48909     291       84        194       194       302       1         2         
3      488       649       48826     199       189       317.5     317.5     304       1         2         
1      412       35        48901     52        98        205.5     205.5     305       1         3         
3      463       269       48870     168       127       259.5     259.5     315       1         2         
3      626       439       48912     189       189       214       214       316       1         2         
1      929       772       48919     290       290       184       184       337       1         3         
4      721       766       48891     290       290       257       257       341       1         2         
1      696       1023      48864     189       291       233.5     233.5     346       1         3         
1      328       435       48916     299       52        176       176       362       1         2         
1      743       604       48825     290       189       309       309       374       1         2         
3      790       604       48819     290       189       342       342       382       1         2         
1      836       511       48889     290       199       246       246       384       1         3         
1      576       325       48918     189       299       165       165       385       1         3         
3      488       510       48864     199       199       241       241       392       1         2         
1      388       414       48876     299       100       287       287       420       1         2         
2      663       374       48788     131       119       217       217       423       1         3         
3      466       557       48838     199       189       232       232       427       1         2         
2      421       527       48881     168       52        281.5     281.5     447       1         2         
1      629       859       48912     189       290       201       201       451       1         3         
1      254       386       48881     87        299       188       188       457       1         3         
2      719       350       48893     189       127       214.5     214.5     471       1         4         
1      594       623       48922     131       280       146.5     146.5     477       1         5         
3      553       744       48900     189       290       199.5     199.5     485       1         2         
3      465       521       48775     199       52        369.5     369.5     505       1         2         
3      619       881       48830     131       290       305.5     305.5     506       1         2         
2      649       805       48828     189       291       230       230       507       1         2         
1      393       484       48814     52        189       274       274       511       1         3         
3      256       296       48885     87        277       200       200       528       1         2         
1      477       351       48910     52        52        205       205       537       1         3         
2      721       506       48881     290       189       267       267       545       1         2         
1      559       727       48907     189       290       198.5     198.5     550       1         2         
1      782       791       48921     291       290       173       173       556       1         5         
1      551       367       48852     189       299       261       261       558       1         2         
1      782       850       48928     291       291       166       166       576       1         3         
3      771       727       48928     290       290       200       200       601       1         2         
1      916       851       48917     291       291       167       167       609       1         3         
1      676       697       48920     189       189       214.5     214.5     614       2         5         
1      676       811       48925     189       290       208.5     208.5     614       3         6         
1      557       692       48842     189       280       226       226       628       1         2         
2      369       481       48893     52        189       185       185       641       1         2         
1      597       628       48925     131       189       148       148       643       1         4         
1      570       507       48879     52        189       189       189       648       1         2         
1      863       1002      48772     290       291       389       389       665       1         2         
1      350       48        48926     127       98        197       197       666       1         3         
3      718       835       48889     189       290       230.5     230.5     670       1         2         
1      293       679       48824     87        290       278       278       671       1         2         
1      408       116       48880     299       9         267       267       678       1         3         
1      631       747       48926     189       290       188       188       688       1         4         
1      884       721       48914     290       290       153       153       697       1         3         
3      457       526       48916     52        52        210.5     210.5     704       1         2         
2      443       376       48747     168       168       379       379       709       1         2         
1      267       116       48883     266       9         228       228       747       1         2         
1      896       780       48914     291       291       227.5     227.5     757       1         2         
1      767       526       48898     290       52        260       260       787       1         5         
1      480       597       48927     52        131       196       196       792       1         3         
2      842       652       48878     290       189       313       313       793       1         2         
1      392       525       48847     52        52        282       282       805       1         2         
3      814       577       48904     290       189       201       201       808       2         4         
1      926       772       48892     290       290       260       260       822       1         2         
1      643       460       48907     131       189       150.5     150.5     842       1         2         
2      814       577       48904     290       189       199       199       851       1         3         
3      352       600       48839     119       280       268       268       860       1         3         
1      644       606       48908     131       189       208.5     208.5     866       1         2         
3      793       331       48921     290       127       248       248       871       1         3         
1      649       20        48929     189       98        167       167       875       1         4         
1      947       1033      48918     290       84        175       175       884       1         4         
1      990       1198      48927     290       84        175       175       884       2         5         
1      747       654       48913     290       189       211.5     211.5     886       1         3         
1      790       581       48846     290       189       315       315       893       1         2         
1      331       418       48822     127       168       321       321       905       1         2         
1      534       417       48850     199       100       199       199       908       1         2         
1      824       461       48843     291       189       280.5     280.5     910       1         4         
1      266       266       48920     266       266       149       149       921       1         2         
2      1004      958       48867     291       291       254       254       931       1         2         
3      794       630       48928     290       189       215       215       935       1         3         
1      925       409       48911     290       52        182       182       950       1         4         
1      859       887       48901     290       290       203       203       964       1         2         
2      852       940       48905     291       291       192       192       965       1         2         
3      631       748       48837     189       290       247.5     247.5     986       1         2         
1      482       623       48912     189       280       188       188       996       1         3         
1      927       507       48887     290       189       272       272       1005      1         3         
3      717       646       48804     189       280       328.5     328.5     1017      1         2         
1      457       409       48911     52        52        163       163       1026      1         3         
3      457       526       48916     52        52        210.5     210.5     1026      2         4         
1      336       370       48918     277       52        195       195       1027      1         3         
2      674       65        48892     189       98        203.5     203.5     1032      1         4         
1      699       476       48915     290       52        219.5     219.5     1034      1         5         
1      699       632       48916     290       189       200       200       1034      2         4         
1      759       812       48899     131       290       283       283       1039      1         2         
3      314       230       48857     119       266       290       290       1043      1         2         
1      905       461       48927     290       189       205       205       1044      1         3         
1      738       527       48894     189       52        186.5     186.5     1047      1         4         
2      409       135       48911     52        286       188       188       1053      1         3         
1      739       526       48925     189       52        139       139       1061      1         4         
1      718       555       48929     189       199       172.5     172.5     1068      1         4         
1      603       1079      48919     189       84        169       169       1079      1         4         
3      618       1086      48896     131       291       234.5     234.5     1095      1         4         
1      594       1001      48909     131       291       212.5     212.5     1095      2         3         
1      393       310       48921     52        127       156       156       1096      1         2         
1      312       395       48930     87        100       0         0         0         0         0         
3      293       328       48930     87        299       0         0         0         0         0         
1      800       893       48931     131       291       0         0         0         0         0         
1      474       686       48931     52        131       0         0         0         0         0         
3      526       598       48931     52        189       0         0         0         0         0         
3      526       598       48931     52        189       0         0         0         0         0         
1      1023      1032      48932     291       84        0         0         0         0         0         
1      924       990       48932     290       290       0         0         0         0         0         
3      727       849       48932     290       291       0         0         0         0         0         
1      399       532       48932     168       199       0         0         0         0         0         
1      314       1098      48932     119       84        0         0         0         0         0         
3      739       484       48933     189       189       0         0         0         0         0         
3      739       484       48933     189       189       0         0         0         0         0         
3      504       393       48933     52        52        0         0         0         0         0         
3      504       393       48933     52        52        0         0         0         0         0         
1      421       726       48933     168       290       0         0         0         0         0         
1      171       698       48933     286       189       0         0         0         0         0         
1      1000      742       48934     291       290       0         0         0         0         0         
1      728       926       48934     290       290       0         0         0         0         0         
1      504       141       48934     52        54        0         0         0         0         0         
1      573       780       48934     189       291       0         0         0         0         0         
1      458       439       48934     52        189       0         0         0         0         0         
1      368       534       48934     299       199       0         0         0         0         0         
1      580       507       48934     189       189       0         0         0         0         0         
1      529       717       48934     189       189       0         0         0         0         0         
1      620       747       48935     131       290       0         0         0         0         0         
1      365       210       48935     299       266       0         0         0         0         0         
1      398       272       48935     168       127       0         0         0         0         0         
2      675       606       48935     189       189       0         0         0         0         0         
2      484       552       48935     189       189       0         0         0         0         0         
1      766       485       48935     290       189       0         0         0         0         0         
4      700       744       48936     290       290       0         0         0         0         0         
1      436       521       48936     100       52        0         0         0         0         0         
1      574       552       48936     189       189       0         0         0         0         0         
1      782       1148      48936     291       291       0         0         0         0         0         
1      914       743       48936     291       290       0         0         0         0         0         
2      925       835       48937     290       290       0         0         0         0         0         
1      630       720       48937     189       290       0         0         0         0         0         
1      482       237       48937     189       87        0         0         0         0         0         
1      395       511       48937     100       199       0         0         0         0         0         
1      579       573       48937     189       189       0         0         0         0         0         
1      309       532       48937     127       199       0         0         0         0         0         
1      171       393       48938     286       52        0         0         0         0         0         
1      1003      1045      48938     291       291       0         0         0         0         0         
4      598       461       48938     189       189       0         0         0         0         0         
2      604       604       48938     189       189       0         0         0         0         0         
1      950       508       48938     290       199       0         0         0         0         0         
2      267       116       48938     266       9         0         0         0         0         0         
1      860       818       48938     290       290       0         0         0         0         0         
2      62        606       48938     98        189       0         0         0         0         0         
1      908       1035      48939     290       84        0         0         0         0         0         
1      971       440       48939     290       168       0         0         0         0         0         
3      392       295       48939     52        87        0         0         0         0         0         
3      392       295       48939     52        87        0         0         0         0         0         
2      723       884       48939     290       290       0         0         0         0         0         
3      581       662       48940     189       131       0         0         0         0         0         
1      508       603       48941     199       189       0         0         0         0         0         
1      100       430       48941     57        52        0         0         0         0         0         
1      672       459       48941     189       189       0         0         0         0         0         
1      191       374       48942     266       119       0         0         0         0         0         
1      534       622       48942     199       280       0         0         0         0         0         
1      334       309       48942     119       127       0         0         0         0         0         
1      937       927       48942     291       290       0         0         0         0         0         
1      718       577       48942     189       189       0         0         0         0         0         
1      883       812       48942     290       290       0         0         0         0         0         
2      837       948       48943     290       290       0         0         0         0         0         
3      837       948       48943     290       290       0         0         0         0         0         
2      552       755       48943     189       131       0         0         0         0         0         
1      437       148       48943     100       178       0         0         0         0         0         
2      654       628       48943     189       189       0         0         0         0         0         
2      642       1318      48943     131       192       0         0         0         0         0         
1      903       724       48944     290       290       0         0         0         0         0         
2      434       195       48944     52        207       0         0         0         0         0         
1      20        526       48944     98        52        0         0         0         0         0         
1      795       463       48944     290       168       0         0         0         0         0         
1      464       697       48944     168       189       0         0         0         0         0         
2      10        527       48944     98        52        0         0         0         0         0         
3      10        527       48944     98        52        0         0         0         0         0         
2      864       817       48945     290       290       0         0         0         0         0         
1      409       247       48945     52        266       0         0         0         0         0         
3      413       549       48946     52        52        0         0         0         0         0         
1      328       345       48946     299       299       0         0         0         0         0         
1      556       389       48946     199       299       0         0         0         0         0         
2      413       549       48946     52        52        0         0         0         0         0         
1      527       138       48946     52        57        0         0         0         0         0         
1      276       348       48946     87        299       0         0         0         0         0         
1      575       155       48946     189       286       0         0         0         0         0         
2      791       698       48946     290       189       0         0         0         0         0         
1      356       266       48946     119       266       0         0         0         0         0         
1      526       460       48947     52        189       0         0         0         0         0         
1      194       722       48947     207       290       0         0         0         0         0         
1      691       874       48947     131       291       0         0         0         0         0         
1      546       351       48947     52        52        0         0         0         0         0         
3      673       603       48947     189       189       0         0         0         0         0         
3      860       1043      48947     290       291       0         0         0         0         0         
3      860       1043      48947     290       291       0         0         0         0         0         
2      576       463       48947     189       168       0         0         0         0         0         
1      413       596       48948     52        131       0         0         0         0         0         
2      716       669       48948     189       280       0         0         0         0         0         
3      718       970       48948     189       290       0         0         0         0         0         
2      718       970       48948     189       290       0         0         0         0         0         
1      793       835       48948     290       290       0         0         0         0         0         
2      395       732       48949     100       131       0         0         0         0         0         
3      604       371       48949     189       52        0         0         0         0         0         
3      604       371       48949     189       52        0         0         0         0         0         
1      270       210       48950     127       266       0         0         0         0         0         
1      949       882       48950     290       290       0         0         0         0         0         
1      859       770       48951     290       290       0         0         0         0         0         
3      133       604       48951     9         189       0         0         0         0         0         
2      836       1044      48951     290       291       0         0         0         0         0         
1      347       308       48951     299       127       0         0         0         0         0         
3      133       604       48951     9         189       0         0         0         0         0         
1      836       582       48951     290       189       0         0         0         0         0         
1      632       630       48952     189       189       0         0         0         0         0         
1      21        229       48952     98        266       0         0         0         0         0         
1      759       788       48952     131       290       0         0         0         0         0         
1      155       34        48952     286       98        0         0         0         0         0         
1      392       983       48952     52        291       0         0         0         0         0         
3      369       573       48953     52        189       0         0         0         0         0         
2      369       573       48953     52        189       0         0         0         0         0         
1      549       712       48953     52        131       0         0         0         0         0         
1      623       78        48954     280       9         0         0         0         0         0         
2      396       357       48955     119       277       0         0         0         0         0         
3      396       357       48955     119       277       0         0         0         0         0         
2      600       668       48955     280       280       0         0         0         0         0         
1      466       377       48955     199       168       0         0         0         0         0         
2      531       537       48955     189       189       0         0         0         0         0         
1      788       771       48955     290       290       0         0         0         0         0         
1      137       624       48955     286       189       0         0         0         0         0         
1      349       436       48956     127       100       0         0         0         0         0         
1      906       946       48956     290       290       0         0         0         0         0         
1      251       313       48956     127       87        0         0         0         0         0         
2      43        230       48957     9         266       0         0         0         0         0         
1      875       907       48957     291       290       0         0         0         0         0         
1      568       116       48957     52        9         0         0         0         0         0         
1      179       97        48957     178       9         0         0         0         0         0         
1      696       662       48957     189       131       0         0         0         0         0         
1      369       395       48957     52        100       0         0         0         0         0         
3      267       116       48958     266       9         0         0         0         0         0         
1      510       483       48958     199       189       0         0         0         0         0         
1      633       792       48958     189       290       0         0         0         0         0         
1      650       861       48958     189       290       0         0         0         0         0         
3      757       696       48958     131       189       0         0         0         0         0         
1      818       745       48958     290       290       0         0         0         0         0         
1      443       557       48959     168       189       0         0         0         0         0         
2      549       160       48959     52        54        0         0         0         0         0         
