COLUMNS

passenger_count
pickup_ID
dropoff_ID
ready_time_sec
pickup_district
dropoff_district
LDuals
IDuals
vehicle_ID
pick_position
drop_position

REQUESTS_INFO
1      504       671       46844     52        280       266.667   266.667   3         1         3         
3      622       624       46881     280       189       217       217       8         1         2         
1      477       189       46875     52        286       201       201       10        1         3         
1      692       826       46741     280       291       341       341       11        1         4         
1      692       649       46776     280       189       306       306       11        2         3         
1      675       834       46872     189       290       190       190       17        1         3         
2      812       885       46888     290       290       135       135       29        1         3         
1      824       1001      46810     291       291       245       245       31        1         4         
4      409       645       46809     52        280       244.5     244.5     37        1         2         
2      115       526       46883     9         52        136       136       42        1         3         
1      461       431       46856     189       52        230       230       48        1         3         
1      574       505       46612     189       52        537.667   537.667   56        1         2         
1      413       664       46775     52        131       257       257       67        1         4         
3      549       694       46802     52        189       321.667   321.667   71        1         2         
3      926       1078      46734     290       84        326       326       84        1         2         
3      554       551       46820     189       189       304       304       89        1         3         
3      440       440       46660     168       168       390       390       105       1         2         
2      674       834       46803     189       290       256       256       121       1         3         
3      333       219       46869     119       87        161       161       152       1         2         
1      549       621       46871     52        280       252.667   252.667   153       1         2         
1      597       553       46644     131       189       449.5     449.5     170       1         4         
1      597       693       46855     131       280       238.5     238.5     170       2         5         
1      768       727       46880     290       290       181       181       175       1         2         
3      720       309       46733     290       127       338       338       184       1         3         
2      97        430       46880     9         52        144       144       194       1         3         
1      1044      596       46865     291       131       137       137       197       1         3         
1      416       650       46877     100       189       181       181       200       1         2         
3      646       1032      46795     280       84        289       289       205       1         3         
1      461       859       46782     189       290       304       304       206       1         2         
3      737       625       46884     189       189       194       194       208       1         2         
1      594       601       46865     131       189       161.667   161.667   213       1         6         
1      594       527       46889     131       52        209.667   209.667   213       2         5         
1      593       556       46888     52        199       203       203       213       3         7         
1      892       1262      46828     291       192       231       231       218       1         2         
2      993       1057      46848     84        84        201       201       226       1         2         
3      386       526       46847     299       52        165       165       246       1         2         
1      758       666       46868     131       131       229       229       251       1         3         
2      478       354       46863     52        119       237.75    237.75    255       1         3         
2      484       621       46837     189       280       256       256       282       1         3         
1      647       622       46743     280       280       338       338       283       1         3         
1      692       720       46878     280       290       204       204       291       1         3         
3      937       716       46773     291       189       250       250       293       1         2         
1      551       1047      46883     189       291       173       173       298       2         5         
3      625       748       46794     189       290       302       302       300       1         2         
4      597       133       46759     131       9         391       391       307       1         2         
2      629       748       46851     189       290       216       216       316       1         3         
2      369       364       46867     52        299       149       149       317       1         2         
1      745       814       46868     290       290       188       188       321       1         2         
1      421       535       46821     168       189       257       257       333       1         2         
1      923       749       46844     290       290       186       186       343       1         3         
1      462       372       46872     189       119       160       160       350       1         3         
1      810       621       46753     290       280       283       283       351       1         4         
3      532       579       46873     199       189       241       241       355       1         2         
1      596       330       46724     131       127       494       494       358       1         3         
1      717       600       46797     189       280       263       263       362       1         2         
3      1187      1010      46886     291       290       181       181       370       1         3         
1      287       232       46878     299       266       140       140       377       1         2         
3      579       526       46727     189       52        365       365       393       1         2         
4      627       940       46826     189       291       258       258       401       1         2         
3      724       557       46712     290       189       342       342       404       1         3         
4      533       596       46826     199       131       280       280       407       1         2         
1      760       513       46869     291       199       217.5     217.5     420       1         2         
3      674       678       46649     189       290       410       410       429       2         4         
3      1187      1010      46886     291       290       181       181       432       1         3         
1      415       652       46872     100       189       212       212       440       1         2         
3      859       766       46874     290       290       173       173       451       1         3         
2      601       527       46862     189       52        179       179       457       1         4         
2      437       393       46876     100       52        212       212       467       1         2         
1      452       414       46826     52        100       196       196       474       1         2         
2      579       478       46605     189       52        470       470       475       1         3         
3      576       718       46528     189       189       595       595       477       1         2         
2      873       675       46870     291       189       170       170       482       1         3         
2      744       794       46801     290       290       219       219       490       1         4         
3      653       505       46870     189       52        169       169       510       1         2         
1      639       594       46732     131       131       335.5     335.5     513       2         5         
3      662       662       46734     131       131       363       363       513       3         4         
3      624       718       46832     189       189       219       219       516       1         3         
2      673       737       46668     189       189       375       375       518       1         2         
1      675       746       46849     189       290       175       175       519       1         2         
4      643       438       46757     131       100       376       376       537       1         2         
4      804       717       46863     291       189       192       192       538       1         2         
3      549       958       46671     52        291       452.667   452.667   546       1         3         
3      525       652       46703     52        189       460.5     460.5     554       1         2         
1      483       555       46858     189       199       212       212       563       1         3         
1      483       697       46883     189       189       180.667   180.667   563       2         4         
1      603       369       46793     189       52        308       308       580       1         3         
3      116       410       46883     9         52        149       149       581       1         3         
1      745       759       46859     290       131       185       185       583       1         4         
3      859       766       46874     290       290       173       173       590       1         2         
1      719       925       46872     189       290       137       137       592       1         4         
1      699       720       46879     290       290       176       176       598       1         2         
3      549       594       46821     52        131       302.667   302.667   606       1         3         
3      694       527       46825     189       52        246       246       645       1         3         
3      532       579       46873     199       189       241       241       652       1         2         
3      694       527       46825     189       52        246       246       653       1         3         
2      510       647       46836     199       280       272       272       659       1         3         
2      272       378       46885     127       168       199       199       663       1         2         
3      616       276       46752     131       87        373.667   373.667   668       1         3         
2      688       479       46651     131       52        457       457       683       1         3         
3      581       527       46733     189       52        336       336       692       1         2         
1      673       578       46888     189       189       143       143       696       1         4         
2      906       1118      46821     290       84        249       249       718       1         2         
3      646       1032      46795     280       84        289       289       722       1         3         
4      925       679       46846     290       290       207       207       725       1         2         
3      509       458       46697     199       52        443       443       737       1         2         
1      871       737       46835     291       189       207       207       740       1         3         
1      484       626       46876     189       189       198       198       742       1         2         
2      737       625       46884     189       189       194       194       749       1         2         
1      526       19        46865     52        98        239.5     239.5     750       1         4         
1      526       597       46878     52        131       226.5     226.5     750       2         3         
1      701       871       46529     290       291       540       540       773       1         2         
1      904       721       46866     290       290       165       165       792       1         5         
1      477       544       46852     52        52        282.5     282.5     804       1         2         
1      293       648       46867     87        189       135       135       806       1         3         
1      709       191       46596     131       266       563       563       807       1         3         
1      913       780       46742     291       291       298       298       825       1         3         
3      437       393       46876     100       52        212       212       833       1         3         
1      720       430       46885     290       52        186       186       835       1         3         
1      512       314       46879     199       119       233       233       837       1         3         
1      759       671       46832     131       280       251       251       844       1         2         
3      817       884       46850     290       290       181       181       849       1         3         
1      779       897       46813     131       291       283       283       881       1         3         
3      674       678       46649     189       290       410       410       883       1         3         
3      850       746       46879     291       290       175       175       890       1         3         
3      817       884       46850     290       290       181       181       892       2         3         
3      699       331       46669     290       127       373       373       904       1         3         
1      691       746       46843     131       290       245       245       931       1         2         
2      549       594       46821     52        131       297.667   297.667   949       1         2         
3      457       521       46578     52        52        489.75    489.75    958       1         3         
3      115       498       46821     9         52        230       230       968       1         2         
3      576       626       46507     189       189       616       616       970       1         2         
1      549       459       46777     52        189       346.667   346.667   976       1         3         
1      330       462       46835     127       189       249       249       977       1         2         
1      35        10        46814     98        98        206       206       980       1         2         
1      673       884       46875     189       290       128       128       996       1         4         
3      811       722       46794     290       290       258       258       997       1         2         
3      699       529       46890     290       189       0         0         0         0         0         
1      628       557       46891     189       189       0         0         0         0         0         
2      617       698       46891     131       189       0         0         0         0         0         
1      506       578       46891     189       189       0         0         0         0         0         
1      549       718       46891     52        189       0         0         0         0         0         
2      527       372       46891     52        119       0         0         0         0         0         
2      765       372       46891     290       119       0         0         0         0         0         
1      549       627       46892     52        189       0         0         0         0         0         
1      466       350       46892     199       127       0         0         0         0         0         
1      558       234       46892     189       87        0         0         0         0         0         
1      481       217       46892     189       87        0         0         0         0         0         
1      717       858       46893     189       290       0         0         0         0         0         
3      600       578       46893     280       189       0         0         0         0         0         
1      672       619       46893     189       131       0         0         0         0         0         
1      173       307       46893     286       127       0         0         0         0         0         
2      905       770       46893     290       290       0         0         0         0         0         
3      905       770       46893     290       290       0         0         0         0         0         
1      526       650       46894     52        189       0         0         0         0         0         
1      768       881       46894     290       290       0         0         0         0         0         
1      554       571       46894     189       52        0         0         0         0         0         
2      100       507       46895     57        189       0         0         0         0         0         
2      229       194       46896     266       207       0         0         0         0         0         
3      437       125       46896     100       54        0         0         0         0         0         
3      437       125       46896     100       54        0         0         0         0         0         
1      549       647       46896     52        280       0         0         0         0         0         
1      526       629       46897     52        189       0         0         0         0         0         
1      860       842       46898     290       290       0         0         0         0         0         
3      117       78        46898     286       9         0         0         0         0         0         
1      578       552       46898     189       189       0         0         0         0         0         
2      969       895       46898     290       291       0         0         0         0         0         
1      1089      571       46898     291       52        0         0         0         0         0         
3      80        366       46898     98        299       0         0         0         0         0         
3      80        366       46898     98        299       0         0         0         0         0         
3      526       175       46898     52        266       0         0         0         0         0         
2      526       175       46898     52        266       0         0         0         0         0         
1      78        9         46899     9         98        0         0         0         0         0         
1      392       438       46899     52        100       0         0         0         0         0         
1      527       627       46899     52        189       0         0         0         0         0         
1      499       135       46899     52        286       0         0         0         0         0         
1      275       314       46899     87        119       0         0         0         0         0         
1      673       81        46900     189       98        0         0         0         0         0         
1      697       646       46900     189       280       0         0         0         0         0         
2      504       213       46900     52        266       0         0         0         0         0         
4      626       717       46900     189       189       0         0         0         0         0         
2      116       505       46901     9         52        0         0         0         0         0         
1      503       503       46901     52        52        0         0         0         0         0         
3      116       505       46901     9         52        0         0         0         0         0         
2      97        408       46902     9         299       0         0         0         0         0         
1      748       441       46902     290       168       0         0         0         0         0         
1      336       699       46902     277       290       0         0         0         0         0         
1      19        615       46902     98        131       0         0         0         0         0         
1      559       485       46903     189       189       0         0         0         0         0         
1      354       488       46903     119       199       0         0         0         0         0         
1      1091      1054      46905     291       84        0         0         0         0         0         
2      395       463       46905     100       168       0         0         0         0         0         
1      99        19        46905     286       98        0         0         0         0         0         
4      579       670       46905     189       280       0         0         0         0         0         
2      63        648       46905     98        189       0         0         0         0         0         
1      533       138       46905     199       57        0         0         0         0         0         
1      700       813       46905     290       290       0         0         0         0         0         
2      396       288       46906     119       127       0         0         0         0         0         
3      396       288       46906     119       127       0         0         0         0         0         
3      237       666       46906     87        131       0         0         0         0         0         
3      237       666       46906     87        131       0         0         0         0         0         
1      749       948       46906     290       290       0         0         0         0         0         
2      881       904       46906     290       290       0         0         0         0         0         
1      970       465       46906     290       199       0         0         0         0         0         
1      791       860       46906     290       290       0         0         0         0         0         
1      669       532       46907     280       199       0         0         0         0         0         
1      436       476       46907     100       52        0         0         0         0         0         
1      522       1023      46907     52        291       0         0         0         0         0         
3      882       744       46907     290       290       0         0         0         0         0         
3      937       1530      46907     291       296       0         0         0         0         0         
3      937       1530      46907     291       296       0         0         0         0         0         
1      526       581       46907     52        189       0         0         0         0         0         
1      248       605       46908     266       189       0         0         0         0         0         
1      693       345       46909     280       299       0         0         0         0         0         
1      504       485       46909     52        189       0         0         0         0         0         
1      275       394       46909     87        100       0         0         0         0         0         
1      925       859       46909     290       290       0         0         0         0         0         
3      580       439       46910     189       189       0         0         0         0         0         
2      32        527       46910     98        52        0         0         0         0         0         
3      527       716       46910     52        189       0         0         0         0         0         
1      619       719       46910     131       189       0         0         0         0         0         
1      894       1150      46911     291       291       0         0         0         0         0         
1      700       791       46912     290       290       0         0         0         0         0         
1      479       479       46912     52        52        0         0         0         0         0         
1      158       558       46912     174       189       0         0         0         0         0         
1      582       652       46912     189       189       0         0         0         0         0         
3      531       416       46912     189       100       0         0         0         0         0         
1      916       850       46912     291       291       0         0         0         0         0         
1      720       212       46912     290       266       0         0         0         0         0         
1      465       624       46913     199       189       0         0         0         0         0         
2      623       118       46914     280       286       0         0         0         0         0         
2      325       328       46914     299       299       0         0         0         0         0         
1      395       727       46914     100       290       0         0         0         0         0         
2      864       749       46914     290       290       0         0         0         0         0         
3      864       749       46914     290       290       0         0         0         0         0         
1      600       337       46915     280       277       0         0         0         0         0         
1      745       720       46915     290       290       0         0         0         0         0         
2      621       693       46916     280       280       0         0         0         0         0         
1      609       675       46916     189       189       0         0         0         0         0         
1      392       672       46916     52        189       0         0         0         0         0         
1      604       698       46916     189       189       0         0         0         0         0         
1      1168      1389      46916     291       129       0         0         0         0         0         
1      604       555       46916     189       199       0         0         0         0         0         
1      676       581       46916     189       189       0         0         0         0         0         
1      760       663       46916     291       131       0         0         0         0         0         
1      408       627       46916     299       189       0         0         0         0         0         
1      504       199       46916     52        178       0         0         0         0         0         
1      31        84        46918     9         287       0         0         0         0         0         
1      229       651       46918     266       189       0         0         0         0         0         
1      924       962       46918     290       291       0         0         0         0         0         
1      803       695       46918     291       189       0         0         0         0         0         
1      551       158       46919     189       174       0         0         0         0         0         
1      527       532       46919     52        199       0         0         0         0         0         
2      481       760       46919     189       291       0         0         0         0         0         
1      277       195       46919     87        207       0         0         0         0         0         
1      34        738       46919     98        189       0         0         0         0         0         
1      217       430       46919     87        52        0         0         0         0         0         
1      457       548       46919     52        52        0         0         0         0         0         
2      669       615       46919     280       131       0         0         0         0         0         
