COLUMNS

passenger_count
pickup_ID
dropoff_ID
ready_time_sec
pickup_district
dropoff_district
LDuals
IDuals
vehicle_ID
pick_position
drop_position

REQUESTS_INFO
1      484       34        46826     189       98        0         0         0         1         4         
2      883       699       45781     290       290       0         0         2         1         4         
3      766       630       46666     290       189       0         0         3         1         3         
1      672       507       46682     189       189       0         0         5         1         3         
2      632       885       46459     189       290       0         0         9         1         2         
1      1128      743       46830     291       290       0         0         20        1         2         
1      534       551       46817     199       189       0         0         23        1         3         
1      771       698       46834     290       189       0         0         25        2         4         
2      770       393       46817     290       52        0         0         25        3         5         
2      1142      950       46797     84        290       0         0         29        1         2         
1      507       695       46842     189       189       0         0         31        2         4         
2      313       202       46796     87        87        0         0         37        1         2         
2      812       605       46818     290       189       0         0         39        1         4         
1      714       134       46433     131       9         0         0         40        2         4         
2      718       924       46782     189       290       0         0         43        1         3         
1      913       665       46113     291       131       0         0         47        1         3         
1      860       817       46745     290       290       0         0         48        2         4         
1      626       723       46768     189       290       0         0         50        2         4         
1      1048      1211      46743     291       129       0         0         53        1         3         
1      873       1208      46856     291       192       0         0         54        1         6         
2      873       1187      46840     291       291       0         0         54        2         5         
1      850       1148      46415     291       291       0         0         54        3         4         
1      443       629       46848     168       189       0         0         57        1         3         
2      736       533       46527     131       199       0         0         58        1         3         
1      549       552       46795     52        189       0         0         61        1         3         
1      549       624       46851     52        189       0         0         62        1         3         
3      620       596       46755     131       131       0         0         62        2         4         
4      810       308       45393     290       127       0         0         63        1         2         
1      766       886       46831     290       290       0         0         64        2         4         
2      835       649       46665     290       189       0         0         64        3         5         
3      554       604       46835     189       189       0         0         70        2         3         
3      814       583       46583     290       189       0         0         71        1         3         
1      668       97        46655     280       9         0         0         72        1         3         
1      721       698       46852     290       189       0         0         73        1         2         
1      652       507       46483     189       189       0         0         73        3         4         
1      608       768       46749     189       290       0         0         75        1         3         
1      924       818       46813     290       290       0         0         84        1         3         
2      535       727       46472     189       290       0         0         85        1         3         
3      720       649       46670     290       189       0         0         89        2         4         
1      811       628       46803     290       189       0         0         97        1         7         
3      790       790       46774     290       290       0         0         97        2         3         
2      790       827       46691     290       291       0         0         97        4         8         
1      767       675       46854     290       189       0         0         97        5         6         
3      814       583       46583     290       189       0         0         99        1         2         
3      549       668       46659     52        280       0         0         101       1         3         
3      579       811       46588     189       290       0         0         103       1         3         
1      1010      923       46855     290       290       0         0         105       1         3         
2      916       851       46858     291       291       0         0         121       1         2         
4      915       1001      46723     291       291       0         0         121       3         4         
2      1068      651       46829     291       189       0         0         122       1         3         
1      527       533       46844     52        199       0         0         124       1         3         
1      745       859       46739     290       290       0         0         125       2         4         
1      577       710       46632     189       131       0         0         128       1         3         
3      306       1232      46779     299       129       0         0         131       1         3         
1      858       674       46816     290       189       0         0         132       1         3         
2      780       1307      46767     291       129       0         0         137       2         6         
1      802       874       46834     291       291       0         0         137       3         4         
2      456       364       46580     52        299       0         0         139       1         4         
1      914       1001      46797     291       291       0         0         140       1         4         
1      914       852       46412     291       291       0         0         140       2         5         
1      937       649       46697     291       189       0         0         144       1         3         
2      788       698       46533     290       189       0         0         150       1         3         
1      951       888       46716     290       290       0         0         151       1         2         
1      782       1048      46740     291       291       0         0         160       2         3         
3      484       698       46784     189       189       0         0         162       1         3         
1      916       487       46799     291       199       0         0         164       1         3         
3      749       744       46370     290       290       0         0         169       1         3         
1      749       828       46499     290       291       0         0         169       2         4         
1      768       656       46555     290       290       0         0         171       2         3         
1      940       624       46721     291       189       0         0         175       1         3         
2      650       702       46778     189       290       0         0         176       2         4         
1      580       395       46849     189       100       0         0         184       2         4         
1      437       295       46827     100       87        0         0         187       1         4         
3      526       408       46854     52        299       0         0         188       2         4         
3      597       709       46717     131       131       0         0         192       1         3         
1      746       527       46758     290       52        0         0         193       1         4         
1      788       367       46766     290       299       0         0         193       2         5         
1      476       432       46847     52        52        0         0         194       1         2         
3      1022      946       46688     291       290       0         0         196       2         4         
1      651       602       46797     189       189       0         0         197       1         3         
2      550       923       46747     189       290       0         0         198       1         4         
1      671       670       46852     280       280       0         0         201       1         2         
4      670       893       45803     280       291       0         0         201       3         4         
1      860       938       46808     290       291       0         0         203       1         4         
3      627       600       46489     189       280       0         0         204       1         2         
3      579       811       46588     189       290       0         0         204       3         5         
1      118       118       46845     286       286       0         0         210       1         2         
4      674       969       46374     189       290       0         0         216       2         3         
1      553       511       46733     189       199       0         0         217       1         2         
1      747       1001      46667     290       291       0         0         219       2         4         
3      604       116       46805     189       9         0         0         223       1         3         
2      461       970       46641     189       290       0         0         225       1         5         
1      440       791       46856     168       290       0         0         225       2         4         
2      959       811       46803     291       290       0         0         226       1         3         
1      436       290       46812     100       127       0         0         231       1         3         
2      896       690       46354     291       131       0         0         238       1         2         
1      839       951       46663     290       290       0         0         240       1         4         
1      871       1128      46567     291       291       0         0         241       1         3         
3      865       679       46819     290       290       0         0         243       1         3         
2      839       728       46276     290       290       0         0         244       2         4         
2      604       116       46805     189       9         0         0         249       1         3         
2      720       598       46572     290       189       0         0         250       1         4         
1      673       482       46832     189       189       0         0         250       2         5         
1      647       605       46502     280       189       0         0         251       1         4         
3      697       575       46835     189       189       0         0         252       1         2         
1      814       716       46606     290       189       0         0         255       1         4         
3      254       268       46849     87        299       0         0         256       1         2         
1      838       842       46232     290       290       0         0         257       1         3         
1      1001      715       46828     291       131       0         0         259       1         3         
2      858       719       46723     290       189       0         0         265       1         4         
2      554       604       46835     189       189       0         0         266       1         2         
1      556       396       46720     199       119       0         0         269       1         3         
1      881       1002      46744     290       291       0         0         275       1         5         
1      881       766       46803     290       290       0         0         275       2         3         
1      838       352       46725     290       119       0         0         279       1         4         
1      718       460       46785     189       189       0         0         281       1         5         
2      720       649       46670     290       189       0         0         281       2         4         
1      1047      1087      46746     291       291       0         0         282       1         2         
4      1046      925       46709     291       290       0         0         282       3         4         
3      1089      1167      46677     291       291       0         0         283       1         2         
1      894       133       46786     291       9         0         0         285       1         3         
1      371       133       46841     52        9         0         0         286       1         3         
3      897       116       46435     291       9         0         0         289       1         3         
1      835       903       46625     290       290       0         0         290       2         4         
3      835       649       46665     290       189       0         0         290       3         5         
1      650       650       46822     189       189       0         0         297       1         2         
3      767       947       46730     290       290       0         0         299       1         3         
1      812       949       46824     290       290       0         0         299       2         4         
1      600       582       46801     280       189       0         0         300       1         3         
1      633       834       46150     189       290       0         0         304       1         4         
1      891       710       46608     291       131       0         0         305       1         2         
1      476       504       46837     52        52        0         0         306       1         2         
3      560       484       46537     189       189       0         0         308       1         2         
3      839       645       46730     290       280       0         0         309       2         4         
1      721       698       46852     290       189       0         0         310       2         3         
4      673       232       46427     189       266       0         0         310       4         5         
2      1044      1263      46732     291       192       0         0         313       1         4         
1      621       693       46812     280       280       0         0         315       1         3         
1      666       505       46713     131       52        0         0         315       2         4         
1      724       794       46592     290       290       0         0         327       1         3         
3      697       859       46788     189       290       0         0         332       1         2         
1      439       603       46858     189       189       0         0         333       1         3         
1      416       500       46813     100       52        0         0         333       2         4         
1      720       894       46859     290       291       0         0         339       1         3         
1      700       885       46829     290       290       0         0         340       2         5         
4      582       551       46708     189       189       0         0         345       1         2         
1      827       923       46791     291       290       0         0         349       1         4         
1      413       364       46837     52        299       0         0         354       1         3         
3      628       576       46565     189       189       0         0         356       1         2         
3      723       813       46506     290       290       0         0         361       1         4         
1      720       652       46852     290       189       0         0         361       3         5         
2      780       313       46833     291       87        0         0         365       3         5         
3      849       232       45417     291       266       0         0         367       1         2         
1      749       818       46649     290       290       0         0         369       1         4         
1      655       815       46572     189       290       0         0         369       2         5         
3      723       651       46814     290       189       0         0         372       1         2         
1      690       628       46114     131       189       0         0         373       2         4         
3      742       674       46701     290       189       0         0         374       2         4         
4      738       412       46046     189       52        0         0         377       1         2         
4      780       36        46343     291       98        0         0         378       2         3         
3      939       670       46727     291       280       0         0         379       2         4         
2      677       813       46485     189       290       0         0         387       1         3         
2      745       860       46853     290       290       0         0         387       2         4         
2      485       411       46684     189       52        0         0         389       1         3         
1      814       858       46747     290       290       0         0         391       1         4         
2      817       875       46548     290       291       0         0         391       3         5         
3      604       510       46746     189       199       0         0         392       2         3         
1      390       387       46844     52        299       0         0         393       1         2         
2      959       812       46701     291       290       0         0         395       1         3         
1      959       621       46825     291       280       0         0         395       2         4         
3      607       600       46540     189       280       0         0         401       1         2         
3      632       892       46250     189       291       0         0         403       1         4         
1      701       834       46805     290       290       0         0         403       2         3         
1      604       409       46855     189       52        0         0         404       1         4         
1      559       531       46844     189       189       0         0         419       1         4         
1      813       744       46731     290       290       0         0         422       2         4         
1      485       353       46360     189       119       0         0         423       1         3         
1      486       746       46837     199       290       0         0         425       1         4         
3      699       696       46818     290       189       0         0         427       1         2         
2      700       627       46673     290       189       0         0         428       1         2         
3      580       884       46699     189       290       0         0         429       1         3         
1      675       747       46435     189       290       0         0         433       1         3         
2      972       254       46747     290       87        0         0         435       2         5         
2      990       951       46287     290       290       0         0         435       3         4         
2      599       720       46739     280       290       0         0         436       1         3         
1      356       489       46854     119       199       0         0         437       1         2         
1      416       549       46729     100       52        0         0         439       1         3         
4      771       982       45635     290       291       0         0         440       1         2         
1      813       818       46663     290       290       0         0         443       2         3         
1      698       604       46778     189       189       0         0         444       1         2         
1      604       716       46817     189       189       0         0         444       3         5         
1      97        718       46802     9         189       0         0         447       1         3         
1      550       692       46818     189       280       0         0         448       1         2         
1      463       482       46773     168       189       0         0         450       1         2         
1      462       118       46835     189       286       0         0         456       1         4         
1      372       531       46840     119       189       0         0         457       1         3         
1      433       672       46839     52        189       0         0         461       1         3         
3      812       633       46811     290       189       0         0         462       1         3         
2      834       1011      46588     290       84        0         0         463       1         3         
1      755       275       46723     131       87        0         0         470       1         3         
1      703       961       46821     290       291       0         0         472       1         4         
1      679       929       46781     290       290       0         0         472       2         3         
1      881       1177      46741     290       84        0         0         474       1         4         
2      652       627       46711     189       189       0         0         484       1         2         
1      959       881       46682     291       290       0         0         485       1         3         
1      367       347       46835     299       299       0         0         486       1         2         
3      652       702       46544     189       290       0         0         488       1         3         
3      596       498       46793     131       52        0         0         489       1         2         
1      389       436       46851     299       100       0         0         494       1         3         
2      738       416       46689     189       100       0         0         500       1         3         
2      1013      1013      46779     84        84        0         0         509       1         2         
3      314       253       46834     119       206       0         0         511       1         2         
3      369       1001      46810     52        291       0         0         514       1         3         
4      647       648       46541     280       189       0         0         517       1         2         
3      908       948       46040     290       290       0         0         518       1         2         
1      671       720       46836     280       290       0         0         520       2         4         
1      847       781       46615     291       291       0         0         524       1         3         
3      870       849       46777     291       291       0         0         524       2         4         
1      835       721       46678     290       290       0         0         525       1         4         
2      835       946       46392     290       290       0         0         525       2         5         
3      689       714       46724     131       131       0         0         534       1         2         
1      481       640       46760     189       131       0         0         539       1         3         
3      699       696       46818     290       189       0         0         542       1         4         
1      698       374       46853     189       119       0         0         542       3         5         
1      397       558       46794     168       189       0         0         543       1         2         
2      189       116       46824     286       9         0         0         544       1         2         
1      1069      1010      46856     291       290       0         0         549       2         4         
1      814       936       46735     290       291       0         0         550       1         3         
3      583       749       46576     189       290       0         0         552       1         2         
2      436       478       46796     100       52        0         0         555       1         3         
3      248       458       46795     266       52        0         0         558       1         2         
1      804       765       46802     291       290       0         0         561       1         4         
1      804       578       46842     291       189       0         0         561       3         5         
3      742       674       46701     290       189       0         0         562       2         3         
3      399       674       46561     168       189       0         0         564       1         3         
1      813       835       46750     290       290       0         0         565       1         3         
1      621       991       46735     280       290       0         0         568       1         3         
2      462       537       46821     189       189       0         0         569       1         3         
1      1048      915       46826     291       291       0         0         570       1         3         
3      1054      1056      46854     84        84        0         0         573       2         3         
1      532       697       46815     199       189       0         0         574       1         2         
1      766       598       46747     290       189       0         0         575       1         3         
1      873       780       46735     291       291       0         0         581       1         3         
2      549       389       46705     52        299       0         0         582       1         2         
4      857       827       46722     290       291       0         0         583       1         2         
1      813       766       46826     290       290       0         0         590       1         3         
1      782       1003      46806     291       291       0         0         592       1         4         
1      865       947       46850     290       290       0         0         593       1         3         
2      237       418       46832     87        168       0         0         597       1         2         
3      1013      1013      46779     84        84        0         0         598       1         2         
3      573       414       46839     189       100       0         0         602       2         4         
1      644       193       46803     131       266       0         0         605       1         5         
1      643       549       46688     131       52        0         0         605       2         4         
1      702       582       46841     290       189       0         0         608       1         2         
2      560       233       46828     189       206       0         0         608       3         5         
1      691       606       46632     131       189       0         0         611       1         3         
3      767       858       46663     290       290       0         0         617       1         2         
1      721       606       46840     290       189       0         0         625       1         2         
1      760       596       46819     291       131       0         0         626       1         4         
3      850       981       46462     291       291       0         0         631       2         3         
1      601       408       46748     189       299       0         0         632       1         3         
1      1065      936       46805     291       291       0         0         633       1         3         
3      1065      1318      46252     291       192       0         0         633       2         4         
1      651       534       46845     189       199       0         0         634       1         3         
4      626       507       46198     189       189       0         0         639       2         3         
1      115       716       46783     9         189       0         0         640       1         3         
2      724       748       46625     290       290       0         0         642       1         4         
2      723       651       46814     290       189       0         0         642       3         5         
1      923       925       46796     290       290       0         0         643       1         2         
3      1022      873       46734     291       291       0         0         648       2         3         
3      812       276       46567     290       87        0         0         649       2         4         
2      529       624       46576     189       189       0         0         650       1         3         
1      599       194       46843     280       207       0         0         658       1         4         
4      842       721       46716     290       290       0         0         660       2         3         
1      950       811       46744     290       290       0         0         662       1         4         
3      597       709       46717     131       131       0         0         668       1         3         
1      623       504       46772     280       52        0         0         671       1         2         
3      652       393       46610     189       52        0         0         672       1         3         
1      152       246       46804     9         266       0         0         675       1         2         
1      698       924       46777     189       290       0         0         678       1         3         
4      720       623       46759     290       280       0         0         685       1         2         
1      720       667       46724     290       131       0         0         687       1         3         
1      618       759       46816     131       131       0         0         695       1         4         
1      328       393       46797     299       52        0         0         696       1         2         
2      884       728       46856     290       290       0         0         698       1         4         
2      810       728       46620     290       290       0         0         698       3         5         
4      804       794       45772     291       290       0         0         703       2         3         
3      697       575       46835     189       189       0         0         704       1         2         
2      248       174       46853     266       266       0         0         706       1         2         
1      1068      937       46830     291       291       0         0         709       1         3         
3      758       1149      45581     131       291       0         0         711       1         3         
1      838       990       46060     290       290       0         0         716       2         4         
3      838       548       46332     290       52        0         0         716       3         5         
1      839       574       46735     290       189       0         0         717       1         3         
3      838       548       46332     290       52        0         0         717       2         4         
1      389       433       46847     299       52        0         0         720       1         2         
3      696       394       46667     189       100       0         0         722       1         3         
1      437       367       46807     100       299       0         0         723       1         3         
3      849       1282      45348     291       192       0         0         729       1         2         
2      929       1102      46723     290       84        0         0         730       1         3         
2      928       860       45776     290       290       0         0         731       1         2         
1      575       479       46850     189       52        0         0         733       1         2         
1      580       717       46829     189       189       0         0         736       1         2         
1      810       583       46523     290       189       0         0         737       1         3         
1      549       533       46828     52        199       0         0         740       1         4         
1      407       676       46855     299       189       0         0         741       1         3         
3      720       507       46728     290       189       0         0         743       2         4         
1      647       745       46628     280       290       0         0         744       1         4         
2      720       696       46790     290       189       0         0         745       1         2         
3      698       484       46838     189       189       0         0         746       3         5         
3      652       393       46610     189       52        0         0         749       1         3         
1      507       217       46848     189       87        0         0         751       2         4         
3      739       395       46642     189       100       0         0         752       2         4         
2      778       596       46750     131       131       0         0         753       2         4         
4      907       851       45184     290       291       0         0         756       2         3         
1      499       481       46850     52        189       0         0         758       1         3         
3      1142      950       46797     84        290       0         0         769       1         2         
1      882       720       46672     290       290       0         0         770       1         4         
1      893       399       46637     291       168       0         0         775       1         4         
1      605       332       46707     189       87        0         0         776       1         4         
1      336       621       46785     277       280       0         0         777       1         3         
1      699       625       46753     290       189       0         0         791       1         5         
1      722       905       46740     290       290       0         0         800       1         3         
3      607       600       46540     189       280       0         0         802       1         2         
1      805       703       46657     291       290       0         0         803       1         3         
2      792       697       46452     290       189       0         0         804       1         5         
1      768       628       46651     290       189       0         0         804       2         4         
3      959       812       46701     291       290       0         0         811       2         3         
1      727       633       46849     290       189       0         0         812       3         5         
1      704       666       46858     290       131       0         0         812       4         6         
2      857       437       46723     290       100       0         0         813       2         3         
3      839       645       46730     290       280       0         0         816       1         5         
1      838       489       46842     290       199       0         0         816       3         4         
4      556       600       46417     199       280       0         0         818       1         2         
3      687       735       46764     131       131       0         0         819       1         2         
2      556       894       46762     199       291       0         0         821       1         4         
1      847       662       46734     291       131       0         0         824       1         2         
3      653       366       46601     189       299       0         0         825       1         3         
3      632       904       46305     189       290       0         0         830       1         3         
1      747       980       46843     290       291       0         0         830       2         4         
1      552       627       46239     189       189       0         0         832       1         2         
2      675       602       46740     189       189       0         0         833       1         3         
1      897       676       46851     291       189       0         0         837       2         4         
4      698       372       46226     189       119       0         0         838       2         3         
1      940       1010      46500     291       290       0         0         839       1         3         
2      335       198       46858     119       178       0         0         841       1         3         
3      810       693       46507     290       280       0         0         843       2         4         
1      724       559       46511     290       189       0         0         844       1         3         
1      746       527       46712     290       52        0         0         845       2         4         
1      484       531       46719     189       189       0         0         846       1         3         
4      720       506       45348     290       189       0         0         849       2         3         
3      842       791       46326     290       290       0         0         851       2         3         
1      838       628       46535     290       189       0         0         859       1         3         
3      810       415       46799     290       100       0         0         859       2         4         
1      1132      858       46818     291       290       0         0         869       1         2         
2      865       488       46842     290       199       0         0         872       2         5         
2      865       679       46819     290       290       0         0         872       3         4         
1      771       946       46803     290       290       0         0         873       1         4         
1      817       506       46772     290       189       0         0         873       2         5         
1      836       439       46855     290       189       0         0         874       2         4         
1      738       1025      46755     189       291       0         0         877       2         4         
1      983       875       46818     291       291       0         0         881       1         3         
1      980       1069      46746     291       291       0         0         881       2         4         
1      817       629       46840     290       189       0         0         882       2         5         
1      1065      925       46750     291       290       0         0         883       1         4         
1      847       575       46273     291       189       0         0         893       1         3         
2      991       836       46848     290       290       0         0         894       1         4         
1      607       462       46842     189       189       0         0         895       2         5         
1      623       532       46655     280       199       0         0         897       1         2         
1      480       560       46827     52        189       0         0         903       1         3         
1      560       529       46826     189       189       0         0         907       1         3         
2      625       536       46823     189       189       0         0         908       1         3         
2      770       939       46444     290       291       0         0         911       1         3         
3      531       513       46811     189       199       0         0         912       1         2         
2      697       859       46788     189       290       0         0         916       1         4         
1      743       991       46678     290       290       0         0         916       2         5         
1      818       230       46686     290       266       0         0         917       1         4         
1      756       387       46844     131       299       0         0         918       1         4         
3      462       537       46821     189       189       0         0         924       2         4         
2      672       676       46728     189       189       0         0         926       1         4         
1      533       463       46839     199       168       0         0         931       1         3         
1      850       1045      46828     291       291       0         0         933       1         3         
1      871       333       46306     291       119       0         0         933       2         4         
2      460       629       46855     189       189       0         0         936       1         3         
3      627       507       46264     189       189       0         0         937       1         2         
2      647       393       46798     280       52        0         0         938       1         3         
2      554       272       46713     189       127       0         0         940       1         4         
1      951       1032      46833     290       84        0         0         941       2         4         
1      480       560       46827     52        189       0         0         942       1         3         
3      314       253       46834     119       206       0         0         943       1         2         
3      1054      1056      46854     84        84        0         0         944       3         4         
3      605       676       46664     189       189       0         0         947       1         2         
1      990       991       46829     290       290       0         0         949       1         3         
2      993       1088      46591     84        291       0         0         949       2         5         
1      760       723       46773     291       290       0         0         951       1         3         
1      602       438       46781     189       100       0         0         952       1         3         
1      527       715       46807     52        131       0         0         955       1         3         
1      781       617       46336     291       131       0         0         958       1         4         
3      693       646       46422     280       280       0         0         958       2         3         
1      1068      1320      46718     291       129       0         0         959       1         4         
1      484       606       46801     189       189       0         0         960       1         3         
2      1149      369       46738     291       52        0         0         976       1         3         
1      812       1032      46704     290       84        0         0         977       1         2         
1      626       530       46830     189       189       0         0         980       2         4         
2      715       527       46631     131       52        0         0         981       1         4         
1      715       507       46697     131       189       0         0         981       2         3         
1      817       669       46724     290       280       0         0         986       1         3         
1      768       727       46787     290       290       0         0         987       2         4         
3      904       670       46407     290       280       0         0         989       2         4         
2      892       677       46173     291       189       0         0         990       2         3         
2      371       118       46836     52        286       0         0         994       1         3         
1      983       693       46821     291       280       0         0         995       1         3         
3      736       415       46509     131       100       0         0         1000      2         3         
3      720       696       46790     290       189       0         0         1004      2         3         
3      782       577       46783     291       189       0         0         1005      2         3         
1      699       413       46781     290       52        0         0         1013      1         4         
3      371       118       46836     52        286       0         0         1015      1         3         
1      716       924       46838     189       290       0         0         1019      2         4         
3      718       461       46472     189       189       0         0         1021      2         4         
1      850       674       46745     291       189       0         0         1023      1         4         
2      803       840       46587     291       290       0         0         1023      2         5         
1      881       958       46834     290       291       0         0         1026      1         2         
4      737       345       45143     189       299       0         0         1028      1         2         
1      663       21        46850     131       98        0         0         1029      1         3         
1      721       598       46753     290       189       0         0         1035      1         4         
3      698       484       46838     189       189       0         0         1035      3         5         
1      622       578       46674     280       189       0         0         1036      1         3         
1      575       440       46716     189       168       0         0         1036      2         4         
3      709       622       45770     131       280       0         0         1037      1         2         
3      254       268       46849     87        299       0         0         1038      1         2         
3      555       644       46814     199       131       0         0         1039      1         3         
1      432       642       46835     52        131       0         0         1047      1         2         
1      671       769       46806     280       290       0         0         1050      1         3         
3      972       254       46747     290       87        0         0         1054      1         3         
2      621       386       46774     280       299       0         0         1055      1         3         
2      550       714       46858     189       131       0         0         1057      2         5         
2      573       548       46836     189       52        0         0         1057      3         4         
1      726       883       46814     290       290       0         0         1058      1         4         
1      702       790       46474     290       290       0         0         1064      2         4         
1      529       670       46858     189       280       0         0         1065      1         3         
3      924       721       46644     290       290       0         0         1067      1         3         
1      760       748       46846     291       290       0         0         1069      1         3         
3      508       603       46769     199       189       0         0         1076      1         3         
1      984       651       46729     291       189       0         0         1086      1         3         
3      644       393       45817     131       52        0         0         1087      1         2         
1      621       663       46774     280       131       0         0         1088      1         2         
2      604       437       46714     189       100       0         0         1089      2         4         
1      510       738       46818     199       189       0         0         1092      1         3         
1      665       601       46737     131       189       0         0         1094      2         3         
1      486       575       46804     199       189       0         0         1099      1         2         
1      817       506       46772     290       189       0         0         0         0         0         
1      623       504       46772     280       52        0         0         0         0         0         
1      760       723       46773     291       290       0         0         0         0         0         
1      463       482       46773     168       189       0         0         0         0         0         
2      621       386       46774     280       299       0         0         0         0         0         
3      790       790       46774     290       290       0         0         0         0         0         
1      621       663       46774     280       131       0         0         0         0         0         
3      870       849       46777     291       291       0         0         0         0         0         
1      698       924       46777     189       290       0         0         0         0         0         
2      650       702       46778     189       290       0         0         0         0         0         
1      698       604       46778     189       189       0         0         0         0         0         
3      306       1232      46779     299       129       0         0         0         0         0         
2      1013      1013      46779     84        84        0         0         0         0         0         
3      1013      1013      46779     84        84        0         0         0         0         0         
1      699       413       46781     290       52        0         0         0         0         0         
1      602       438       46781     189       100       0         0         0         0         0         
1      679       929       46781     290       290       0         0         0         0         0         
2      718       924       46782     189       290       0         0         0         0         0         
1      115       716       46783     9         189       0         0         0         0         0         
3      782       577       46783     291       189       0         0         0         0         0         
3      484       698       46784     189       189       0         0         0         0         0         
1      336       621       46785     277       280       0         0         0         0         0         
1      718       460       46785     189       189       0         0         0         0         0         
1      894       133       46786     291       9         0         0         0         0         0         
1      768       727       46787     290       290       0         0         0         0         0         
3      697       859       46788     189       290       0         0         0         0         0         
2      697       859       46788     189       290       0         0         0         0         0         
2      720       696       46790     290       189       0         0         0         0         0         
3      720       696       46790     290       189       0         0         0         0         0         
1      827       923       46791     291       290       0         0         0         0         0         
3      596       498       46793     131       52        0         0         0         0         0         
1      397       558       46794     168       189       0         0         0         0         0         
1      549       552       46795     52        189       0         0         0         0         0         
3      248       458       46795     266       52        0         0         0         0         0         
2      436       478       46796     100       52        0         0         0         0         0         
1      923       925       46796     290       290       0         0         0         0         0         
2      313       202       46796     87        87        0         0         0         0         0         
1      914       1001      46797     291       291       0         0         0         0         0         
1      651       602       46797     189       189       0         0         0         0         0         
1      328       393       46797     299       52        0         0         0         0         0         
2      1142      950       46797     84        290       0         0         0         0         0         
3      1142      950       46797     84        290       0         0         0         0         0         
2      647       393       46798     280       52        0         0         0         0         0         
1      916       487       46799     291       199       0         0         0         0         0         
3      810       415       46799     290       100       0         0         0         0         0         
1      600       582       46801     280       189       0         0         0         0         0         
1      484       606       46801     189       189       0         0         0         0         0         
1      97        718       46802     9         189       0         0         0         0         0         
1      804       765       46802     291       290       0         0         0         0         0         
1      811       628       46803     290       189       0         0         0         0         0         
1      644       193       46803     131       266       0         0         0         0         0         
1      881       766       46803     290       290       0         0         0         0         0         
1      771       946       46803     290       290       0         0         0         0         0         
2      959       811       46803     291       290       0         0         0         0         0         
1      152       246       46804     9         266       0         0         0         0         0         
1      486       575       46804     199       189       0         0         0         0         0         
3      604       116       46805     189       9         0         0         0         0         0         
2      604       116       46805     189       9         0         0         0         0         0         
1      1065      936       46805     291       291       0         0         0         0         0         
1      701       834       46805     290       290       0         0         0         0         0         
1      671       769       46806     280       290       0         0         0         0         0         
1      782       1003      46806     291       291       0         0         0         0         0         
1      437       367       46807     100       299       0         0         0         0         0         
1      527       715       46807     52        131       0         0         0         0         0         
1      860       938       46808     290       291       0         0         0         0         0         
3      369       1001      46810     52        291       0         0         0         0         0         
3      812       633       46811     290       189       0         0         0         0         0         
3      531       513       46811     189       199       0         0         0         0         0         
1      621       693       46812     280       280       0         0         0         0         0         
1      436       290       46812     100       127       0         0         0         0         0         
1      924       818       46813     290       290       0         0         0         0         0         
1      416       500       46813     100       52        0         0         0         0         0         
3      555       644       46814     199       131       0         0         0         0         0         
3      723       651       46814     290       189       0         0         0         0         0         
2      723       651       46814     290       189       0         0         0         0         0         
1      726       883       46814     290       290       0         0         0         0         0         
1      532       697       46815     199       189       0         0         0         0         0         
1      858       674       46816     290       189       0         0         0         0         0         
1      618       759       46816     131       131       0         0         0         0         0         
1      534       551       46817     199       189       0         0         0         0         0         
2      770       393       46817     290       52        0         0         0         0         0         
1      604       716       46817     189       189       0         0         0         0         0         
3      699       696       46818     290       189       0         0         0         0         0         
3      699       696       46818     290       189       0         0         0         0         0         
1      550       692       46818     189       280       0         0         0         0         0         
1      1132      858       46818     291       290       0         0         0         0         0         
1      983       875       46818     291       291       0         0         0         0         0         
1      510       738       46818     199       189       0         0         0         0         0         
2      812       605       46818     290       189       0         0         0         0         0         
3      865       679       46819     290       290       0         0         0         0         0         
1      760       596       46819     291       131       0         0         0         0         0         
2      865       679       46819     290       290       0         0         0         0         0         
1      703       961       46821     290       291       0         0         0         0         0         
1      983       693       46821     291       280       0         0         0         0         0         
3      462       537       46821     189       189       0         0         0         0         0         
2      462       537       46821     189       189       0         0         0         0         0         
1      650       650       46822     189       189       0         0         0         0         0         
2      625       536       46823     189       189       0         0         0         0         0         
2      189       116       46824     286       9         0         0         0         0         0         
1      812       949       46824     290       290       0         0         0         0         0         
1      959       621       46825     291       280       0         0         0         0         0         
1      484       34        46826     189       98        0         0         0         0         0         
1      813       766       46826     290       290       0         0         0         0         0         
1      1048      915       46826     291       291       0         0         0         0         0         
1      560       529       46826     189       189       0         0         0         0         0         
1      437       295       46827     100       87        0         0         0         0         0         
1      480       560       46827     52        189       0         0         0         0         0         
1      480       560       46827     52        189       0         0         0         0         0         
1      1001      715       46828     291       131       0         0         0         0         0         
1      850       1045      46828     291       291       0         0         0         0         0         
1      549       533       46828     52        199       0         0         0         0         0         
2      560       233       46828     189       206       0         0         0         0         0         
1      700       885       46829     290       290       0         0         0         0         0         
1      990       991       46829     290       290       0         0         0         0         0         
2      1068      651       46829     291       189       0         0         0         0         0         
1      580       717       46829     189       189       0         0         0         0         0         
1      1068      937       46830     291       291       0         0         0         0         0         
1      626       530       46830     189       189       0         0         0         0         0         
1      1128      743       46830     291       290       0         0         0         0         0         
1      766       886       46831     290       290       0         0         0         0         0         
1      673       482       46832     189       189       0         0         0         0         0         
2      237       418       46832     87        168       0         0         0         0         0         
2      780       313       46833     291       87        0         0         0         0         0         
1      951       1032      46833     290       84        0         0         0         0         0         
3      314       253       46834     119       206       0         0         0         0         0         
3      314       253       46834     119       206       0         0         0         0         0         
1      771       698       46834     290       189       0         0         0         0         0         
1      802       874       46834     291       291       0         0         0         0         0         
1      881       958       46834     290       291       0         0         0         0         0         
3      554       604       46835     189       189       0         0         0         0         0         
2      554       604       46835     189       189       0         0         0         0         0         
3      697       575       46835     189       189       0         0         0         0         0         
3      697       575       46835     189       189       0         0         0         0         0         
1      367       347       46835     299       299       0         0         0         0         0         
1      462       118       46835     189       286       0         0         0         0         0         
1      432       642       46835     52        131       0         0         0         0         0         
2      573       548       46836     189       52        0         0         0         0         0         
3      371       118       46836     52        286       0         0         0         0         0         
2      371       118       46836     52        286       0         0         0         0         0         
1      671       720       46836     280       290       0         0         0         0         0         
1      476       504       46837     52        52        0         0         0         0         0         
1      486       746       46837     199       290       0         0         0         0         0         
1      413       364       46837     52        299       0         0         0         0         0         
1      716       924       46838     189       290       0         0         0         0         0         
3      698       484       46838     189       189       0         0         0         0         0         
3      698       484       46838     189       189       0         0         0         0         0         
1      533       463       46839     199       168       0         0         0         0         0         
3      573       414       46839     189       100       0         0         0         0         0         
1      433       672       46839     52        189       0         0         0         0         0         
1      721       606       46840     290       189       0         0         0         0         0         
1      817       629       46840     290       189       0         0         0         0         0         
2      873       1187      46840     291       291       0         0         0         0         0         
1      372       531       46840     119       189       0         0         0         0         0         
1      371       133       46841     52        9         0         0         0         0         0         
1      702       582       46841     290       189       0         0         0         0         0         
1      507       695       46842     189       189       0         0         0         0         0         
2      865       488       46842     290       199       0         0         0         0         0         
1      607       462       46842     189       189       0         0         0         0         0         
1      804       578       46842     291       189       0         0         0         0         0         
1      838       489       46842     290       199       0         0         0         0         0         
1      599       194       46843     280       207       0         0         0         0         0         
1      747       980       46843     290       291       0         0         0         0         0         
1      756       387       46844     131       299       0         0         0         0         0         
1      559       531       46844     189       189       0         0         0         0         0         
1      527       533       46844     52        199       0         0         0         0         0         
1      390       387       46844     52        299       0         0         0         0         0         
1      118       118       46845     286       286       0         0         0         0         0         
1      651       534       46845     189       199       0         0         0         0         0         
1      760       748       46846     291       290       0         0         0         0         0         
1      389       433       46847     299       52        0         0         0         0         0         
1      476       432       46847     52        52        0         0         0         0         0         
1      507       217       46848     189       87        0         0         0         0         0         
1      443       629       46848     168       189       0         0         0         0         0         
2      991       836       46848     290       290       0         0         0         0         0         
1      580       395       46849     189       100       0         0         0         0         0         
1      727       633       46849     290       189       0         0         0         0         0         
3      254       268       46849     87        299       0         0         0         0         0         
3      254       268       46849     87        299       0         0         0         0         0         
1      575       479       46850     189       52        0         0         0         0         0         
1      499       481       46850     52        189       0         0         0         0         0         
1      865       947       46850     290       290       0         0         0         0         0         
1      663       21        46850     131       98        0         0         0         0         0         
1      389       436       46851     299       100       0         0         0         0         0         
1      897       676       46851     291       189       0         0         0         0         0         
1      549       624       46851     52        189       0         0         0         0         0         
1      720       652       46852     290       189       0         0         0         0         0         
1      721       698       46852     290       189       0         0         0         0         0         
1      671       670       46852     280       280       0         0         0         0         0         
1      721       698       46852     290       189       0         0         0         0         0         
2      745       860       46853     290       290       0         0         0         0         0         
2      248       174       46853     266       266       0         0         0         0         0         
1      698       374       46853     189       119       0         0         0         0         0         
1      767       675       46854     290       189       0         0         0         0         0         
3      1054      1056      46854     84        84        0         0         0         0         0         
3      526       408       46854     52        299       0         0         0         0         0         
1      356       489       46854     119       199       0         0         0         0         0         
3      1054      1056      46854     84        84        0         0         0         0         0         
2      460       629       46855     189       189       0         0         0         0         0         
1      836       439       46855     290       189       0         0         0         0         0         
1      604       409       46855     189       52        0         0         0         0         0         
1      407       676       46855     299       189       0         0         0         0         0         
1      1010      923       46855     290       290       0         0         0         0         0         
2      884       728       46856     290       290       0         0         0         0         0         
1      440       791       46856     168       290       0         0         0         0         0         
1      1069      1010      46856     291       290       0         0         0         0         0         
1      873       1208      46856     291       192       0         0         0         0         0         
1      704       666       46858     290       131       0         0         0         0         0         
2      916       851       46858     291       291       0         0         0         0         0         
2      550       714       46858     189       131       0         0         0         0         0         
1      529       670       46858     189       280       0         0         0         0         0         
2      335       198       46858     119       178       0         0         0         0         0         
1      439       603       46858     189       189       0         0         0         0         0         
1      720       894       46859     290       291       0         0         0         0         0         
1      679       816       46860     290       290       0         0         0         0         0         
1      366       644       46860     299       131       0         0         0         0         0         
1      722       461       46860     290       189       0         0         0         0         0         
1      555       675       46860     199       189       0         0         0         0         0         
3      19        154       46861     98        286       0         0         0         0         0         
1      392       624       46861     52        189       0         0         0         0         0         
2      505       694       46861     52        189       0         0         0         0         0         
2      19        154       46861     98        286       0         0         0         0         0         
1      554       461       46862     189       189       0         0         0         0         0         
1      526       247       46862     52        266       0         0         0         0         0         
2      969       805       46862     290       291       0         0         0         0         0         
1      138       21        46862     57        98        0         0         0         0         0         
3      814       745       46863     290       290       0         0         0         0         0         
3      814       745       46863     290       290       0         0         0         0         0         
1      134       992       46863     9         290       0         0         0         0         0         
3      275       374       46863     87        119       0         0         0         0         0         
1      460       314       46863     189       119       0         0         0         0         0         
1      352       436       46863     119       100       0         0         0         0         0         
1      461       816       46863     189       290       0         0         0         0         0         
1      948       696       46864     290       189       0         0         0         0         0         
1      458       576       46864     52        189       0         0         0         0         0         
1      374       309       46865     119       127       0         0         0         0         0         
1      120       984       46866     57        291       0         0         0         0         0         
2      881       940       46866     290       291       0         0         0         0         0         
1      526       601       46866     52        189       0         0         0         0         0         
1      782       667       46867     291       131       0         0         0         0         0         
1      417       503       46868     100       52        0         0         0         0         0         
1      156       118       46868     286       286       0         0         0         0         0         
1      1128      981       46868     291       291       0         0         0         0         0         
1      574       570       46869     189       52        0         0         0         0         0         
1      356       508       46869     119       199       0         0         0         0         0         
1      20        259       46869     98        87        0         0         0         0         0         
1      883       675       46869     290       189       0         0         0         0         0         
1      720       601       46870     290       189       0         0         0         0         0         
1      570       348       46870     52        299       0         0         0         0         0         
2      716       924       46870     189       290       0         0         0         0         0         
4      458       647       46870     52        280       0         0         0         0         0         
1      459       329       46871     189       127       0         0         0         0         0         
1      410       529       46871     52        189       0         0         0         0         0         
1      624       968       46871     189       290       0         0         0         0         0         
1      672       79        46871     189       98        0         0         0         0         0         
2      290       276       46871     127       87        0         0         0         0         0         
1      700       969       46872     290       290       0         0         0         0         0         
2      760       836       46872     291       290       0         0         0         0         0         
1      118       414       46872     286       100       0         0         0         0         0         
2      386       287       46873     299       299       0         0         0         0         0         
1      779       738       46873     131       189       0         0         0         0         0         
3      350       534       46873     127       199       0         0         0         0         0         
3      350       534       46873     127       199       0         0         0         0         0         
1      744       884       46873     290       290       0         0         0         0         0         
3      794       881       46874     290       290       0         0         0         0         0         
3      794       881       46874     290       290       0         0         0         0         0         
2      812       720       46874     290       290       0         0         0         0         0         
1      940       837       46875     291       290       0         0         0         0         0         
2      482       368       46875     189       299       0         0         0         0         0         
1      213       180       46876     266       178       0         0         0         0         0         
1      1107      766       46876     291       290       0         0         0         0         0         
1      778       760       46876     131       291       0         0         0         0         0         
3      725       372       46877     290       119       0         0         0         0         0         
1      628       415       46877     189       100       0         0         0         0         0         
1      230       330       46877     266       127       0         0         0         0         0         
1      699       1053      46877     290       84        0         0         0         0         0         
1      698       811       46877     189       290       0         0         0         0         0         
1      695       743       46877     189       290       0         0         0         0         0         
2      725       372       46877     290       119       0         0         0         0         0         
3      848       716       46877     291       189       0         0         0         0         0         
3      848       716       46877     291       189       0         0         0         0         0         
3      1088      838       46878     291       290       0         0         0         0         0         
3      1088      838       46878     291       290       0         0         0         0         0         
1      802       936       46878     291       291       0         0         0         0         0         
1      887       837       46879     290       290       0         0         0         0         0         
1      377       461       46879     168       189       0         0         0         0         0         
1      580       464       46879     189       168       0         0         0         0         0         
1      719       573       46879     189       189       0         0         0         0         0         
1      687       432       46880     131       52        0         0         0         0         0         
1      210       463       46880     266       168       0         0         0         0         0         
3      716       162       46880     189       178       0         0         0         0         0         
1      859       749       46880     290       290       0         0         0         0         0         
1      767       772       46880     290       290       0         0         0         0         0         
1      507       646       46880     189       280       0         0         0         0         0         
1      328       310       46881     299       127       0         0         0         0         0         
2      410       671       46881     52        280       0         0         0         0         0         
1      827       662       46881     291       131       0         0         0         0         0         
1      676       217       46881     189       87        0         0         0         0         0         
1      373       556       46881     119       199       0         0         0         0         0         
1      527       370       46882     52        52        0         0         0         0         0         
2      675       603       46882     189       189       0         0         0         0         0         
1      189       386       46882     286       299       0         0         0         0         0         
1      893       550       46882     291       189       0         0         0         0         0         
2      545       575       46882     52        189       0         0         0         0         0         
1      1045      972       46883     291       290       0         0         0         0         0         
2      248       252       46883     266       206       0         0         0         0         0         
2      579       693       46883     189       280       0         0         0         0         0         
3      579       693       46883     189       280       0         0         0         0         0         
1      483       650       46883     189       189       0         0         0         0         0         
3      248       252       46883     266       206       0         0         0         0         0         
1      676       859       46883     189       290       0         0         0         0         0         
1      417       608       46884     100       189       0         0         0         0         0         
1      124       527       46884     54        52        0         0         0         0         0         
1      816       904       46884     290       290       0         0         0         0         0         
2      581       698       46884     189       189       0         0         0         0         0         
1      670       503       46884     280       52        0         0         0         0         0         
2      760       759       46885     291       131       0         0         0         0         0         
2      625       530       46885     189       189       0         0         0         0         0         
1      175       81        46885     266       98        0         0         0         0         0         
2      882       792       46885     290       290       0         0         0         0         0         
3      760       759       46885     291       131       0         0         0         0         0         
3      882       792       46885     290       290       0         0         0         0         0         
1      883       720       46886     290       290       0         0         0         0         0         
1      760       653       46886     291       189       0         0         0         0         0         
1      768       860       46886     290       290       0         0         0         0         0         
2      805       1097      46886     291       84        0         0         0         0         0         
1      549       645       46886     52        280       0         0         0         0         0         
2      526       719       46887     52        189       0         0         0         0         0         
1      837       46        46887     290       98        0         0         0         0         0         
1      462       605       46887     189       189       0         0         0         0         0         
1      1130      850       46887     291       291       0         0         0         0         0         
1      526       628       46887     52        189       0         0         0         0         0         
1      968       1217      46887     290       84        0         0         0         0         0         
1      578       116       46887     189       9         0         0         0         0         0         
1      716       757       46887     189       131       0         0         0         0         0         
1      970       527       46888     290       52        0         0         0         0         0         
3      576       624       46888     189       189       0         0         0         0         0         
3      1068      980       46888     291       291       0         0         0         0         0         
1      208       233       46889     286       206       0         0         0         0         0         
1      556       527       46889     199       52        0         0         0         0         0         
1      915       924       46889     291       290       0         0         0         0         0         
1      350       277       46889     127       87        0         0         0         0         0         
