COLUMNS

passenger_count
pickup_ID
dropoff_ID
request_time_sec
pickup_district
dropoff_district
LDuals
IDuals
vehicle_ID
pick_position
drop_position

REQUESTS_INFO
1      137       650       29345     286       189       117       117       30        1         2         
1      256       395       29365     87        100       135       135       63        1         4         
1      827       593       29359     291       52        121       121       143       1         2         
1      817       650       29324     290       189       186       186       198       1         2         
3      791       600       29353     290       280       165       165       231       1         3         
1      937       937       29363     291       291       104       104       268       1         2         
1      876       719       29362     50        189       144       144       277       1         2         
2      980       650       29369     291       189       96        96        292       1         4         
2      781       781       29346     291       291       141       141       459       1         2         
1      679       10        29362     290       98        114       114       504       1         4         
1      679       582       29354     290       189       134       134       506       1         2         
1      677       511       29365     189       199       101       101       577       1         3         
1      860       968       29361     290       290       184       184       657       1         2         
3      703       504       29319     290       52        180       180       679       1         2         
3      549       669       29369     52        280       112       112       699       1         2         
3      726       1011      29336     290       84        148       148       728       1         2         
2      237       535       29358     87        189       139       139       731       1         2         
2      791       600       29353     290       280       165       165       761       1         2         
1      794       925       29349     290       290       135       135       766       1         3         
1      1053      1068      29361     84        291       155       155       800       1         3         
1      463       727       29329     168       290       147       147       802       1         3         
1      841       951       29335     290       290       196       196       858       1         2         
1      882       693       29359     290       280       102       102       862       1         4         
1      325       389       29358     299       299       120       120       866       1         2         
4      875       1225      29350     291       192       178       178       885       1         2         
1      937       1189      29339     291       192       170       170       894       1         2         
2      1089      861       29321     291       290       150       150       895       1         2         
1      862       651       29311     290       189       242       242       909       1         2         
4      859       947       29362     290       290       166       166       925       1         2         
3      891       478       29355     291       52        173       173       935       1         3         
1      852       748       29347     291       290       127       127       938       1         3         
1      1001      1225      29343     291       192       165       165       943       1         2         
3      864       985       29365     290       50        101       101       969       1         3         
1      816       9         29338     290       98        167       167       975       1         2         
3      993       1413      29342     84        999       149       149       1014      1         2         
3      791       840       29290     290       290       228       228       1036      1         2         
1      1001      1531      29365     291       296       143       143       1043      1         2         
1      814       649       29321     290       189       200       200       1070      1         2         
1      926       1011      29360     290       84        152       152       1072      1         2         
2      745       837       29340     290       290       156       156       1088      1         2         
3      726       1011      29336     290       84        148       148       1157      1         2         
1      841       674       29365     290       189       166       166       1180      1         2         
1      937       859       29346     291       290       121       121       1244      1         4         
1      395       484       29344     100       189       108       108       1245      1         2         
1      837       504       29330     290       52        141       141       1269      1         3         
1      922       717       29310     50        189       240       240       1303      1         2         
1      836       907       29321     290       290       195       195       1338      1         3         
1      991       526       29342     290       52        127       127       1434      1         3         
1      549       738       29368     52        189       113       113       1713      1         2         
3      993       1413      29342     84        999       149       149       1727      1         2         
1      461       291       29341     189       87        147       147       1815      1         3         
1      277       437       29365     87        100       147       147       1993      1         3         
1      285       410       29370     299       52        0         0         0         0         0         
1      875       698       29370     291       189       0         0         0         0         0         
4      269       458       29371     127       52        0         0         0         0         0         
1      884       864       29371     290       290       0         0         0         0         0         
1      557       314       29371     189       119       0         0         0         0         0         
1      455       521       29371     52        52        0         0         0         0         0         
1      482       526       29371     189       52        0         0         0         0         0         
2      559       121       29371     189       57        0         0         0         0         0         
1      631       607       29371     189       189       0         0         0         0         0         
1      757       640       29372     131       131       0         0         0         0         0         
1      655       488       29372     189       199       0         0         0         0         0         
2      947       671       29372     290       280       0         0         0         0         0         
3      947       671       29372     290       280       0         0         0         0         0         
1      749       811       29372     290       290       0         0         0         0         0         
2      981       1024      29372     291       291       0         0         0         0         0         
1      441       722       29372     168       290       0         0         0         0         0         
1      582       815       29372     189       290       0         0         0         0         0         
1      858       628       29373     290       189       0         0         0         0         0         
1      945       415       29373     50        100       0         0         0         0         0         
1      886       795       29373     290       290       0         0         0         0         0         
1      1045      992       29373     291       290       0         0         0         0         0         
2      1087      1217      29374     291       84        0         0         0         0         0         
1      325       623       29374     299       280       0         0         0         0         0         
1      937       663       29374     291       131       0         0         0         0         0         
1      461       629       29374     189       189       0         0         0         0         0         
1      827       1530      29374     291       296       0         0         0         0         0         
1      771       399       29374     290       168       0         0         0         0         0         
3      1087      1217      29374     291       84        0         0         0         0         0         
1      584       579       29375     189       189       0         0         0         0         0         
1      416       693       29375     100       280       0         0         0         0         0         
1      433       504       29375     52        52        0         0         0         0         0         
1      533       97        29375     199       9         0         0         0         0         0         
1      462       552       29375     189       189       0         0         0         0         0         
1      162       334       29376     178       119       0         0         0         0         0         
1      338       436       29376     277       100       0         0         0         0         0         
1      1149      738       29376     291       189       0         0         0         0         0         
1      527       533       29376     52        199       0         0         0         0         0         
1      478       488       29376     52        199       0         0         0         0         0         
2      328       583       29377     299       189       0         0         0         0         0         
1      925       600       29377     290       280       0         0         0         0         0         
1      549       651       29377     52        189       0         0         0         0         0         
1      970       972       29377     290       290       0         0         0         0         0         
1      652       599       29378     189       280       0         0         0         0         0         
1      396       570       29378     119       52        0         0         0         0         0         
2      314       528       29378     119       52        0         0         0         0         0         
1      930       65        29378     999       98        0         0         0         0         0         
1      310       616       29379     127       131       0         0         0         0         0         
1      746       870       29379     290       291       0         0         0         0         0         
2      791       673       29379     290       189       0         0         0         0         0         
3      675       742       29379     189       290       0         0         0         0         0         
3      488       529       29379     199       189       0         0         0         0         0         
3      675       742       29379     189       290       0         0         0         0         0         
1      882       484       29379     290       189       0         0         0         0         0         
1      666       189       29380     131       286       0         0         0         0         0         
1      1025      675       29380     291       189       0         0         0         0         0         
2      887       97        29380     290       9         0         0         0         0         0         
1      397       292       29380     168       87        0         0         0         0         0         
1      1023      100       29380     291       57        0         0         0         0         0         
3      887       97        29380     290       9         0         0         0         0         0         
1      554       308       29381     189       127       0         0         0         0         0         
3      1068      1218      29381     291       84        0         0         0         0         0         
1      348       415       29381     299       100       0         0         0         0         0         
1      629       745       29381     189       290       0         0         0         0         0         
2      724       748       29382     290       290       0         0         0         0         0         
1      737       488       29382     189       199       0         0         0         0         0         
1      947       883       29382     290       290       0         0         0         0         0         
1      1127      1282      29382     291       192       0         0         0         0         0         
1      961       781       29383     291       291       0         0         0         0         0         
1      527       624       29383     52        189       0         0         0         0         0         
1      551       412       29384     189       52        0         0         0         0         0         
1      621       534       29384     280       199       0         0         0         0         0         
1      902       649       29385     50        189       0         0         0         0         0         
1      171       333       29385     286       119       0         0         0         0         0         
1      835       835       29385     290       290       0         0         0         0         0         
1      631       795       29385     189       290       0         0         0         0         0         
1      413       624       29385     52        189       0         0         0         0         0         
1      419       32        29386     168       98        0         0         0         0         0         
1      413       671       29386     52        280       0         0         0         0         0         
1      236       416       29386     87        100       0         0         0         0         0         
3      598       858       29386     189       290       0         0         0         0         0         
1      650       693       29387     189       280       0         0         0         0         0         
1      522       551       29387     52        189       0         0         0         0         0         
2      220       283       29387     87        299       0         0         0         0         0         
1      792       393       29387     290       52        0         0         0         0         0         
1      970       743       29387     290       290       0         0         0         0         0         
1      529       694       29388     189       189       0         0         0         0         0         
1      946       554       29388     290       189       0         0         0         0         0         
1      594       602       29388     131       189       0         0         0         0         0         
2      804       981       29388     291       291       0         0         0         0         0         
1      133       189       29388     9         286       0         0         0         0         0         
1      529       640       29388     189       131       0         0         0         0         0         
1      287       371       29388     299       52        0         0         0         0         0         
1      716       618       29388     189       131       0         0         0         0         0         
1      873       1045      29388     291       291       0         0         0         0         0         
1      662       652       29388     131       189       0         0         0         0         0         
1      653       772       29389     189       290       0         0         0         0         0         
1      599       616       29389     280       131       0         0         0         0         0         
1      679       1227      29389     290       192       0         0         0         0         0         
1      573       645       29389     189       280       0         0         0         0         0         
2      390       326       29389     52        299       0         0         0         0         0         
1      629       703       29389     189       290       0         0         0         0         0         
1      722       557       29389     290       189       0         0         0         0         0         
1      250       593       29390     127       52        0         0         0         0         0         
1      1433      1178      29390     129       84        0         0         0         0         0         
2      155       251       29390     286       127       0         0         0         0         0         
1      434       718       29391     52        189       0         0         0         0         0         
1      441       653       29391     168       189       0         0         0         0         0         
1      549       522       29391     52        52        0         0         0         0         0         
1      549       628       29391     52        189       0         0         0         0         0         
1      1068      961       29392     291       291       0         0         0         0         0         
1      925       992       29392     290       290       0         0         0         0         0         
2      1131      789       29392     291       290       0         0         0         0         0         
3      529       616       29392     189       131       0         0         0         0         0         
3      1066      827       29393     291       291       0         0         0         0         0         
3      1066      827       29393     291       291       0         0         0         0         0         
3      693       640       29393     280       131       0         0         0         0         0         
1      233       716       29394     206       189       0         0         0         0         0         
1      374       557       29394     119       189       0         0         0         0         0         
1      527       579       29394     52        189       0         0         0         0         0         
1      333       511       29394     119       199       0         0         0         0         0         
1      841       582       29394     290       189       0         0         0         0         0         
1      1413      1367      29394     999       999       0         0         0         0         0         
1      312       626       29394     87        189       0         0         0         0         0         
1      413       801       29394     52        291       0         0         0         0         0         
1      509       372       29395     199       119       0         0         0         0         0         
2      21        692       29395     98        280       0         0         0         0         0         
1      373       604       29395     119       189       0         0         0         0         0         
1      34        48        29395     98        98        0         0         0         0         0         
1      653       154       29395     189       286       0         0         0         0         0         
3      411       663       29395     52        131       0         0         0         0         0         
3      411       663       29395     52        131       0         0         0         0         0         
2      818       534       29396     290       199       0         0         0         0         0         
3      818       534       29396     290       199       0         0         0         0         0         
2      229       580       29396     266       189       0         0         0         0         0         
1      794       723       29396     290       290       0         0         0         0         0         
1      304       651       29396     299       189       0         0         0         0         0         
1      557       373       29396     189       119       0         0         0         0         0         
1      739       603       29397     189       189       0         0         0         0         0         
1      533       511       29397     199       199       0         0         0         0         0         
3      959       1021      29397     291       291       0         0         0         0         0         
1      444       629       29397     168       189       0         0         0         0         0         
1      737       648       29397     189       189       0         0         0         0         0         
1      330       333       29397     127       119       0         0         0         0         0         
1      664       531       29397     131       189       0         0         0         0         0         
1      253       336       29398     206       277       0         0         0         0         0         
1      1132      717       29398     291       189       0         0         0         0         0         
1      118       116       29398     286       9         0         0         0         0         0         
1      677       602       29399     189       189       0         0         0         0         0         
1      827       892       29399     291       291       0         0         0         0         0         
3      743       602       29399     290       189       0         0         0         0         0         
1      228       228       29399     266       266       0         0         0         0         0         
3      743       602       29399     290       189       0         0         0         0         0         
1      723       781       29399     290       291       0         0         0         0         0         
