COLUMNS

passenger_count
pickup_ID
dropoff_ID
request_time_sec
pickup_time_sec
pickup_depart_sec
vehicle_ID
pickup_district
dropoff_district
position

REQUESTS_INFO
1      236       557       31009     31091     31121     11             87             189            1              
2      9         1248      30529     30610     30640     11             98             129            2              
1      21        990       30737     30780     30810     21             98             290            1              
1      47        651       31048     31111     31141     40             98             189            1              
3      905       1087      31048     31117     31147     98             290            291            1              
1      718       34        30797     30863     30893     113            189            98             1              
1      484       969       30948     31022     31052     115            189            290            1              
1      253       481       30988     31081     31111     118            206            189            1              
1      836       580       30961     31059     31089     134            290            189            2              
1      836       599       31022     31089     31119     134            290            280            3              
1      621       924       30929     30969     30999     140            280            290            1              
1      925       692       30706     30803     30833     145            290            280            1              
1      692       35        30911     31001     31031     158            280            98             1              
1      314       557       30806     30922     30952     162            119            189            1              
1      134       138       30992     31066     31096     169            9              57             1              
2      628       97        30744     30813     30843     171            189            9              1              
1      526       129       31040     31109     31139     183            52             178            1              
1      597       238       30952     31054     31084     186            131            87             1              
1      189       675       30958     30990     31020     189            286            189            1              
1      478       1252      30866     30959     30989     209            52             129            1              
1      599       671       31001     31106     31136     210            280            280            1              
2      416       10        30940     31081     31111     214            100            98             1              
1      255       172       30982     31105     31135     215            87             286            1              
1      418       510       31033     31109     31139     216            168            199            1              
1      667       603       30985     31055     31085     221            131            189            1              
1      237       557       30826     30870     30900     227            87             189            1              
1      237       485       30752     30840     30870     227            87             189            2              
3      274       504       30922     30995     31025     233            87             52             1              
1      336       251       30963     31070     31100     234            277            127            1              
1      727       332       30937     30993     31023     237            290            87             1              
1      652       992       30979     31080     31110     240            189            290            1              
1      252       530       31013     31135     31165     251            206            189            1              
3      814       969       31009     31109     31139     254            290            290            1              
1      907       722       30831     30920     30950     255            290            290            1              
1      887       550       30938     31008     31038     255            290            189            2              
3      277       421       30925     30994     31024     256            87             168            1              
1      643       884       30944     31029     31059     257            131            290            1              
1      287       532       30999     31127     31157     266            299            199            1              
1      969       876       31036     31115     31145     272            290            50             1              
1      527       511       30944     30990     31020     275            52             199            1              
1      527       718       30994     31050     31080     275            52             189            2              
1      527       722       30964     31020     31050     275            52             290            3              
1      527       922       31023     31080     31110     275            52             50             4              
1      277       253       31001     31103     31133     279            87             206            1              
1      306       277       30929     31027     31057     285            299            87             1              
1      287       604       31017     31099     31129     285            299            189            2              
1      668       1281      30755     30839     30869     288            280            192            1              
1      549       10        31005     31050     31080     295            52             98             1              
1      297       214       30876     30931     30961     297            277            207            1              
1      556       685       30884     30952     30982     301            199            999            1              
1      303       719       31025     31080     31110     302            299            189            1              
1      396       526       30981     31040     31070     303            119            52             1              
1      436       602       30853     30933     30963     305            100            189            1              
1      349       392       30916     31013     31043     308            127            52             1              
1      369       527       30978     31105     31135     308            52             52             2              
1      349       724       30982     31043     31073     308            127            290            3              
1      291       581       30998     31141     31171     310            87             189            1              
2      332       504       30866     30942     30972     312            87             52             1              
1      311       527       30902     31030     31060     312            87             52             2              
1      220       268       31001     31083     31113     316            87             299            1              
3      747       720       30995     31087     31117     328            290            290            1              
1      369       441       30982     31107     31137     331            52             168            1              
1      419       395       31016     31095     31125     332            168            100            1              
1      441       623       30925     31038     31068     332            168            280            2              
2      350       325       30923     31053     31083     333            127            299            1              
1      314       550       30989     31108     31138     334            119            189            1              
1      621       1088      30896     30949     30979     336            280            291            1              
2      527       829       30909     30960     30990     349            52             50             1              
1      354       1345      30835     30908     30938     352            119            129            1              
1      860       1116      30850     30968     30998     354            290            84             1              
3      599       395       30923     31039     31069     360            280            100            1              
3      916       759       31016     31118     31148     362            291            131            1              
1      916       172       30994     31088     31118     362            291            286            2              
1      365       675       31042     31080     31110     365            299            189            1              
1      992       395       30738     30780     30810     371            290            100            1              
1      483       718       30973     31091     31121     387            189            189            1              
1      276       417       30962     31042     31072     388            87             100            1              
1      757       718       31011     31092     31122     389            131            189            1              
3      476       527       30962     31105     31135     392            52             52             1              
3      395       558       30993     31126     31156     395            100            189            1              
4      441       389       30976     31105     31135     397            168            299            1              
3      814       969       31009     31119     31149     398            290            290            1              
1      357       559       30987     31110     31140     400            277            189            1              
1      486       698       31022     31080     31110     405            199            189            1              
1      486       905       31036     31110     31140     405            199            290            2              
3      350       325       30923     31028     31058     406            127            299            1              
1      354       170       31014     31146     31176     406            119            286            2              
1      524       416       30994     31110     31140     407            52             100            1              
1      771       699       30962     31041     31071     419            290            290            1              
2      748       652       30924     31001     31031     419            290            189            2              
2      441       369       30762     30864     30894     420            168            52             1              
1      679       627       31018     31062     31092     421            290            189            1              
1      679       556       30941     31032     31062     421            290            199            2              
1      862       527       30894     30936     30966     427            290            52             1              
2      429       526       31042     31101     31131     429            999            52             1              
1      817       373       30907     31006     31036     433            290            119            1              
3      722       504       30800     30871     30901     434            290            52             1              
1      628       526       31041     31126     31156     434            189            52             2              
1      435       698       30982     31118     31148     436            52             189            1              
3      715       876       31043     31118     31148     438            131            50             1              
1      462       768       31038     31116     31146     440            189            290            1              
2      817       649       30939     31041     31071     443            290            189            1              
1      582       532       30990     31050     31080     444            189            199            1              
1      535       504       31044     31104     31134     444            189            52             2              
1      605       616       30899     30930     30960     445            189            131            1              
1      452       598       30934     30990     31020     452            52             189            1              
1      455       701       31019     31089     31119     455            52             290            1              
3      479       325       30977     31093     31123     456            52             299            1              
1      887       530       31040     31131     31161     462            290            189            1              
3      441       628       30950     31058     31088     464            168            189            1              
1      441       511       31032     31088     31118     464            168            199            2              
1      780       31        30919     30983     31013     472            291            9              1              
1      894       372       30830     30895     30925     481            291            119            1              
3      410       996       30777     30870     30900     483            52             84             1              
1      487       727       30881     30930     30960     487            199            290            1              
1      487       257       30998     31091     31121     488            199            87             1              
1      794       352       30878     30992     31022     492            290            119            1              
1      487       504       31034     31125     31155     495            199            52             1              
1      816       332       30904     30997     31027     509            290            87             1              
2      747       720       30995     31112     31142     511            290            290            1              
2      768       599       30964     31026     31056     511            290            280            2              
1      1003      1206      30939     31062     31092     515            291            192            1              
1      1045      1217      31029     31123     31153     515            291            84             2              
1      905       394       30917     30991     31021     518            290            100            1              
1      556       608       30882     30948     30978     521            199            189            1              
3      1005      535       30848     30920     30950     522            50             189            1              
1      759       526       30971     31075     31105     523            131            52             1              
1      817       983       30912     31019     31049     526            290            291            1              
4      552       739       31009     31106     31136     530            189            189            1              
1      484       534       31045     31101     31131     537            189            199            1              
2      484       768       30973     31071     31101     537            189            290            2              
1      695       973       30869     30910     30940     539            189            84             1              
1      606       837       30985     31082     31112     540            189            290            1              
1      418       1023      30889     31002     31032     541            168            291            1              
3      549       509       30882     30930     30960     542            52             199            1              
1      499       309       30974     31086     31116     544            52             127            1              
1      545       719       31048     31080     31110     545            52             189            1              
1      596       458       31037     31197     31227     548            131            52             1              
1      459       578       30968     31085     31115     549            189            189            1              
1      811       350       30721     30823     30853     559            290            127            1              
1      484       677       30896     30952     30982     563            189            189            1              
1      484       858       30921     30982     31012     563            189            290            2              
1      1044      923       30933     31028     31058     570            291            290            1              
1      1065      1054      31004     31074     31104     570            291            84             2              
1      771       598       30723     30782     30812     571            290            189            1              
1      663       410       31038     31097     31127     573            131            52             1              
1      455       453       30945     31047     31077     580            52             52             1              
1      457       357       30962     31109     31139     580            52             277            2              
1      859       721       30960     31068     31098     595            290            290            1              
1      859       628       31044     31098     31128     595            290            189            2              
1      598       580       31034     31080     31110     598            189            189            1              
1      598       1068      31013     31050     31080     598            189            291            2              
3      968       557       30827     30957     30987     599            290            189            1              
1      621       45        31042     31117     31147     600            280            98             1              
2      760       874       30941     31050     31080     607            291            291            1              
2      760       804       30993     31080     31110     607            291            291            2              
1      621       506       30790     30890     30920     609            280            189            1              
1      645       212       30898     30978     31008     609            280            266            2              
1      655       727       30989     31062     31092     610            189            290            1              
3      726       621       31044     31154     31184     610            290            280            2              
1      836       331       30875     30969     30999     612            290            127            1              
3      723       685       30922     30999     31029     613            290            999            1              
1      721       718       30950     31025     31055     624            290            189            1              
1      676       551       31009     31090     31120     624            189            189            2              
3      628       558       31037     31132     31162     630            189            189            1              
1      628       10        31025     31102     31132     630            189            98             2              
1      643       367       31006     31100     31130     644            131            299            1              
1      652       508       30909     30971     31001     652            189            199            1              
1      702       597       30691     30800     30830     654            290            131            1              
1      549       531       31029     31136     31166     654            52             189            2              
1      549       923       31020     31106     31136     654            52             290            3              
1      484       1139      30758     30813     30843     657            189            84             1              
1      527       789       30969     31020     31050     663            52             290            1              
3      646       527       31027     31153     31183     665            280            52             1              
1      621       710       31045     31080     31110     673            280            131            2              
1      922       679       31028     31138     31168     675            50             290            1              
3      903       656       30982     31063     31093     675            290            290            2              
1      795       328       30935     31019     31049     682            290            299            1              
1      642       417       30857     30919     30949     685            131            100            1              
1      642       209       30925     31008     31038     688            131            266            1              
1      769       582       30823     30940     30970     697            290            189            1              
1      728       792       31032     31106     31136     697            290            290            2              
2      1003      558       30781     30898     30928     706            291            189            1              
1      718       97        30831     30886     30916     711            189            9              1              
3      864       679       31003     31094     31124     712            290            290            1              
1      712       769       31008     31094     31124     713            131            290            1              
3      715       876       31043     31131     31161     716            131            50             1              
1      644       718       30736     30851     30881     717            131            189            1              
3      715       914       31041     31139     31169     717            131            291            2              
1      857       677       30846     30977     31007     719            290            189            1              
1      884       720       31044     31106     31136     719            290            290            2              
3      356       573       30899     31027     31057     722            119            189            1              
1      723       605       30839     30902     30932     726            290            189            1              
1      1148      1268      31035     31122     31152     738            291            129            1              
3      736       530       30908     30975     31005     739            131            189            1              
1      904       628       30989     31055     31085     746            290            189            1              
1      731       662       30993     31096     31126     756            131            131            1              
2      731       526       30985     31066     31096     756            131            52             2              
3      760       628       30951     31065     31095     757            291            189            1              
1      760       556       30993     31095     31125     757            291            199            2              
1      722       485       31022     31121     31151     764            290            189            1              
2      768       739       31023     31102     31132     767            290            189            1              
1      768       529       30926     30982     31012     768            290            189            1              
1      771       1011      31014     31095     31125     771            290            84             1              
1      817       527       30928     31034     31064     772            290            52             1              
1      749       632       30992     31106     31136     773            290            189            1              
1      756       719       31036     31097     31127     777            131            189            1              
1      1087      794       30817     30920     30950     778            291            290            1              
1      689       389       30933     31032     31062     781            131            299            1              
1      722       535       30911     30994     31024     786            290            189            1              
3      673       882       30976     31083     31113     786            189            290            2              
3      936       365       31022     31141     31171     787            291            299            1              
3      549       509       30882     30969     30999     788            52             199            1              
1      812       557       30697     30785     30815     789            290            189            1              
1      767       439       30864     30918     30948     789            290            189            2              
1      409       556       30724     30821     30851     790            52             199            1              
1      582       372       30917     30960     30990     792            189            119            1              
1      905       504       30719     30769     30799     793            290            52             1              
3      815       677       30993     31113     31143     796            290            189            1              
1      817       654       30973     31061     31091     796            290            189            2              
1      992       643       30927     31014     31044     798            290            131            1              
1      397       581       31027     31114     31144     799            168            189            1              
1      893       738       30995     31106     31136     801            291            189            1              
1      894       674       30960     31044     31074     801            291            189            2              
1      715       269       30875     30942     30972     806            131            127            1              
1      914       528       30851     30921     30951     808            291            52             1              
1      484       698       31041     31120     31150     809            189            189            1              
3      484       881       31003     31090     31120     809            189            290            2              
1      526       622       31037     31098     31128     812            52             280            1              
1      813       559       30791     30900     30930     814            290            189            1              
2      817       969       31001     31082     31112     818            290            290            2              
1      819       948       31013     31081     31111     820            999            290            1              
2      873       972       31033     31108     31138     830            291            290            1              
3      833       189       30757     30871     30901     833            50             286            1              
1      908       1218      30986     31106     31136     843            290            84             1              
2      827       479       30809     30880     30910     851            291            52             1              
1      829       650       31039     31093     31123     853            50             189            1              
1      829       833       31003     31063     31093     853            50             50             2              
2      217       850       31010     31087     31117     857            87             291            1              
2      463       884       30793     30877     30907     858            168            290            1              
1      904       968       31038     31123     31153     860            290            290            1              
1      925       873       30931     31022     31052     860            290            291            2              
2      925       891       30966     31052     31082     860            290            291            3              
1      945       308       30819     30938     30968     862            50             127            1              
1      619       711       30947     31052     31082     868            131            131            1              
1      618       696       31032     31092     31122     868            131            189            2              
3      628       558       31037     31115     31145     870            189            189            1              
1      653       781       31036     31107     31137     871            189            291            1              
1      827       777       30961     31065     31095     872            291            131            1              
3      936       365       31022     31156     31186     872            291            299            2              
1      1048      666       31049     31120     31150     876            291            131            1              
1      861       701       30748     30849     30879     884            290            290            1              
1      926       443       30705     30787     30817     891            290            168            1              
1      906       415       30785     30865     30895     891            290            100            2              
1      607       479       31015     31093     31123     893            189            52             1              
1      875       1010      30870     30993     31023     897            291            290            1              
1      992       373       30696     30756     30786     899            290            119            1              
3      416       556       30979     31088     31118     900            100            199            1              
1      861       170       30706     30783     30813     901            290            286            1              
1      603       98        30868     30921     30951     903            189            98             1              
1      481       903       30878     30954     30984     905            189            290            1              
2      991       723       31036     31154     31184     912            290            290            1              
1      804       673       31043     31096     31126     919            291            189            1              
2      924       157       31049     31114     31144     923            290            54             1              
2      332       526       30904     31061     31091     925            87             52             1              
1      332       858       31021     31091     31121     925            87             290            2              
1      818       436       30697     30835     30865     928            290            100            1              
1      431       304       31035     31096     31126     934            52             299            1              
1      916       474       30784     30883     30913     935            291            52             1              
2      332       97        31034     31172     31202     936            87             9              1              
1      891       1010      31029     31142     31172     954            291            290            1              
1      959       1227      30932     31027     31057     958            291            192            1              
1      959       726       30840     30907     30937     959            291            290            1              
1      304       371       31034     31112     31142     966            299            52             1              
3      325       531       30962     31057     31087     966            299            189            2              
1      815       628       30884     31004     31034     968            290            189            1              
1      816       397       30962     31046     31076     968            290            168            2              
1      505       584       30755     30859     30889     971            52             189            1              
3      888       373       30510     30624     30654     976            290            119            1              
1      395       434       30993     31095     31125     976            100            52             2              
1      925       34        30643     30752     30782     993            290            98             1              
1      972       188       30830     30918     30948     995            290            286            1              
1      992       925       30969     31099     31129     996            290            290            1              
1      549       839       31043     31116     31146     1002           52             290            1              
2      578       766       30973     31065     31095     1005           189            290            1              
1      904       914       31000     31102     31132     1007           290            291            1              
1      851       837       30840     30900     30930     1009           291            290            1              
1      1086      758       30740     30871     30901     1023           291            131            1              
1      1065      720       30839     30916     30946     1023           291            290            2              
1      991       648       30952     31036     31066     1024           290            189            1              
1      970       851       31004     31090     31120     1024           290            291            2              
3      578       766       30973     31068     31098     1028           189            290            1              
1      596       399       31031     31205     31235     1034           131            168            1              
1      1065      533       30675     30777     30807     1042           291            199            1              
2      862       527       31014     31112     31142     1042           290            52             2              
1      702       937       30841     30900     30930     1043           290            291            1              
1      702       1530      30873     30930     30960     1043           290            296            2              
3      1044      680       30833     30917     30947     1044           291            290            1              
2      760       628       30951     31055     31085     1056           291            189            1              
1      884       740       30977     31051     31081     1057           290            50             1              
3      905       1087      31048     31085     31115     1057           290            291            2              
1      1078      328       31044     31129     31159     1058           84             299            1              
1      971       696       30933     31045     31075     1060           290            189            1              
1      992       252       31009     31121     31151     1060           290            206            2              
2      1021      905       31045     31155     31185     1064           291            290            1              
3      768       739       31023     31140     31170     1065           290            189            1              
3      1000      904       30878     31005     31035     1067           291            290            1              
1      961       694       30981     31087     31117     1067           291            189            2              
1      1068      598       30964     31097     31127     1068           291            189            1              
1      1096      557       30864     30921     30951     1076           84             189            1              
2      441       324       30800     30904     30934     1078           168            299            1              
1      1097      386       30789     30913     30943     1079           84             299            1              
1      1000      673       30665     30781     30811     1085           291            189            1              
3      458       552       31025     31080     31110     1090           52             189            1              
1      1148      959       30978     31044     31074     1092           291            291            1              
1      1128      1670      31013     31088     31118     1092           291            142            2              
3      680       535       30935     31055     31085     1094           290            189            1              
1      701       557       31021     31128     31158     1094           290            189            2              
1      1097      925       31000     31117     31147     1099           84             290            1              
3      628       97        30744     30816     30846     1105           189            9              1              
2      1107      850       31028     31080     31110     1107           291            291            1              
1      1044      559       30646     30741     30771     1109           291            189            1              
2      1107      579       30912     31017     31047     1110           291            189            1              
1      1109      1046      30960     31089     31119     1112           291            291            1              
1      644       116       30938     31062     31092     1114           131            9              1              
1      836       685       30937     31012     31042     1115           290            999            1              
1      389       351       30897     30930     30960     1116           299            52             1              
1      409       354       30898     30990     31020     1116           52             119            2              
1      390       313       30975     31087     31117     1116           52             87             3              
1      1024      411       30966     31111     31141     1125           291            52             1              
1      1066      895       30923     31009     31039     1126           291            291            1              
2      1023      913       30952     31062     31092     1126           291            291            2              
1      961       620       31044     31145     31175     1126           291            131            3              
1      1107      1015      30937     31053     31083     1127           291            84             1              
1      723       925       30921     31011     31041     1128           290            290            1              
1      1128      826       30836     30905     30935     1129           291            291            1              
1      835       461       31005     31093     31123     1131           290            189            1              
1      701       271       30881     30969     30999     1142           290            127            1              
3      991       723       31036     31137     31167     1147           290            290            1              
2      1021      527       31011     31126     31156     1153           291            52             1              
1      738       504       31004     31101     31131     1159           189            52             1              
2      731       621       31046     31140     31170     1170           131            280            1              
2      731       615       31034     31110     31140     1170           131            131            2              
1      758       481       31041     31113     31143     1186           131            189            1              
1      1187      737       30915     30998     31028     1190           291            189            1              
1      505       606       31000     31050     31080     1199           52             189            1              
1      505       768       31017     31080     31110     1199           52             290            2              
3      1119      377       30968     31043     31073     1201           84             168            1              
1      1192      599       30927     30993     31023     1211           129            280            1              
1      1172      434       30988     31062     31092     1211           129            52             2              
2      985       946       30958     31043     31073     1227           50             290            1              
2      1005      1010      30960     31082     31112     1227           50             290            2              
1      794       791       30985     31062     31092     1236           290            290            1              
3      794       413       31002     31092     31122     1236           290            52             2              
1      767       628       30980     31020     31050     1248           290            189            1              
2      813       238       30994     31109     31139     1248           290            87             2              
1      1271      663       30924     30960     30990     1271           129            131            1              
1      287       200       31014     31109     31139     1294           299            87             1              
1      859       507       30862     30931     30961     1355           290            189            1              
1      511       214       30957     31027     31057     1370           199            207            1              
1      20        903       30560     30600     30630     1725           98             290            1              
2      46        153       31011     31119     31149     1763           98             286            1              
1      317       652       30984     31112     31142     1765           277            189            1              
1      749       291       30861     30943     30973     1766           290            87             1              
1      62        578       30950     30990     31020     1780           98             189            1              
1      369       505       30989     31102     31132     1783           52             52             1              
1      333       486       30958     31054     31084     1795           119            199            1              
1      332       415       31032     31111     31141     1795           87             100            2              
1      718       582       30996     31080     31110     1815           189            189            1              
1      453       686       30992     31088     31118     1843           52             131            1              
1      861       349       30951     31014     31044     1853           290            127            1              
1      864       1010      30872     30955     30985     1861           290            290            1              
1      311       458       30716     30813     30843     1876           87             52             1              
1      948       790       30859     30946     30976     1889           290            290            1              
1      948       475       30796     30916     30946     1889           290            52             2              
2      180       157       31023     31080     31110     1898           178            54             1              
1      171       721       31024     31093     31123     1907           286            290            1              
1      397       375       31037     31133     31163     1913           168            119            1              
1      313       781       30945     31063     31093     1914           87             291            1              
2      216       229       31026     31154     31184     1917           178            266            1              
1      459       409       31004     31088     31118     1919           189            52             1              
1      369       170       31016     31112     31142     1927           52             286            1              
1      354       621       30932     30991     31021     1930           119            280            1              
1      354       694       30854     30961     30991     1930           119            189            2              
2      235       719       31001     31119     31149     1934           87             189            1              
3      395       558       30993     31140     31170     1939           100            189            1              
1      230       354       31011     31110     31140     1950           266            119            1              
1      433       559       30700     30798     30828     1953           52             189            1              
2      274       504       30922     31032     31062     1954           87             52             1              
1      293       527       30992     31082     31112     1954           87             52             2              
1      256       458       30949     31022     31052     1955           87             52             1              
3      235       719       31001     31109     31139     1955           87             189            2              
2      904       582       30664     30761     30791     1956           290            189            1              
3      715       914       31041     31138     31168     1958           131            291            1              
2      864       679       31003     31094     31124     1959           290            290            1              
1      909       698       30986     31037     31067     1959           290            189            2              
1      247       1056      30929     30960     30990     1965           266            84             1              
3      557       903       30925     30972     31002     1966           189            290            1              
1      694       346       30829     30887     30917     1967           189            299            1              
2      598       605       30833     30931     30961     1972           189            189            1              
1      710       158       31033     31118     31148     1972           131            174            2              
2      336       557       30751     30838     30868     1990           277            189            1              
2      646       117       30880     31004     31034     1995           280            286            1              
3      258       777       30725     30814     30844     1996           87             131            1              
1      376       134       30767     30905     30935     1998           168            9              1              
