COLUMNS

passenger_count
pickup_ID
dropoff_ID
request_time_sec
pickup_district
dropoff_district
LDuals
IDuals
vehicle_ID
pick_position
drop_position

REQUESTS_INFO
2      909       603       28590     290       189       479       479       1         1         4         
1      909       741       28887     290       50        171       171       1         2         3         
1      355       249       28866     119       266       188       188       37        1         3         
3      455       526       28884     52        52        169       169       59        1         2         
3      716       31        28874     189       9         114       114       72        1         2         
2      968       668       28829     290       280       255       255       73        1         2         
1      949       1199      28871     290       84        197       197       88        1         2         
2      350       597       28848     127       131       251       251       98        1         3         
3      457       410       28871     52        52        168       168       105       1         2         
3      662       651       28870     131       189       168       168       119       1         3         
1      398       310       28863     168       127       200       200       122       1         2         
3      1107      484       28794     291       189       315       315       124       1         2         
1      1319      778       28666     129       131       351       351       125       1         3         
3      368       351       28875     299       52        198       198       135       1         2         
1      771       651       28883     290       189       131       131       142       1         4         
1      336       48        28850     277       98        240       240       150       1         3         
2      1503      719       28884     296       189       139       139       156       1         2         
1      275       484       28829     87        189       280       280       182       1         3         
1      1088      1189      28776     291       192       326       326       207       1         2         
1      864       984       28838     290       291       226       226       209       1         3         
1      309       374       28845     127       119       241       241       212       1         3         
3      338       317       28804     277       277       267       267       225       1         2         
1      408       284       28877     299       299       156       156       236       1         2         
3      217       653       28750     87        189       319       319       243       1         2         
1      1091      742       28865     291       290       250       250       249       1         2         
1      236       581       28764     87        189       297       297       253       1         3         
1      968       674       28735     290       189       344       344       276       1         2         
2      749       680       28866     290       290       141       141       287       1         2         
1      888       671       28883     290       280       142       142       288       1         4         
3      1090      673       28592     291       189       582       582       308       1         3         
1      330       556       28886     127       199       203       203       319       1         3         
1      356       508       28875     119       199       241       241       337       1         2         
2      345       535       28866     299       189       176       176       344       1         2         
3      906       628       28773     290       189       321       321       358       1         3         
1      906       693       28840     290       280       246       246       358       2         4         
1      418       581       28869     168       189       166       166       381       1         3         
1      816       602       28813     290       189       222       222       395       1         3         
2      368       351       28875     299       52        198       198       405       1         2         
1      78        9         28888     9         98        89        89        424       1         2         
4      992       924       28699     290       290       389       389       483       1         2         
3      1109      982       28677     291       291       489       489       501       1         2         
1      924       417       28828     290       100       205       205       519       1         3         
2      455       526       28884     52        52        169       169       558       1         2         
3      841       631       28602     290       189       478       478       569       1         3         
1      133       48        28884     9         98        103       103       624       1         2         
1      1004      981       28749     291       291       369       369       651       1         2         
2      621       719       28885     280       189       116       116       694       1         2         
1      906       909       28855     290       290       228       228       695       1         2         
1      839       857       28869     290       290       212       212       698       1         2         
2      909       192       28537     290       266       521       521       704       1         4         
1      909       816       28846     290       290       223       223       704       2         3         
1      882       600       28866     290       280       165       165       708       1         4         
3      884       629       28867     290       189       197       197       708       2         3         
3      857       962       28876     290       291       165       165       714       2         4         
3      937       964       28875     291       50        186       186       730       1         2         
1      253       116       28835     206       9         215       215       794       1         3         
3      371       558       28871     52        189       192       192       812       1         3         
1      771       940       28854     290       291       160       160       822       1         3         
1      771       951       28824     290       290       190       190       854       1         3         
1      792       676       28822     290       189       207       207       858       1         2         
1      582       35        28865     189       98        110       110       891       1         2         
2      783       1211      28872     50        129       110       110       896       1         3         
1      981       1005      28883     291       50        189       189       917       1         2         
3      1094      1273      28880     84        84        238       238       919       1         2         
3      816       371       28872     290       52        166       166       922       1         3         
3      909       884       28567     290       290       502       502       932       1         2         
1      904       1031      28835     290       50        191       191       946       1         5         
1      236       399       28879     87        168       182       182       966       1         2         
3      512       817       28870     199       290       117       117       971       1         3         
1      352       134       28876     119       9         147       147       976       1         3         
1      969       649       28862     290       189       188       188       982       1         3         
1      1187      602       28861     291       189       208       208       997       1         4         
1      1187      1087      28869     291       291       200       200       997       2         3         
2      330       648       28804     127       189       285       285       1016      1         3         
2      330       721       28787     127       290       302       302       1016      2         4         
1      927       507       28882     290       189       215       215       1017      1         3         
1      926       416       28698     290       100       403       403       1050      1         4         
1      415       247       28874     100       266       122       122       1069      1         4         
4      1065      896       28435     291       291       664       664       1076      1         2         
1      888       748       28811     290       290       234       234       1077      1         3         
1      866       582       28590     290       189       504       504       1077      2         4         
2      857       962       28876     290       291       165       165       1079      1         2         
1      1000      645       28830     291       280       246       246       1117      1         2         
1      215       212       28796     178       266       246       246       1118      1         2         
1      863       531       28821     290       189       254       254       1123      1         3         
1      814       497       28828     290       999       146       146       1124      1         5         
1      1151      1218      28719     291       84        365       365       1141      1         3         
2      884       629       28867     290       189       197       197       1167      1         2         
2      371       558       28871     52        189       192       192       1168      2         3         
1      201       581       28838     87        189       177       177       1172      1         3         
1      623       312       28872     280       87        132       132       1184      1         3         
1      905       675       28872     290       189       188       188       1190      2         3         
1      791       651       28850     290       189       184       184       1205      1         2         
1      915       673       28889     291       189       137       137       1211      1         2         
1      1088      1227      28840     291       192       262       262       1213      1         3         
3      937       964       28875     291       50        186       186       1253      1         2         
1      926       536       28867     290       189       234       234       1258      1         3         
3      926       287       28848     290       299       253       253       1262      1         2         
3      909       396       28704     290       119       365       365       1278      1         4         
1      909       651       28835     290       189       234       234       1278      2         3         
3      1128      1011      28853     291       84        255       255       1279      1         4         
1      1128      1208      28867     291       192       212       212       1279      2         3         
2      857       528       28847     290       52        194       194       1326      1         3         
1      317       504       28840     277       52        281       281       1342      1         3         
3      1106      576       28814     291       189       297       297       1348      1         3         
1      861       720       28834     290       290       242       242       1387      1         2         
3      949       984       28776     290       291       292       292       1421      2         4         
1      78        351       28875     9         52        102       102       1429      1         2         
3      1503      719       28884     296       189       139       139       1437      1         2         
2      1684      568       28885     142       52        173       173       1438      1         3         
3      622       604       28860     280       189       138       138       1465      1         3         
1      838       600       28881     290       280       173       173       1482      1         4         
1      549       672       28890     52        189       0         0         0         0         0         
1      398       532       28890     168       199       0         0         0         0         0         
1      605       128       28891     189       178       0         0         0         0         0         
1      1014      882       28891     84        290       0         0         0         0         0         
1      580       742       28891     189       290       0         0         0         0         0         
1      836       699       28892     290       290       0         0         0         0         0         
1      969       417       28892     290       100       0         0         0         0         0         
1      816       116       28892     290       9         0         0         0         0         0         
1      841       606       28892     290       189       0         0         0         0         0         
1      748       699       28892     290       290       0         0         0         0         0         
1      694       116       28892     189       9         0         0         0         0         0         
1      498       234       28892     52        87        0         0         0         0         0         
2      399       598       28893     168       189       0         0         0         0         0         
1      859       722       28893     290       290       0         0         0         0         0         
3      549       695       28893     52        189       0         0         0         0         0         
1      485       802       28893     189       291       0         0         0         0         0         
1      556       116       28893     199       9         0         0         0         0         0         
2      368       520       28893     299       52        0         0         0         0         0         
3      508       415       28894     199       100       0         0         0         0         0         
1      355       488       28894     119       199       0         0         0         0         0         
1      579       291       28894     189       87        0         0         0         0         0         
3      508       415       28894     199       100       0         0         0         0         0         
1      791       582       28894     290       189       0         0         0         0         0         
2      1217      1264      28894     84        192       0         0         0         0         0         
1      745       650       28895     290       189       0         0         0         0         0         
3      834       695       28896     290       189       0         0         0         0         0         
1      527       696       28896     52        189       0         0         0         0         0         
3      274       349       28896     87        127       0         0         0         0         0         
3      770       601       28896     290       189       0         0         0         0         0         
3      274       349       28896     87        127       0         0         0         0         0         
3      770       601       28896     290       189       0         0         0         0         0         
3      834       695       28896     290       189       0         0         0         0         0         
3      560       858       28896     189       290       0         0         0         0         0         
2      560       858       28896     189       290       0         0         0         0         0         
1      745       852       28896     290       291       0         0         0         0         0         
1      458       392       28896     52        52        0         0         0         0         0         
1      861       622       28897     290       280       0         0         0         0         0         
3      862       674       28897     290       189       0         0         0         0         0         
2      862       674       28897     290       189       0         0         0         0         0         
1      851       693       28898     291       280       0         0         0         0         0         
3      731       526       28898     131       52        0         0         0         0         0         
1      946       859       28898     290       290       0         0         0         0         0         
3      761       768       28898     50        290       0         0         0         0         0         
3      761       768       28898     50        290       0         0         0         0         0         
1      946       413       28898     290       52        0         0         0         0         0         
1      368       577       28899     299       189       0         0         0         0         0         
1      559       485       28900     189       189       0         0         0         0         0         
1      436       421       28900     100       168       0         0         0         0         0         
1      458       398       28900     52        168       0         0         0         0         0         
4      397       413       28900     168       52        0         0         0         0         0         
1      1168      1090      28900     291       291       0         0         0         0         0         
1      768       769       28900     290       290       0         0         0         0         0         
2      601       409       28900     189       52        0         0         0         0         0         
3      677       811       28900     189       290       0         0         0         0         0         
3      677       811       28900     189       290       0         0         0         0         0         
1      621       669       28901     280       280       0         0         0         0         0         
1      888       678       28901     290       290       0         0         0         0         0         
2      850       141       28901     291       54        0         0         0         0         0         
3      850       141       28901     291       54        0         0         0         0         0         
1      675       793       28901     189       290       0         0         0         0         0         
1      771       47        28901     290       98        0         0         0         0         0         
1      790       722       28901     290       290       0         0         0         0         0         
1      509       248       28901     199       266       0         0         0         0         0         
1      603       923       28902     189       290       0         0         0         0         0         
1      1128      838       28902     291       290       0         0         0         0         0         
1      557       35        28902     189       98        0         0         0         0         0         
1      454       546       28902     52        52        0         0         0         0         0         
1      485       624       28902     189       189       0         0         0         0         0         
1      556       648       28902     199       189       0         0         0         0         0         
1      717       742       28902     189       290       0         0         0         0         0         
1      701       559       28903     290       189       0         0         0         0         0         
3      881       862       28904     290       290       0         0         0         0         0         
3      288       332       28904     127       87        0         0         0         0         0         
1      761       722       28904     50        290       0         0         0         0         0         
1      476       909       28904     52        290       0         0         0         0         0         
1      535       417       28904     189       100       0         0         0         0         0         
1      78        116       28904     9         9         0         0         0         0         0         
1      1170      982       28904     291       291       0         0         0         0         0         
4      451       546       28904     999       52        0         0         0         0         0         
1      884       770       28905     290       290       0         0         0         0         0         
1      184       124       28905     87        54        0         0         0         0         0         
3      438       462       28905     100       189       0         0         0         0         0         
3      438       462       28905     100       189       0         0         0         0         0         
1      630       535       28905     189       189       0         0         0         0         0         
1      643       556       28906     131       199       0         0         0         0         0         
1      463       606       28906     168       189       0         0         0         0         0         
1      692       697       28906     280       189       0         0         0         0         0         
1      398       233       28907     168       206       0         0         0         0         0         
2      969       672       28907     290       189       0         0         0         0         0         
3      556       671       28907     199       280       0         0         0         0         0         
2      640       118       28907     131       286       0         0         0         0         0         
1      654       580       28908     189       189       0         0         0         0         0         
2      410       503       28908     52        52        0         0         0         0         0         
1      668       742       28908     280       290       0         0         0         0         0         
1      827       578       28908     291       189       0         0         0         0         0         
1      675       727       28908     189       290       0         0         0         0         0         
1      882       460       28908     290       189       0         0         0         0         0         
2      334       119       28908     119       286       0         0         0         0         0         
3      334       119       28908     119       286       0         0         0         0         0         
1      1148      1065      28908     291       291       0         0         0         0         0         
2      22        109       28909     98        178       0         0         0         0         0         
1      486       676       28909     199       189       0         0         0         0         0         
3      757       718       28910     131       189       0         0         0         0         0         
3      757       718       28910     131       189       0         0         0         0         0         
1      895       1002      28910     291       291       0         0         0         0         0         
1      577       652       28910     189       189       0         0         0         0         0         
1      646       671       28910     280       280       0         0         0         0         0         
1      458       604       28911     52        189       0         0         0         0         0         
1      913       924       28911     291       290       0         0         0         0         0         
2      680       377       28911     290       168       0         0         0         0         0         
3      852       670       28911     291       280       0         0         0         0         0         
3      852       670       28911     291       280       0         0         0         0         0         
1      583       556       28912     189       199       0         0         0         0         0         
2      670       19        28912     280       98        0         0         0         0         0         
3      670       19        28912     280       98        0         0         0         0         0         
3      31        116       28912     9         9         0         0         0         0         0         
3      31        116       28912     9         9         0         0         0         0         0         
1      578       649       28913     189       189       0         0         0         0         0         
2      760       507       28913     291       189       0         0         0         0         0         
1      155       625       28913     286       189       0         0         0         0         0         
1      618       691       28913     131       131       0         0         0         0         0         
1      719       554       28913     189       189       0         0         0         0         0         
1      408       415       28913     299       100       0         0         0         0         0         
1      306       194       28914     299       207       0         0         0         0         0         
1      523       210       28914     52        266       0         0         0         0         0         
1      837       396       28914     290       119       0         0         0         0         0         
1      817       485       28914     290       189       0         0         0         0         0         
1      61        35        28914     98        98        0         0         0         0         0         
2      559       236       28915     189       87        0         0         0         0         0         
1      981       1432      28915     291       129       0         0         0         0         0         
2      882       393       28915     290       52        0         0         0         0         0         
1      34        328       28915     98        299       0         0         0         0         0         
1      582       507       28915     189       189       0         0         0         0         0         
1      375       511       28915     119       199       0         0         0         0         0         
1      487       649       28915     199       189       0         0         0         0         0         
3      513       671       28915     199       280       0         0         0         0         0         
2      513       671       28915     199       280       0         0         0         0         0         
1      1187      981       28915     291       291       0         0         0         0         0         
1      621       692       28916     280       280       0         0         0         0         0         
1      481       621       28916     189       280       0         0         0         0         0         
1      813       628       28916     290       189       0         0         0         0         0         
1      772       609       28916     290       189       0         0         0         0         0         
1      1003      483       28916     291       189       0         0         0         0         0         
1      692       45        28916     280       98        0         0         0         0         0         
1      389       523       28916     299       52        0         0         0         0         0         
1      549       717       28916     52        189       0         0         0         0         0         
1      78        35        28918     9         98        0         0         0         0         0         
1      839       582       28918     290       189       0         0         0         0         0         
1      738       651       28918     189       189       0         0         0         0         0         
2      927       275       28918     290       87        0         0         0         0         0         
1      675       728       28918     189       290       0         0         0         0         0         
1      757       121       28918     131       57        0         0         0         0         0         
1      645       431       28918     280       52        0         0         0         0         0         
1      333       556       28918     119       199       0         0         0         0         0         
1      771       967       28918     290       50        0         0         0         0         0         
1      904       669       28919     290       280       0         0         0         0         0         
1      665       232       28919     131       266       0         0         0         0         0         
1      654       487       28919     189       199       0         0         0         0         0         
1      621       416       28919     280       100       0         0         0         0         0         
1      630       648       28919     189       189       0         0         0         0         0         
2      1168      531       28919     291       189       0         0         0         0         0         
1      631       780       28919     189       291       0         0         0         0         0         
1      794       629       28919     290       189       0         0         0         0         0         
2      507       624       28919     189       189       0         0         0         0         0         
3      507       624       28919     189       189       0         0         0         0         0         
