COLUMNS

passenger_count
pickup_ID
dropoff_ID
ready_time_sec
pickup_district
dropoff_district
LDuals
IDuals
vehicle_ID
pick_position
drop_position

REQUESTS_INFO
1      696       886       49967     189       290       190       190       2         1         3         
1      504       1001      49870     52        291       269       269       5         1         4         
1      510       726       49922     199       290       268       268       22        1         2         
1      697       655       49899     189       189       266       266       24        1         3         
1      532       698       49933     199       189       195       195       34        1         2         
1      627       738       49947     189       189       232       232       35        1         3         
4      1023      671       49689     291       280       460       460       43        1         2         
3      958       526       49879     291       52        304       304       46        1         2         
3      698       789       49969     189       290       226       226       50        1         2         
1      1140      1155      49892     84        129       173       173       51        1         3         
1      649       507       49969     189       189       200       200       58        1         4         
1      157       32        49933     54        98        217       217       61        1         2         
1      553       727       49976     189       290       169       169       64        1         2         
2      505       1370      49959     52        129       241       241       67        1         3         
4      715       719       49947     131       189       279       279       70        1         2         
1      1023      1448      49956     291       129       193       193       80        1         4         
1      994       1118      49952     84        84        273       273       95        1         2         
1      677       909       49934     189       290       222       222       98        1         3         
3      790       742       49956     290       290       269       269       101       1         2         
3      505       1370      49959     52        129       241       241       104       1         3         
1      1001      946       49895     291       290       238       238       109       1         4         
2      789       721       49956     290       290       235       235       116       1         4         
1      886       813       49952     290       290       278       278       119       1         2         
2      894       715       49963     291       131       206       206       120       1         3         
1      275       231       49922     87        266       267       267       136       1         2         
3      760       895       49957     291       291       264       264       140       1         2         
3      861       551       49823     290       189       382       382       146       1         3         
2      626       834       49924     189       290       241       241       159       1         2         
2      599       1066      49976     280       291       126       126       162       1         4         
1      1001      462       49937     291       189       196       196       164       1         3         
2      858       526       49960     290       52        154       154       178       1         3         
3      443       535       49971     168       189       201       201       202       1         2         
3      307       415       49947     127       100       219       219       209       1         2         
4      482       409       49880     189       52        335       335       225       1         2         
3      460       627       49843     189       189       370       370       235       1         3         
2      654       559       49943     189       189       254       254       239       1         3         
1      64        193       49909     98        266       232       232       242       1         2         
1      881       839       49932     290       290       287       287       244       1         2         
1      757       1128      49939     131       291       175       175       248       1         3         
3      759       408       49856     131       299       365       365       258       1         3         
3      782       857       49922     291       290       292       292       259       1         3         
1      626       174       49958     189       266       203       203       278       1         3         
1      863       862       49921     290       290       277       277       282       1         2         
1      726       827       49886     290       291       328       328       294       1         2         
1      748       713       49953     290       131       230       230       305       1         3         
1      906       859       49897     290       290       343       343       309       1         2         
1      721       675       49877     290       189       243       243       313       1         2         
1      668       1012      49952     280       84        198       198       322       1         3         
3      502       549       49859     52        52        343       343       332       1         2         
1      727       183       49962     290       178       215       215       333       1         3         
1      790       722       49691     290       290       497       497       339       1         2         
3      524       892       49930     52        291       304       304       346       1         2         
1      606       696       49952     189       189       217       217       355       1         3         
2      770       32        49956     290       98        278       278       368       1         3         
1      356       372       49965     119       119       234       234       369       1         2         
3      859       850       49892     290       291       319       319       370       1         2         
1      443       533       49851     168       199       321       321       387       1         2         
2      190       604       49972     286       189       159       159       391       1         3         
1      780       893       49924     291       291       217       217       393       1         2         
3      485       373       49943     189       119       251       251       396       1         2         
3      865       940       49977     290       291       152       152       409       1         3         
1      720       481       49957     290       189       216       216       414       1         3         
1      479       409       49953     52        52        203       203       418       1         2         
1      747       252       49953     290       206       248       248       434       1         3         
1      1053      765       49944     84        290       299       299       439       1         2         
2      628       671       49893     189       280       284       284       447       1         3         
1      859       721       49972     290       290       235       235       449       1         2         
1      816       905       49956     290       290       228       228       453       1         2         
2      699       1069      49905     290       291       306       306       469       1         2         
3      894       715       49963     291       131       206       206       471       1         3         
2      719       673       49932     189       189       243       243       483       1         2         
1      599       510       49966     280       199       200       200       489       1         2         
1      533       574       49883     199       189       300       300       490       1         3         
1      386       625       49933     299       189       133       133       500       1         3         
1      949       1097      49950     290       84        264       264       511       1         3         
1      458       555       49953     52        199       156       156       515       1         3         
3      722       923       49893     290       290       299       299       517       1         3         
3      789       721       49956     290       290       257       257       530       1         2         
3      370       133       49885     52        9         278       278       531       1         2         
2      387       523       49960     299       52        225       225       535       1         2         
2      507       393       49932     189       52        268       268       546       1         3         
1      894       755       49839     291       131       279       279       551       1         4         
3      858       526       49960     290       52        263       263       563       1         2         
1      837       536       49957     290       189       230       230       571       1         3         
1      606       676       49790     189       189       379       379       572       1         3         
1      694       554       49856     189       189       344       344       583       1         2         
1      718       737       49962     189       189       172       172       588       1         2         
1      119       155       49932     286       286       129       129       592       1         2         
3      325       393       49949     299       52        206       206       609       1         3         
1      702       529       49919     290       189       215       215       611       1         4         
1      1090      1022      49924     291       291       305       305       614       1         2         
2      276       296       49933     87        277       221       221       619       1         4         
1      1010      813       49952     290       290       278       278       622       1         2         
1      558       724       49979     189       290       104       104       628       1         3         
1      727       925       49967     290       290       210       210       632       1         4         
3      524       892       49930     52        291       304       304       638       1         2         
1      723       887       49907     290       290       254       254       641       1         3         
2      656       512       49940     290       199       274       274       658       1         2         
1      304       627       49962     299       189       200       200       660       1         4         
1      484       65        49974     189       98        120       120       663       1         4         
1      654       395       49916     189       100       205       205       669       1         3         
2      662       533       49955     131       199       175       175       683       1         3         
1      671       837       49923     280       290       196       196       684       1         4         
2      527       328       49900     52        299       200       200       690       1         4         
1      626       860       49852     189       290       313       313       691       1         2         
2      893       738       49963     291       189       212       212       697       1         2         
1      444       511       49849     168       199       267       267       717       1         3         
2      581       436       49767     189       100       402       402       720       1         2         
3      699       747       49819     290       290       392       392       724       1         2         
1      927       551       49921     290       189       178       178       748       1         4         
2      483       437       49951     189       100       264       264       753       1         3         
2      858       760       49954     290       291       250       250       754       1         3         
3      767       703       49894     290       290       317       317       757       1         2         
1      272       438       49958     127       100       193       193       763       1         3         
1      990       926       49929     290       290       247       247       768       1         3         
1      351       546       49967     52        52        222       222       780       1         3         
4      791       903       49975     290       290       260       260       784       1         2         
1      545       31        49930     52        9         314       314       789       1         2         
3      698       789       49969     189       290       226       226       791       1         2         
1      627       813       49877     189       290       236       236       802       1         4         
3      483       437       49951     189       100       264       264       811       1         3         
2      210       474       49929     266       52        227       227       817       1         2         
1      800       896       49882     131       291       333       333       819       1         4         
2      1087      578       49945     291       189       156       156       830       1         4         
1      78        600       49938     9         280       157       157       839       1         2         
4      311       463       49956     87        168       216       216       844       1         2         
3      790       742       49956     290       290       269       269       855       1         3         
2      725       875       49946     290       291       260       260       860       1         4         
2      621       620       49924     280       131       211       211       863       1         2         
3      864       674       49924     290       189       297       297       866       1         2         
1      442       19        49909     168       98        239       239       867       1         3         
3      864       352       49806     290       119       415       415       870       1         2         
3      904       721       49849     290       290       369       369       872       1         3         
1      276       138       49954     87        57        200       200       881       1         3         
1      368       387       49958     299       299       155       155       892       1         2         
1      662       695       49905     131       189       267       267       902       1         3         
1      297       462       49969     277       189       217       217       903       1         2         
3      864       674       49924     290       189       297       297       904       1         2         
1      416       618       49953     100       131       125       125       905       1         3         
1      597       874       49940     131       291       239       239       910       1         3         
1      393       431       49927     52        52        274       274       913       1         2         
1      694       859       49977     189       290       163       163       919       1         3         
1      528       536       49829     52        189       320       320       926       1         3         
1      717       219       49817     189       87        348       348       927       1         3         
2      485       373       49943     189       119       253       253       928       1         3         
3      662       533       49955     131       199       217       217       929       1         2         
2      505       623       49946     52        280       254       254       935       1         2         
1      745       580       49978     290       189       213       213       941       1         2         
1      1010      765       49922     290       290       308       308       951       1         2         
2      432       597       49962     52        131       222       222       961       1         3         
1      700       814       49922     290       290       238       238       964       1         2         
1      398       277       49887     168       87        317       317       972       1         2         
2      393       284       49939     52        299       262       262       978       1         3         
2      810       875       49876     290       291       363       363       986       1         2         
1      272       440       49938     127       168       213       213       988       1         3         
2      1002      873       49980     291       291       0         0         0         0         0         
3      1002      873       49980     291       291       0         0         0         0         0         
2      914       1065      49980     291       291       0         0         0         0         0         
3      914       1065      49980     291       291       0         0         0         0         0         
3      1022      1042      49980     291       291       0         0         0         0         0         
3      1022      1042      49980     291       291       0         0         0         0         0         
1      527       396       49980     52        119       0         0         0         0         0         
1      441       1140      49980     168       84        0         0         0         0         0         
2      1068      1001      49981     291       291       0         0         0         0         0         
1      726       960       49981     290       291       0         0         0         0         0         
2      959       850       49981     291       291       0         0         0         0         0         
3      959       850       49981     291       291       0         0         0         0         0         
1      578       629       49981     189       189       0         0         0         0         0         
1      415       376       49981     100       168       0         0         0         0         0         
2      884       632       49981     290       189       0         0         0         0         0         
3      415       396       49981     100       119       0         0         0         0         0         
4      720       940       49982     290       291       0         0         0         0         0         
1      737       711       49982     189       131       0         0         0         0         0         
1      713       826       49982     131       291       0         0         0         0         0         
2      217       505       49982     87        52        0         0         0         0         0         
2      837       1194      49983     290       129       0         0         0         0         0         
4      116       140       49984     9         54        0         0         0         0         0         
1      578       675       49985     189       189       0         0         0         0         0         
1      604       291       49985     189       87        0         0         0         0         0         
1      229       253       49985     266       206       0         0         0         0         0         
1      577       415       49986     189       100       0         0         0         0         0         
1      768       597       49986     290       131       0         0         0         0         0         
1      969       630       49986     290       189       0         0         0         0         0         
1      138       230       49986     57        266       0         0         0         0         0         
1      926       992       49987     290       290       0         0         0         0         0         
1      232       386       49987     266       299       0         0         0         0         0         
1      745       834       49987     290       290       0         0         0         0         0         
1      295       389       49987     87        299       0         0         0         0         0         
2      698       859       49987     189       290       0         0         0         0         0         
1      1263      1234      49987     192       129       0         0         0         0         0         
3      858       621       49988     290       280       0         0         0         0         0         
2      858       621       49988     290       280       0         0         0         0         0         
1      859       745       49988     290       290       0         0         0         0         0         
3      771       909       49988     290       290       0         0         0         0         0         
2      771       909       49988     290       290       0         0         0         0         0         
3      923       959       49988     290       291       0         0         0         0         0         
3      923       959       49988     290       291       0         0         0         0         0         
1      437       596       49988     100       131       0         0         0         0         0         
2      1066      887       49989     291       290       0         0         0         0         0         
3      1066      887       49989     291       290       0         0         0         0         0         
2      331       583       49989     127       189       0         0         0         0         0         
1      939       810       49989     291       290       0         0         0         0         0         
1      229       556       49989     266       199       0         0         0         0         0         
1      834       699       49989     290       290       0         0         0         0         0         
1      860       246       49989     290       266       0         0         0         0         0         
1      629       727       49989     189       290       0         0         0         0         0         
1      526       440       49989     52        168       0         0         0         0         0         
2      412       81        49990     52        98        0         0         0         0         0         
1      905       1032      49990     290       84        0         0         0         0         0         
1      253       436       49990     206       100       0         0         0         0         0         
3      719       351       49990     189       52        0         0         0         0         0         
3      719       351       49990     189       52        0         0         0         0         0         
2      651       373       49990     189       119       0         0         0         0         0         
3      651       373       49990     189       119       0         0         0         0         0         
1      647       670       49990     280       280       0         0         0         0         0         
2      662       838       49991     131       290       0         0         0         0         0         
3      662       838       49991     131       290       0         0         0         0         0         
1      940       782       49991     291       291       0         0         0         0         0         
2      236       557       49991     87        189       0         0         0         0         0         
1      771       1543      49991     290       296       0         0         0         0         0         
1      744       842       49991     290       290       0         0         0         0         0         
1      351       601       49991     52        189       0         0         0         0         0         
1      409       473       49992     52        52        0         0         0         0         0         
1      504       35        49992     52        98        0         0         0         0         0         
2      174       171       49992     266       286       0         0         0         0         0         
1      555       533       49992     199       199       0         0         0         0         0         
2      793       394       49992     290       100       0         0         0         0         0         
1      35        160       49992     98        54        0         0         0         0         0         
1      923       1227      49993     290       192       0         0         0         0         0         
2      628       527       49993     189       52        0         0         0         0         0         
2      145       837       49994     178       290       0         0         0         0         0         
1      651       948       49994     189       290       0         0         0         0         0         
1      886       1047      49994     290       291       0         0         0         0         0         
3      145       837       49994     178       290       0         0         0         0         0         
1      662       571       49995     131       52        0         0         0         0         0         
1      1047      686       49995     291       131       0         0         0         0         0         
1      604       721       49995     189       290       0         0         0         0         0         
2      768       947       49995     290       290       0         0         0         0         0         
1      886       910       49995     290       290       0         0         0         0         0         
2      97        689       49996     9         131       0         0         0         0         0         
3      97        689       49996     9         131       0         0         0         0         0         
2      20        651       49996     98        189       0         0         0         0         0         
3      20        651       49996     98        189       0         0         0         0         0         
1      583       333       49997     189       119       0         0         0         0         0         
2      714       596       49997     131       131       0         0         0         0         0         
1      409       393       49997     52        52        0         0         0         0         0         
1      693       782       49998     280       291       0         0         0         0         0         
3      599       331       49998     280       127       0         0         0         0         0         
1      193       123       49998     266       54        0         0         0         0         0         
3      273       556       49998     206       199       0         0         0         0         0         
1      818       675       49998     290       189       0         0         0         0         0         
1      816       834       49998     290       290       0         0         0         0         0         
3      393       33        49999     52        98        0         0         0         0         0         
3      393       33        49999     52        98        0         0         0         0         0         
1      61        629       49999     98        189       0         0         0         0         0         
1      356       556       49999     119       199       0         0         0         0         0         
1      749       1067      49999     290       291       0         0         0         0         0         
1      723       793       49999     290       290       0         0         0         0         0         
1      1023      1047      50000     291       291       0         0         0         0         0         
1      62        217       50000     98        87        0         0         0         0         0         
1      578       629       50000     189       189       0         0         0         0         0         
1      505       505       50000     52        52        0         0         0         0         0         
1      825       652       50000     291       189       0         0         0         0         0         
1      1169      814       50000     291       290       0         0         0         0         0         
1      457       717       50001     52        189       0         0         0         0         0         
1      760       550       50001     291       189       0         0         0         0         0         
3      674       439       50001     189       189       0         0         0         0         0         
1      483       372       50001     189       119       0         0         0         0         0         
1      627       1677      50001     189       142       0         0         0         0         0         
1      173       212       50002     286       266       0         0         0         0         0         
1      860       936       50002     290       291       0         0         0         0         0         
1      711       851       50002     131       291       0         0         0         0         0         
1      163       177       50002     178       207       0         0         0         0         0         
3      443       583       50002     168       189       0         0         0         0         0         
1      434       461       50002     52        189       0         0         0         0         0         
3      443       583       50002     168       189       0         0         0         0         0         
1      632       725       50002     189       290       0         0         0         0         0         
3      395       296       50003     100       277       0         0         0         0         0         
1      533       417       50003     199       100       0         0         0         0         0         
2      395       296       50003     100       277       0         0         0         0         0         
4      512       529       50003     199       189       0         0         0         0         0         
2      458       600       50004     52        280       0         0         0         0         0         
1      791       889       50004     290       290       0         0         0         0         0         
1      314       527       50004     119       52        0         0         0         0         0         
1      701       209       50004     290       266       0         0         0         0         0         
1      332       529       50005     87        189       0         0         0         0         0         
1      626       373       50006     189       119       0         0         0         0         0         
1      440       529       50006     168       189       0         0         0         0         0         
1      662       665       50006     131       131       0         0         0         0         0         
1      328       230       50006     299       266       0         0         0         0         0         
1      476       351       50008     52        52        0         0         0         0         0         
1      631       969       50008     189       290       0         0         0         0         0         
2      545       390       50008     52        52        0         0         0         0         0         
1      768       884       50009     290       290       0         0         0         0         0         
2      97        211       50009     9         266       0         0         0         0         0         
3      1264      557       50009     192       189       0         0         0         0         0         
1      814       946       50009     290       290       0         0         0         0         0         
