COLUMNS

passenger_count
pickup_ID
dropoff_ID
request_time_sec
pickup_time_sec
pickup_depart_sec
vehicle_ID
pickup_district
dropoff_district
position

REQUESTS_INFO
2      61        373       30950     31029     31059     0              98             119            1              
1      1282      1012      30740     30866     30896     4              192            84             1              
1      115       649       31004     31093     31123     5              9              189            1              
2      549       743       30960     31050     31080     15             52             290            1              
1      572       715       31039     31145     31175     15             131            131            2              
3      1119      557       30785     30952     30982     21             84             189            1              
1      1078      758       30913     31082     31112     21             84             131            2              
2      460       1159      30972     31115     31145     30             189            84             1              
1      312       499       30995     31111     31141     37             87             52             1              
2      1187      1640      30899     30986     31016     38             291            296            1              
1      600       621       31032     31134     31164     41             280            280            1              
1      710       720       30863     30940     30970     41             131            290            2              
1      874       480       30734     30834     30864     45             291            52             1              
2      842       884       30982     31111     31141     46             290            290            1              
1      863       352       30896     30987     31017     46             290            119            2              
1      863       368       30931     31017     31047     46             290            299            3              
3      781       550       30740     30842     30872     50             291            189            1              
1      441       400       30999     31093     31123     56             168            168            1              
1      526       693       30951     31002     31032     60             52             280            1              
1      461       972       31018     31165     31195     65             189            290            1              
3      480       549       31035     31149     31179     75             52             52             1              
1      480       556       31019     31119     31149     75             52             199            2              
2      455       617       30918     31006     31036     85             52             131            1              
1      336       369       30841     30978     31008     91             277            52             1              
1      372       527       30981     31122     31152     94             119            52             1              
1      598       812       30971     31022     31052     96             189            290            1              
1      644       686       31006     31059     31089     99             131            131            1              
1      644       863       31008     31089     31119     99             131            290            2              
1      606       217       30887     30951     30981     100            189            87             1              
1      123       507       31023     31136     31166     102            54             189            1              
1      1120      906       31046     31129     31159     103            84             290            1              
3      1693      628       30558     31144     31174     105            142            189            1              
1      1012      505       30996     31133     31163     106            84             52             1              
3      884       442       30991     31077     31107     107            290            168            1              
1      927       252       31020     31140     31170     107            290            206            2              
3      621       627       30891     30966     30996     112            280            189            1              
2      621       1326      30848     30919     30949     115            280            129            1              
1      527       417       30902     30960     30990     119            52             100            1              
1      256       435       30913     31016     31046     127            87             52             1              
3      273       573       31008     31092     31122     130            206            189            1              
1      43        460       30785     30867     30897     136            9              189            1              
1      850       527       30822     30877     30907     139            291            52             1              
1      47        551       30905     31090     31120     146            98             189            1              
1      1265      1197      30952     31081     31111     159            192            129            1              
3      396       175       31031     31116     31146     162            119            266            1              
1      396       156       30934     31086     31116     162            119            286            2              
1      1129      851       30834     30929     30959     164            291            291            1              
1      1168      338       30878     31000     31030     164            291            277            2              
1      417       372       31024     31082     31112     172            100            119            1              
1      358       655       30714     30847     30877     174            168            189            1              
2      621       556       30820     30910     30940     176            280            199            1              
2      396       175       31031     31103     31133     179            119            266            1              
2      731       621       31024     31123     31153     189            131            280            1              
1      352       643       31025     31090     31120     190            119            131            1              
2      65        123       30881     31047     31077     192            98             54             1              
2      63        107       30973     31112     31142     192            98             178            2              
3      929       630       30953     31080     31110     193            290            189            1              
2      354       697       30871     30930     30960     194            119            189            1              
1      291       649       30970     31068     31098     201            87             189            1              
1      232       136       30996     31115     31145     205            266            286            1              
1      309       116       31028     31080     31110     206            127            9              1              
3      273       573       31008     31094     31124     207            206            189            1              
1      309       802       31035     31080     31110     213            127            291            1              
1      455       32        31033     31124     31154     217            52             98             1              
1      731       31        31039     31141     31171     218            131            9              1              
1      710       527       30819     30910     30940     219            131            52             1              
1      731       527       30882     30970     31000     219            131            52             2              
1      731       526       30977     31030     31060     219            131            52             3              
3      731       116       30543     30673     30703     233            131            9              1              
1      664       252       30862     30965     30995     239            131            206            1              
1      731       156       30761     30810     30840     248            131            286            1              
1      336       628       31046     31156     31186     257            277            189            1              
1      336       527       31011     31126     31156     257            277            52             2              
1      923       1026      31040     31154     31184     258            290            291            1              
1      980       746       30837     30928     30958     259            291            290            1              
1      1044      906       30848     30941     30971     274            291            290            1              
2      1044      906       30910     30971     31001     274            291            290            2              
3      233       238       31019     31123     31153     275            206            87             1              
1      158       215       31010     31050     31080     277            174            178            1              
1      194       269       31021     31137     31167     277            207            127            2              
1      193       696       30998     31085     31115     278            266            189            1              
4      179       259       31042     31180     31210     285            178            87             1              
2      356       598       30804     30862     30892     289            119            189            1              
1      621       693       30952     31059     31089     291            280            280            1              
1      621       1251      30993     31089     31119     291            280            129            2              
3      527       317       31034     31132     31162     293            52             277            1              
1      601       376       30819     30883     30913     297            189            168            1              
1      410       720       31013     31092     31122     299            52             290            1              
1      1432      1420      31000     31110     31140     304            129            129            1              
1      1446      1356      30916     31046     31076     304            129            129            2              
1      702       557       30997     31124     31154     318            290            189            1              
1      484       396       30986     31056     31086     319            189            119            1              
1      485       760       31034     31104     31134     319            189            291            2              
1      331       252       30943     31084     31114     323            127            206            1              
3      734       527       31027     31090     31120     324            131            52             1              
2      992       859       30902     31049     31079     328            290            290            1              
1      317       441       30894     31035     31065     333            277            168            1              
1      314       535       30994     31138     31168     333            119            189            2              
3      716       212       30892     30961     30991     334            189            266            1              
1      860       557       30777     30855     30885     335            290            189            1              
1      436       627       31041     31133     31163     336            100            189            1              
4      558       527       31033     31128     31158     339            189            52             1              
2      606       527       31018     31074     31104     342            189            52             1              
1      723       884       31023     31148     31178     344            290            290            1              
2      654       580       31044     31138     31168     345            189            189            1              
1      632       557       31010     31091     31121     351            189            189            1              
2      609       527       30963     31020     31050     351            189            52             2              
1      609       138       30972     31050     31080     351            189            57             3              
2      532       556       30940     31017     31047     355            199            199            1              
1      549       671       30927     30997     31027     360            52             280            1              
1      439       593       30954     31017     31047     361            189            52             1              
1      578       551       31011     31090     31120     364            189            189            1              
1      578       505       30987     31060     31090     364            189            52             2              
1      481       626       30969     31080     31110     365            189            189            1              
1      584       792       31033     31091     31121     366            189            290            1              
1      1066      643       30751     30826     30856     368            291            131            1              
2      656       916       30655     30722     30752     372            290            291            1              
1      463       694       30886     31007     31037     374            168            189            1              
1      905       1022      31001     31083     31113     384            290            291            1              
1      607       551       30893     30975     31005     387            189            189            1              
1      332       548       30849     30927     30957     394            87             52             1              
1      556       79        30948     30990     31020     413            199            98             1              
3      397       649       30923     30983     31013     416            168            189            1              
1      887       805       30914     30998     31028     419            290            291            1              
1      527       1088      31004     31058     31088     421            52             291            1              
1      605       557       31014     31091     31121     427            189            189            1              
2      605       1197      30976     31061     31091     427            189            129            2              
1      840       479       31015     31098     31128     433            290            52             1              
1      816       505       30956     31053     31083     433            290            52             2              
1      529       593       30985     31082     31112     435            189            52             1              
1      508       305       30950     31021     31051     435            199            299            2              
2      527       317       31034     31101     31131     436            52             277            1              
1      598       459       30924     30978     31008     441            189            189            1              
1      527       350       30967     31020     31050     443            52             127            1              
1      601       527       31028     31104     31134     445            189            52             1              
2      734       527       31027     31138     31168     453            131            52             1              
1      338       600       31049     31200     31230     457            277            280            1              
1      347       212       31039     31156     31186     459            299            266            1              
2      420       675       30879     30985     31015     460            168            189            1              
1      605       441       30987     31085     31115     461            189            168            1              
1      940       583       30605     30795     30825     475            291            189            1              
1      510       620       31004     31081     31111     476            199            131            1              
1      959       1227      30971     31077     31107     477            291            192            1              
1      529       390       30996     31146     31176     478            189            52             1              
2      233       238       31019     31103     31133     481            206            87             1              
1      215       184       30954     31016     31046     483            178            87             1              
1      235       33        30966     31100     31130     483            87             98             2              
1      141       505       31036     31123     31153     484            54             52             1              
1      106       443       30998     31158     31188     486            178            168            1              
3      573       458       30891     31003     31033     491            189            52             1              
1      191       500       31019     31050     31080     492            266            52             1              
2      191       1002      31037     31080     31110     492            266            291            2              
2      210       61        31044     31127     31157     497            266            98             1              
1      175       760       31027     31135     31165     501            266            291            1              
1      21        527       30891     30962     30992     504            98             52             1              
1      460       311       31035     31162     31192     507            189            87             1              
3      909       984       30950     31122     31152     508            290            291            1              
3      311       673       30917     30971     31001     509            87             189            1              
2      606       430       30859     30919     30949     512            189            52             1              
1      716       639       31025     31145     31175     513            189            131            1              
1      669       593       30822     30899     30929     517            280            52             1              
1      759       308       30769     30877     30907     520            131            127            1              
1      668       505       31027     31109     31139     528            280            52             1              
1      597       649       30811     30913     30943     532            131            189            1              
1      694       621       30819     30922     30952     543            189            280            1              
1      81        1010      30952     31040     31070     544            98             290            1              
1      527       906       30643     30690     30720     545            52             290            1              
1      155       1417      30610     30672     30702     547            286            129            1              
1      759       671       30970     31091     31121     555            131            280            1              
1      887       984       30837     30884     30914     560            290            291            1              
1      951       927       31037     31127     31157     562            290            290            1              
2      909       984       30950     31061     31091     562            290            291            2              
1      835       906       30829     30932     30962     567            290            290            1              
1      793       909       31019     31123     31153     567            290            290            2              
1      695       61        30644     30690     30720     568            189            98             1              
1      865       969       30935     31037     31067     569            290            290            1              
1      841       504       30875     30970     31000     569            290            52             2              
1      969       593       30781     30885     30915     570            290            52             1              
1      368       413       31043     31137     31167     573            299            52             1              
1      369       458       31003     31066     31096     573            52             52             2              
1      968       804       30818     30955     30985     574            290            291            1              
1      968       642       30883     30985     31015     574            290            131            2              
1      959       1087      31002     31119     31149     576            291            291            1              
3      884       442       30991     31083     31113     577            290            168            1              
1      925       35        30979     31020     31050     577            290            98             2              
1      1068      1010      30781     30925     30955     578            291            290            1              
2      788       727       30995     31055     31085     580            290            290            1              
3      817       622       30949     31036     31066     583            290            280            1              
1      664       502       30883     30970     31000     585            131            52             1              
3      527       370       30973     31020     31050     586            52             52             1              
1      724       644       30797     30888     30918     587            290            131            1              
1      757       627       30926     31009     31039     589            131            189            1              
1      735       650       30949     31062     31092     589            131            189            2              
1      881       1010      30998     31111     31141     592            290            290            1              
1      791       949       30885     30930     30960     593            290            290            1              
1      152       582       30566     30671     30701     594            9              189            1              
1      219       498       31018     31110     31140     594            87             52             2              
2      790       771       30997     31093     31123     600            290            290            1              
1      924       616       30796     30893     30923     603            290            131            1              
1      331       885       30981     31102     31132     604            127            290            1              
1      862       528       31017     31122     31152     605            290            52             1              
2      949       1127      30944     31031     31061     608            290            291            1              
2      838       727       30995     31088     31118     613            290            290            1              
2      814       581       30955     31028     31058     613            290            189            2              
2      927       695       30857     30960     30990     615            290            189            1              
1      771       742       31001     31091     31121     622            290            290            1              
1      770       644       30941     31029     31059     622            290            131            2              
3      907       838       30806     30871     30901     624            290            290            1              
1      926       1657      30979     31081     31111     624            290            142            2              
3      480       549       31035     31150     31180     626            52             52             1              
1      721       702       31041     31120     31150     627            290            290            1              
1      1098      716       30898     31002     31032     630            84             189            1              
1      743       718       30850     30972     31002     637            290            189            1              
3      733       914       30857     30900     30930     643            131            291            1              
1      744       738       31045     31124     31154     644            290            189            1              
1      795       332       30855     30900     30930     645            290            87             1              
1      907       758       30864     30917     30947     649            290            131            1              
1      747       928       31047     31080     31110     650            290            290            3              
2      949       672       30726     30819     30849     651            290            189            1              
3      971       621       30643     30760     30790     652            290            280            1              
1      888       928       30917     31025     31055     655            290            290            1              
1      888       813       30942     31055     31085     655            290            290            2              
1      908       410       30960     31134     31164     655            290            52             3              
3      907       535       31049     31142     31172     657            290            189            1              
1      725       628       31044     31080     31110     659            290            189            1              
4      1370      351       31010     31244     31274     663            129            52             1              
2      794       557       30910     30984     31014     664            290            189            1              
1      840       200       30749     30833     30863     667            290            87             1              
1      905       909       30832     30933     30963     668            290            290            1              
1      924       991       30926     30990     31020     668            290            290            2              
1      906       1101      30977     31083     31113     668            290            84             3              
1      881       549       30858     30969     30999     671            290            52             1              
1      815       189       30714     30791     30821     672            290            286            1              
1      860       527       30589     30678     30708     675            290            52             1              
1      512       398       31023     31089     31119     675            199            168            2              
1      1132      827       30980     31164     31194     679            291            291            1              
1      1171      782       30919     31042     31072     682            192            291            1              
2      992       504       30981     31101     31131     684            290            52             1              
1      1225      894       30863     30953     30983     685            192            291            1              
1      1149      556       30926     31041     31071     685            291            199            2              
1      1149      816       30710     30805     30835     686            291            290            1              
1      782       959       31044     31080     31110     691            291            291            1              
1      699       697       30991     31102     31132     692            290            189            1              
1      726       803       30934     31019     31049     696            290            291            1              
1      596       505       30980     31138     31168     699            131            52             1              
1      950       557       30966     31049     31079     700            290            189            1              
1      1001      1370      30983     31081     31111     703            291            129            1              
2      1001      666       30904     31025     31055     714            291            131            1              
2      1091      1218      30940     31124     31154     715            291            84             1              
1      267       434       31016     31119     31149     716            266            52             1              
2      1046      910       30942     31029     31059     726            291            290            1              
1      1107      1218      30997     31100     31130     726            291            84             2              
2      1148      437       30712     30789     30819     727            291            100            1              
2      1055      732       30700     30794     30824     728            84             131            1              
1      1056      155       30620     30723     30753     728            84             286            2              
1      959       765       31000     31107     31137     729            291            290            1              
1      1043      915       30966     31082     31112     730            291            291            2              
1      874       436       30856     30916     30946     733            291            100            1              
1      894       813       30668     30774     30804     734            291            290            1              
1      1068      767       30712     30841     30871     735            291            290            1              
3      907       535       31049     31142     31172     735            290            189            2              
3      927       695       30857     30962     30992     737            290            189            1              
3      1044      904       31042     31144     31174     742            291            290            1              
3      1002      851       30955     31042     31072     743            291            291            1              
3      1068      983       30811     30926     30956     744            291            291            1              
3      940       738       30854     31061     31091     748            291            189            1              
1      893       1171      30881     30984     31014     749            291            192            1              
1      731       571       31047     31127     31157     753            131            52             1              
1      710       505       31004     31067     31097     753            131            52             2              
2      817       64        30985     31066     31096     758            290            98             1              
1      980       873       30908     31028     31058     759            291            291            1              
1      915       949       30832     30941     30971     763            291            290            1              
1      961       414       31048     31169     31199     763            291            100            2              
1      886       524       30567     30672     30702     766            290            52             1              
1      482       151       31011     31121     31151     779            189            9              1              
1      366       88        31025     31120     31150     787            299            178            1              
1      409       351       31005     31141     31171     788            52             52             1              
1      304       232       31042     31120     31150     792            299            266            1              
1      333       141       30944     31053     31083     795            119            54             1              
