COLUMNS

passenger_count
pickup_ID
dropoff_ID
request_time_sec
pickup_district
dropoff_district
LDuals
IDuals
vehicle_ID
pick_position
drop_position

REQUESTS_INFO
3      440       356       29463     168       119       151       151       52        1         3         
1      527       558       29473     52        189       173       173       54        1         2         
3      772       842       29289     290       290       355       355       55        1         2         
1      927       834       29460     290       290       182       182       80        1         3         
1      702       835       29480     290       290       118       118       136       1         3         
1      738       392       29462     189       52        134       134       143       1         3         
1      791       744       29463     290       290       159       159       205       1         4         
3      748       489       29477     290       199       159       159       220       1         3         
1      232       957       29463     266       291       143       143       250       1         2         
2      839       624       29474     290       189       161       161       281       1         4         
1      1015      859       29462     84        290       208       208       309       1         2         
1      395       334       29489     100       119       118       118       349       1         2         
3      883       628       29469     290       189       162       162       353       1         2         
2      812       697       29346     290       189       278       278       427       1         2         
1      333       534       29487     119       199       119       119       441       1         3         
1      804       648       29416     291       189       203       203       471       1         2         
2      526       578       29489     52        189       128       128       477       1         2         
1      947       842       29462     290       290       165       165       491       1         3         
2      883       628       29469     290       189       162       162       510       1         3         
1      838       574       29425     290       189       204       204       524       1         3         
1      771       489       29451     290       199       121       121       543       1         2         
1      813       1254      29466     290       84        181       181       565       1         3         
1      304       189       29480     299       286       96        96        582       1         3         
1      700       745       29469     290       290       126       126       614       1         3         
1      499       436       29482     52        100       110       110       617       1         2         
1      813       674       29484     290       189       163       163       638       1         3         
1      654       358       29475     189       168       105       105       677       1         3         
3      812       919       29348     290       50        278       278       691       1         2         
1      881       749       29468     290       290       156.5     156.5     702       1         4         
1      881       946       29487     290       290       137.5     137.5     702       2         3         
2      552       621       29462     189       280       134       134       725       1         2         
1      756       760       29431     131       291       196       196       752       1         2         
3      732       115       29447     131       9         193       193       755       1         2         
3      623       616       29488     280       131       123       123       774       1         3         
2      549       650       29481     52        189       121       121       792       1         2         
1      715       850       29463     131       291       140       140       800       1         3         
1      850       741       29487     291       50        140       140       834       1         2         
3      485       579       29427     189       189       167       167       841       1         2         
2      795       693       29475     290       280       183       183       861       1         2         
4      1046      532       29444     291       199       158       158       877       1         2         
2      848       137       29344     291       286       322       322       893       1         2         
1      917       698       29487     291       189       133       133       913       1         4         
2      689       738       29441     131       189       141       141       983       1         3         
3      32        760       29474     98        291       117       117       988       1         2         
1      373       189       29482     119       286       108       108       999       1         3         
1      1000      1529      29438     291       296       185       185       1001      1         2         
1      499       759       29481     52        131       120       120       1020      1         2         
1      213       22        29476     266       98        142       142       1045      1         3         
4      984       970       29438     291       290       228       228       1048      1         2         
1      804       980       29447     291       291       172       172       1049      1         2         
1      505       647       29463     52        280       155       155       1061      1         2         
1      480       413       29460     52        52        180       180       1075      1         2         
3      852       1111      29480     291       50        158       158       1079      1         2         
1      852       673       29489     291       189       149       149       1111      1         2         
1      1111      985       29420     50        50        242       242       1112      1         2         
1      1128      1211      29464     291       129       178       178       1115      1         2         
3      813       649       29464     290       189       190       190       1122      1         2         
1      291       296       29472     87        277       163       163       1194      1         2         
1      1132      480       29482     291       52        159       159       1225      1         3         
1      1004      554       29433     291       189       192       192       1251      1         3         
1      936       1150      29423     291       291       193       193       1278      1         2         
3      984       805       29439     291       291       227       227       1279      1         2         
2      1246      983       29479     192       291       121       121       1290      1         3         
1      791       946       29445     290       290       205       205       1293      1         3         
3      376       235       29432     168       87        181       181       1324      1         2         
4      670       650       29466     280       189       95        95        1743      1         2         
3      914       698       29443     291       189       189       189       1748      1         2         
2      805       670       29459     291       280       169       169       1761      1         2         
3      949       792       29445     290       290       190       190       1772      1         2         
1      454       454       29485     52        52        163       163       1833      1         2         
1      738       652       29475     189       189       121       121       1839      1         2         
2      440       356       29463     168       119       151       151       1907      1         2         
1      811       508       29472     290       199       103       103       1977      1         3         
1      850       696       29461     291       189       166       166       1994      1         4         
1      1227      916       29490     192       291       0         0         0         0         0         
2      521       134       29490     52        9         0         0         0         0         0         
1      374       47        29491     119       98        0         0         0         0         0         
1      236       429       29491     87        999       0         0         0         0         0         
3      1044      535       29491     291       189       0         0         0         0         0         
2      506       484       29491     189       189       0         0         0         0         0         
1      937       1225      29491     291       192       0         0         0         0         0         
1      527       811       29491     52        290       0         0         0         0         0         
1      528       602       29491     52        189       0         0         0         0         0         
3      601       782       29492     189       291       0         0         0         0         0         
2      601       782       29492     189       291       0         0         0         0         0         
1      735       602       29492     131       189       0         0         0         0         0         
1      605       395       29492     189       100       0         0         0         0         0         
1      598       623       29492     189       280       0         0         0         0         0         
2      903       971       29492     290       290       0         0         0         0         0         
1      326       118       29492     299       286       0         0         0         0         0         
2      461       373       29493     189       119       0         0         0         0         0         
1      524       232       29493     52        266       0         0         0         0         0         
4      1107      1189      29493     291       192       0         0         0         0         0         
1      325       303       29493     299       299       0         0         0         0         0         
1      1003      888       29493     291       290       0         0         0         0         0         
1      1068      626       29493     291       189       0         0         0         0         0         
1      627       673       29493     189       189       0         0         0         0         0         
2      327       248       29493     299       266       0         0         0         0         0         
3      327       248       29493     299       266       0         0         0         0         0         
3      527       647       29493     52        280       0         0         0         0         0         
3      527       647       29493     52        280       0         0         0         0         0         
3      461       373       29493     189       119       0         0         0         0         0         
1      1107      662       29493     291       131       0         0         0         0         0         
1      693       498       29494     280       52        0         0         0         0         0         
1      842       940       29494     290       291       0         0         0         0         0         
1      527       393       29494     52        52        0         0         0         0         0         
1      61        576       29494     98        189       0         0         0         0         0         
1      690       551       29495     131       189       0         0         0         0         0         
1      903       990       29495     290       290       0         0         0         0         0         
1      395       292       29495     100       87        0         0         0         0         0         
3      527       555       29496     52        199       0         0         0         0         0         
1      475       651       29496     52        189       0         0         0         0         0         
1      779       603       29496     131       189       0         0         0         0         0         
4      509       393       29496     199       52        0         0         0         0         0         
1      582       378       29496     189       168       0         0         0         0         0         
1      692       582       29496     280       189       0         0         0         0         0         
2      527       555       29496     52        199       0         0         0         0         0         
1      509       556       29496     199       199       0         0         0         0         0         
1      139       504       29496     57        52        0         0         0         0         0         
2      458       463       29497     52        168       0         0         0         0         0         
1      458       600       29497     52        280       0         0         0         0         0         
1      621       647       29497     280       280       0         0         0         0         0         
1      598       671       29497     189       280       0         0         0         0         0         
1      171       285       29497     286       299       0         0         0         0         0         
1      1212      1225      29498     129       192       0         0         0         0         0         
1      904       743       29498     290       290       0         0         0         0         0         
1      925       47        29498     290       98        0         0         0         0         0         
1      559       578       29498     189       189       0         0         0         0         0         
1      1209      990       29498     192       290       0         0         0         0         0         
1      412       180       29498     52        178       0         0         0         0         0         
1      908       738       29499     290       189       0         0         0         0         0         
2      850       690       29499     291       131       0         0         0         0         0         
1      813       948       29499     290       290       0         0         0         0         0         
1      488       122       29500     199       54        0         0         0         0         0         
1      937       694       29500     291       189       0         0         0         0         0         
1      694       629       29500     189       189       0         0         0         0         0         
3      414       376       29500     100       168       0         0         0         0         0         
1      304       351       29501     299       52        0         0         0         0         0         
1      531       231       29501     189       266       0         0         0         0         0         
1      507       209       29501     189       266       0         0         0         0         0         
1      865       905       29501     290       290       0         0         0         0         0         
1      335       1530      29501     119       296       0         0         0         0         0         
1      713       575       29501     131       189       0         0         0         0         0         
2      556       134       29501     199       9         0         0         0         0         0         
1      873       574       29501     291       189       0         0         0         0         0         
2      208       304       29501     286       299       0         0         0         0         0         
1      857       848       29501     290       291       0         0         0         0         0         
1      668       640       29502     280       131       0         0         0         0         0         
1      618       498       29502     131       52        0         0         0         0         0         
1      571       461       29502     52        189       0         0         0         0         0         
1      816       816       29502     290       290       0         0         0         0         0         
2      814       393       29502     290       52        0         0         0         0         0         
2      697       903       29502     189       290       0         0         0         0         0         
3      814       393       29502     290       52        0         0         0         0         0         
2      252       371       29503     206       52        0         0         0         0         0         
3      252       371       29503     206       52        0         0         0         0         0         
1      532       721       29503     199       290       0         0         0         0         0         
1      598       703       29503     189       290       0         0         0         0         0         
2      556       755       29503     199       131       0         0         0         0         0         
1      457       462       29503     52        189       0         0         0         0         0         
1      584       604       29504     189       189       0         0         0         0         0         
1      459       331       29504     189       127       0         0         0         0         0         
1      560       534       29504     189       199       0         0         0         0         0         
2      578       398       29504     189       168       0         0         0         0         0         
2      257       504       29504     87        52        0         0         0         0         0         
1      675       246       29505     189       266       0         0         0         0         0         
1      604       672       29505     189       189       0         0         0         0         0         
1      626       716       29505     189       189       0         0         0         0         0         
1      824       894       29505     291       291       0         0         0         0         0         
1      452       22        29505     52        98        0         0         0         0         0         
1      905       1218      29505     290       84        0         0         0         0         0         
1      550       576       29505     189       189       0         0         0         0         0         
1      78        10        29505     9         98        0         0         0         0         0         
1      925       697       29505     290       189       0         0         0         0         0         
1      739       579       29505     189       189       0         0         0         0         0         
1      452       414       29506     52        100       0         0         0         0         0         
1      509       416       29506     199       100       0         0         0         0         0         
1      440       528       29506     168       52        0         0         0         0         0         
1      118       287       29506     286       299       0         0         0         0         0         
1      314       138       29506     119       57        0         0         0         0         0         
1      802       1208      29507     291       192       0         0         0         0         0         
1      1031      959       29507     50        291       0         0         0         0         0         
3      34        66        29507     98        98        0         0         0         0         0         
1      396       272       29507     119       127       0         0         0         0         0         
1      527       1044      29507     52        291       0         0         0         0         0         
1      504       416       29508     52        100       0         0         0         0         0         
1      484       418       29508     189       168       0         0         0         0         0         
1      22        439       29508     98        189       0         0         0         0         0         
1      501       523       29508     52        52        0         0         0         0         0         
1      546       692       29508     52        280       0         0         0         0         0         
1      811       604       29508     290       189       0         0         0         0         0         
1      1211      1217      29508     129       84        0         0         0         0         0         
1      247       304       29509     266       299       0         0         0         0         0         
1      511       419       29509     199       168       0         0         0         0         0         
1      620       411       29510     131       52        0         0         0         0         0         
3      395       325       29510     100       299       0         0         0         0         0         
1      557       548       29510     189       52        0         0         0         0         0         
1      715       622       29510     131       280       0         0         0         0         0         
1      693       599       29511     280       280       0         0         0         0         0         
1      1010      1025      29511     290       291       0         0         0         0         0         
1      715       697       29511     131       189       0         0         0         0         0         
1      860       768       29511     290       290       0         0         0         0         0         
2      760       411       29511     291       52        0         0         0         0         0         
3      395       499       29511     100       52        0         0         0         0         0         
2      395       499       29511     100       52        0         0         0         0         0         
1      608       647       29511     189       280       0         0         0         0         0         
1      533       308       29511     199       127       0         0         0         0         0         
1      133       579       29512     9         189       0         0         0         0         0         
1      940       828       29512     291       291       0         0         0         0         0         
1      702       10        29512     290       98        0         0         0         0         0         
1      700       536       29512     290       189       0         0         0         0         0         
1      673       133       29512     189       9         0         0         0         0         0         
3      829       718       29512     50        189       0         0         0         0         0         
3      829       718       29512     50        189       0         0         0         0         0         
3      882       1024      29512     290       291       0         0         0         0         0         
3      882       1024      29512     290       291       0         0         0         0         0         
1      550       532       29512     189       199       0         0         0         0         0         
1      377       530       29513     168       189       0         0         0         0         0         
1      99        269       29513     286       127       0         0         0         0         0         
1      599       627       29513     280       189       0         0         0         0         0         
2      771       806       29513     290       50        0         0         0         0         0         
1      606       727       29514     189       290       0         0         0         0         0         
3      229       741       29514     266       50        0         0         0         0         0         
1      945       980       29514     50        291       0         0         0         0         0         
2      842       951       29515     290       290       0         0         0         0         0         
3      842       951       29515     290       290       0         0         0         0         0         
2      622       81        29515     280       98        0         0         0         0         0         
1      735       699       29515     131       290       0         0         0         0         0         
1      905       628       29515     290       189       0         0         0         0         0         
1      191       527       29515     266       52        0         0         0         0         0         
1      606       577       29516     189       189       0         0         0         0         0         
1      308       655       29516     127       189       0         0         0         0         0         
1      645       737       29516     280       189       0         0         0         0         0         
1      734       19        29516     131       98        0         0         0         0         0         
1      701       232       29516     290       266       0         0         0         0         0         
2      462       550       29516     189       189       0         0         0         0         0         
3      462       550       29516     189       189       0         0         0         0         0         
2      757       579       29517     131       189       0         0         0         0         0         
1      531       604       29517     189       189       0         0         0         0         0         
1      378       63        29517     168       98        0         0         0         0         0         
1      397       544       29517     168       52        0         0         0         0         0         
1      860       717       29517     290       189       0         0         0         0         0         
1      674       415       29518     189       100       0         0         0         0         0         
1      629       772       29518     189       290       0         0         0         0         0         
1      748       584       29518     290       189       0         0         0         0         0         
1      749       577       29518     290       189       0         0         0         0         0         
1      499       650       29518     52        189       0         0         0         0         0         
1      881       627       29518     290       189       0         0         0         0         0         
1      749       698       29518     290       189       0         0         0         0         0         
1      702       951       29519     290       290       0         0         0         0         0         
1      618       416       29519     131       100       0         0         0         0         0         
4      503       578       29519     52        189       0         0         0         0         0         
1      722       768       29519     290       290       0         0         0         0         0         
1      621       698       29519     280       189       0         0         0         0         0         
