COLUMNS

passenger_count
pickup_ID
dropoff_ID
request_time_sec
pickup_time_sec
pickup_depart_sec
vehicle_ID
pickup_district
dropoff_district
position

REQUESTS_INFO
1      442       573       31142     31237     31267     1              168            189            1              
1      464       693       31109     31182     31212     1              168            280            2              
1      510       723       31147     31253     31283     2              199            290            1              
1      464       676       31092     31182     31212     2              168            189            2              
1      48        1435      31117     31206     31236     23             98             129            1              
1      581       723       31128     31211     31241     35             189            290            1              
2      579       850       31102     31140     31170     35             189            291            2              
1      532       421       31139     31232     31262     47             199            168            1              
1      502       815       31141     31213     31243     64             52             290            1              
3      692       695       31156     31262     31292     99             280            189            1              
1      693       19        31140     31246     31276     173            280            98             1              
1      191       125       31035     31110     31140     210            266            54             1              
3      306       498       31084     31203     31233     216            299            52             1              
1      306       527       31148     31233     31263     216            299            52             2              
1      549       734       31061     31124     31154     230            52             131            1              
1      549       721       31038     31094     31124     230            52             290            2              
1      234       621       31017     31066     31096     234            87             280            1              
1      218       271       31164     31234     31264     238            87             127            1              
1      268       265       31151     31231     31261     248            299            299            1              
1      249       690       31157     31200     31230     249            266            131            1              
3      258       482       31163     31200     31230     258            87             189            1              
1      327       189       31162     31277     31307     269            299            286            1              
1      270       812       31145     31200     31230     270            127            290            1              
3      303       1388      31125     31209     31239     283            299            129            1              
1      573       520       30993     31056     31086     285            189            52             1              
1      549       545       31139     31234     31264     285            52             52             2              
1      605       573       31129     31211     31241     296            189            189            1              
3      306       498       31084     31178     31208     305            299            52             1              
1      327       895       31144     31238     31268     305            299            291            2              
1      332       272       31153     31234     31264     310            87             127            1              
1      335       452       31147     31246     31276     314            119            52             1              
1      328       90        30844     30979     31009     319            299            178            1              
2      328       81        31110     31230     31260     330            299            98             1              
3      526       903       31167     31244     31274     337            52             290            1              
3      419       436       31024     31142     31172     347            168            100            1              
3      351       710       31048     31080     31110     351            52             131            1              
1      333       621       31138     31205     31235     352            119            280            1              
1      389       451       31123     31224     31254     366            299            999            1              
3      409       235       31099     31164     31194     366            52             87             2              
1      905       557       31063     31139     31169     368            290            189            1              
1      413       696       30843     30943     30973     369            52             189            1              
1      1000      1488      31122     31212     31242     379            291            296            1              
1      369       370       31130     31213     31243     390            52             52             1              
1      369       552       31156     31243     31273     390            52             189            2              
1      389       460       31120     31220     31250     391            299            189            1              
1      434       531       31063     31179     31209     392            52             189            1              
3      456       673       31149     31272     31302     392            52             189            2              
1      436       527       31110     31221     31251     393            100            52             1              
1      436       355       31088     31191     31221     393            100            119            2              
3      624       527       31099     31152     31182     405            189            52             1              
1      418       781       31000     31070     31100     418            168            291            1              
2      500       665       31144     31224     31254     421            52             131            1              
1      523       1002      31087     31178     31208     421            52             291            2              
3      499       484       31147     31264     31294     428            52             189            1              
1      411       602       31096     31177     31207     431            52             189            1              
1      410       482       31145     31216     31246     431            52             189            2              
1      434       766       30793     30909     30939     433            52             290            1              
1      458       497       30974     31038     31068     436            52             999            1              
2      504       668       31133     31235     31265     436            52             280            2              
1      418       653       31079     31172     31202     438            168            189            1              
2      418       884       31149     31202     31232     438            168            290            2              
1      499       510       31063     31133     31163     456            52             199            1              
1      795       910       31153     31239     31269     457            290            290            1              
1      481       308       30968     31095     31125     458            189            127            1              
1      505       420       31133     31238     31268     460            52             168            1              
1      511       213       31066     31140     31170     462            199            266            1              
2      499       484       31147     31249     31279     472            52             189            1              
3      481       671       30876     30981     31011     481            189            280            1              
1      652       669       31145     31227     31257     486            189            280            1              
1      621       626       31169     31233     31263     487            280            189            1              
1      510       884       31112     31227     31257     488            199            290            1              
3      484       621       31053     31153     31183     492            189            280            1              
1      925       792       30951     30995     31025     493            290            290            1              
1      817       884       31128     31209     31239     493            290            290            2              
1      534       527       31137     31233     31263     494            199            52             1              
2      484       621       31053     31136     31166     495            189            280            1              
3      605       527       31163     31231     31261     500            189            52             1              
1      499       252       31076     31141     31171     501            52             206            1              
1      759       616       31133     31170     31200     503            131            131            1              
3      504       668       31133     31217     31247     504            52             280            1              
1      510       413       31136     31232     31262     517            199            52             1              
4      480       776       31157     31200     31230     527            52             131            1              
2      513       624       31118     31206     31236     535            199            189            1              
1      513       923       31086     31176     31206     535            199            290            2              
3      576       906       31103     31208     31238     540            189            290            1              
3      526       903       31167     31238     31268     548            52             290            1              
2      692       695       31156     31264     31294     550            280            189            1              
2      573       990       30899     30959     30989     550            189            290            2              
2      597       697       31139     31178     31208     552            131            189            1              
2      559       593       30971     31052     31082     561            189            52             1              
1      528       462       31137     31217     31247     574            52             189            1              
1      349       695       31158     31224     31254     600            127            189            1              
1      608       814       30966     31085     31115     605            189            290            1              
1      936       355       31075     31140     31170     609            291            119            1              
1      330       436       31141     31200     31230     614            127            100            1              
1      620       616       31086     31160     31190     620            131            131            1              
2      618       734       31132     31247     31277     620            131            131            2              
1      531       718       31072     31140     31170     631            189            189            1              
1      531       698       31030     31110     31140     631            189            189            2              
1      532       858       31122     31223     31253     631            199            290            3              
2      902       578       31117     31234     31264     632            50             189            1              
1      676       811       31125     31209     31239     637            189            290            1              
3      618       734       31132     31206     31236     639            131            131            1              
1      597       478       31027     31127     31157     641            131            52             1              
1      621       743       31062     31118     31148     647            280            290            1              
3      669       434       31155     31279     31309     648            280            52             1              
1      937       863       31009     31089     31119     651            291            290            1              
3      607       557       31154     31223     31253     659            189            189            1              
3      669       434       31155     31200     31230     669            280            52             1              
1      644       371       31083     31209     31239     672            131            52             1              
1      527       559       31160     31200     31230     677            52             189            1              
3      749       782       31101     31170     31200     682            290            291            1              
1      771       739       31148     31233     31263     682            290            189            2              
2      579       395       31168     31230     31260     683            189            100            1              
1      866       652       31005     31090     31120     684            290            189            1              
1      621       483       31099     31203     31233     687            280            189            1              
1      621       558       31159     31233     31263     687            280            189            2              
1      716       754       31117     31203     31233     692            189            999            1              
1      694       10        30724     30798     30828     694            189            98             1              
1      700       861       31028     31110     31140     700            290            290            1              
1      700       905       31006     31050     31080     700            290            290            2              
1      701       421       31166     31200     31230     701            290            168            1              
1      727       35        31164     31226     31256     705            290            98             1              
1      690       963       31159     31259     31289     710            131            50             1              
2      716       696       31133     31170     31200     716            189            189            1              
1      716       556       31086     31140     31170     716            189            199            2              
1      716       616       31165     31200     31230     716            189            131            3              
1      721       155       31066     31110     31140     721            290            286            1              
2      314       369       31155     31200     31230     723            119            52             1              
1      663       268       31153     31250     31280     731            131            299            1              
2      598       675       31056     31174     31204     733            189            189            1              
1      782       1068      30924     31005     31035     734            291            291            1              
1      713       436       31135     31217     31247     735            131            100            1              
2      940       722       31033     31114     31144     740            291            290            1              
3      440       697       30994     31111     31141     744            168            189            1              
2      747       720       31166     31200     31230     747            290            290            1              
3      607       557       31154     31223     31253     752            189            189            1              
1      715       479       31132     31200     31230     760            131            52             1              
3      721       679       31098     31170     31200     764            290            290            1              
1      697       937       31149     31240     31270     764            189            291            2              
1      646       776       30950     31046     31076     775            280            131            1              
1      791       527       31149     31243     31273     789            290            52             1              
1      770       353       31120     31174     31204     789            290            119            2              
1      824       894       31091     31171     31201     800            291            291            1              
1      847       577       31145     31238     31268     800            291            189            2              
3      893       289       30815     30916     30946     806            291            127            1              
1      810       625       31157     31200     31230     810            290            189            1              
1      328       534       31122     31170     31200     812            299            199            1              
2      847       333       30951     31020     31050     823            291            119            1              
2      826       1307      31109     31170     31200     828            291            129            1              
1      1127      1264      31169     31279     31309     833            291            192            1              
3      840       1263      31047     31121     31151     838            290            192            1              
1      839       896       31123     31209     31239     839            290            291            1              
1      771       926       31073     31117     31147     840            290            290            1              
1      817       941       30980     31031     31061     840            290            50             2              
3      907       578       31130     31248     31278     844            290            189            1              
2      871       760       31041     31145     31175     848            291            291            1              
1      849       1391      31130     31299     31329     848            291            129            2              
3      875       886       31060     31139     31169     853            291            290            1              
2      905       759       31092     31177     31207     857            290            131            1              
1      766       505       31104     31164     31194     858            290            52             1              
3      905       836       31099     31184     31214     861            290            290            1              
1      886       230       31166     31249     31279     861            290            266            2              
1      605       858       31115     31208     31238     862            189            290            1              
1      888       504       31121     31214     31244     865            290            52             1              
2      909       802       31091     31153     31183     867            290            291            1              
1      1004      715       31141     31241     31271     869            291            131            1              
1      852       485       31167     31239     31269     871            291            189            1              
3      847       333       30951     31043     31073     871            291            119            2              
1      860       307       30973     31077     31107     880            290            127            1              
1      924       945       31148     31240     31270     881            290            50             1              
1      881       876       31046     31080     31110     881            290            50             2              
1      945       981       31073     31185     31215     881            50             291            3              
1      817       554       31054     31110     31140     884            290            189            1              
1      817       528       31024     31080     31110     884            290            52             2              
3      906       726       31097     31203     31233     890            290            290            1              
3      896       505       31142     31257     31287     897            291            52             1              
1      896       415       31116     31227     31257     897            291            100            2              
1      896       578       31133     31227     31257     898            291            189            1              
3      896       505       31142     31257     31287     898            291            52             2              
1      829       984       31159     31245     31275     899            50             291            1              
1      923       1135      31123     31199     31229     903            290            50             1              
2      886       1032      30914     31018     31048     904            290            84             1              
1      905       761       31165     31215     31245     905            290            50             1              
1      458       665       31085     31200     31230     906            52             131            1              
2      458       697       31109     31230     31260     906            52             189            2              
1      865       739       31099     31197     31227     908            290            189            1              
1      818       504       31161     31250     31280     908            290            52             2              
1      907       288       31037     31127     31157     909            290            127            1              
1      913       982       31146     31232     31262     913            291            291            1              
1      926       1229      31027     31118     31148     919            290            129            1              
1      948       805       30784     30917     30947     923            290            291            1              
1      652       597       31110     31203     31233     923            189            131            2              
3      884       527       30981     31053     31083     925            290            52             1              
1      839       760       30819     30906     30936     927            290            291            1              
2      906       726       31097     31194     31224     928            290            290            1              
1      906       643       31140     31224     31254     928            290            131            2              
1      505       185       30965     31093     31123     938            52             87             1              
1      983       327       31150     31204     31234     943            291            299            1              
3      884       649       31061     31155     31185     949            290            189            1              
1      925       555       31134     31218     31248     949            290            199            2              
1      1107      989       31120     31212     31242     950            291            50             1              
1      535       550       31119     31219     31249     954            189            189            1              
1      663       1045      31036     31080     31110     957            131            291            1              
1      926       1218      31115     31215     31245     967            290            84             1              
1      815       601       31100     31180     31210     971            290            189            1              
1      909       81        31058     31110     31140     983            290            98             1              
1      970       959       31113     31207     31237     990            290            291            1              
1      1031      945       30991     31069     31099     991            50             50             1              
1      980       874       31077     31143     31173     999            291            291            1              
3      914       511       31120     31222     31252     999            291            199            2              
1      984       851       31012     31129     31159     1006           291            291            1              
3      1031      571       31159     31241     31271     1011           50             52             1              
1      885       603       31153     31240     31270     1015           290            189            1              
1      792       700       31131     31216     31246     1017           290            290            1              
1      925       949       31165     31221     31251     1018           290            290            1              
1      1000      969       31150     31229     31259     1021           291            290            1              
2      991       767       31147     31235     31265     1029           290            290            1              
3      991       767       31147     31235     31265     1030           290            290            1              
1      652       118       30788     30840     30870     1036           189            286            1              
1      894       548       31097     31173     31203     1038           291            52             1              
1      1003      649       31137     31193     31223     1046           291            189            1              
3      1010      793       31153     31200     31230     1051           290            290            1              
1      841       136       30945     31035     31065     1053           290            286            1              
1      949       531       31092     31155     31185     1071           290            189            1              
3      907       578       31130     31248     31278     1071           290            189            2              
3      1031      571       31159     31268     31298     1072           50             52             1              
4      873       527       31152     31221     31251     1107           291            52             1              
1      1088      928       31153     31233     31263     1108           291            290            1              
2      506       443       31044     31116     31146     1109           189            168            1              
2      576       834       31091     31204     31234     1109           189            290            2              
2      859       761       30950     31002     31032     1113           290            50             1              
2      1114      991       31137     31209     31239     1116           50             290            1              
1      1065      836       31102     31167     31197     1125           291            290            1              
1      527       871       30872     30948     30978     1129           52             291            1              
1      1044      656       31035     31117     31147     1132           291            290            1              
1      937       1282      31139     31219     31249     1147           291            192            1              
1      894       1225      31083     31167     31197     1147           291            192            2              
1      1148      1022      31007     31096     31126     1150           291            291            1              
1      1187      578       30943     31022     31052     1170           291            189            1              
1      1002      892       31156     31248     31278     1173           291            291            1              
1      599       593       31128     31226     31256     1207           280            52             1              
3      1087      436       31126     31186     31216     1225           291            100            1              
1      1192      1267      31120     31205     31235     1230           129            129            1              
1      1230      1375      31094     31140     31170     1230           129            129            2              
1      1206      554       30886     30963     30993     1262           192            189            1              
1      1128      435       31073     31157     31187     1294           291            52             1              
1      761       456       30931     31027     31057     1446           50             52             1              
2      605       527       31163     31233     31263     1874           189            52             1              
1      771       836       31065     31121     31151     1887           290            290            1              
3      456       673       31149     31251     31281     1909           52             189            1              
1      171       11        30962     31040     31070     1926           286            999            1              
3      258       482       31163     31205     31235     1977           87             189            1              
1      293       421       31149     31220     31250     1992           87             168            1              
1      279       281       31147     31200     31230     1997           87             277            1              
