COLUMNS

passenger_count
pickup_ID
dropoff_ID
request_time_sec
pickup_district
dropoff_district

REQUESTS_INFO
1      663       394       50040     131       100       
1      627       646       50040     189       280       
3      673       462       50040     189       189       
1      584       722       50040     189       290       
1      816       674       50040     290       189       
1      699       805       50041     290       291       
1      993       742       50041     84        290       
1      410       895       50041     52        291       
3      907       677       50041     290       189       
1      972       420       50041     290       168       
2      907       677       50041     290       189       
1      352       650       50042     119       189       
2      654       504       50042     189       52        
1      849       904       50042     291       290       
1      1265      1187      50042     192       291       
1      368       227       50042     299       266       
1      232       697       50042     266       189       
1      651       618       50042     189       131       
3      35        815       50042     98        290       
3      35        815       50042     98        290       
1      556       628       50043     199       189       
3      554       419       50044     189       168       
1      893       643       50044     291       131       
1      213       571       50044     266       52        
3      554       419       50044     189       168       
1      849       711       50044     291       131       
1      549       744       50044     52        290       
1      960       1067      50045     291       291       
1      850       980       50045     291       291       
1      861       678       50045     290       290       
4      686       724       50045     131       290       
3      419       915       50045     168       291       
1      397       464       50045     168       168       
2      419       915       50045     168       291       
1      553       627       50046     189       189       
1      214       198       50046     207       178       
1      852       179       50046     291       178       
2      713       432       50046     131       52        
1      314       533       50046     119       199       
3      873       983       50046     291       291       
3      873       983       50046     291       291       
1      508       597       50047     199       131       
1      349       437       50047     127       100       
3      835       769       50047     290       290       
1      432       597       50047     52        131       
1      527       272       50047     52        127       
1      572       556       50047     131       199       
3      506       693       50048     189       280       
2      1211      1253      50048     129       129       
1      937       1592      50049     291       296       
1      873       895       50049     291       291       
2      556       420       50049     199       168       
2      457       367       50049     52        299       
1      292       743       50049     87        290       
2      669       923       50050     280       290       
3      527       331       50050     52        127       
3      527       331       50050     52        127       
1      329       199       50051     127       178       
4      896       485       50051     291       189       
3      813       970       50051     290       290       
2      250       297       50051     127       277       
3      250       297       50051     127       277       
4      213       372       50052     266       119       
1      759       554       50052     131       189       
1      767       767       50052     290       290       
1      723       578       50052     290       189       
1      247       217       50052     266       87        
1      969       813       50053     290       290       
2      947       789       50053     290       290       
3      947       789       50053     290       290       
2      484       526       50053     189       52        
1      950       575       50053     290       189       
1      654       697       50053     189       189       
1      771       350       50053     290       127       
1      720       990       50054     290       290       
1      526       732       50054     52        131       
1      924       894       50054     290       291       
1      408       9         50054     299       98        
2      136       30        50054     286       9         
3      136       30        50054     286       9         
1      458       463       50054     52        168       
2      652       739       50054     189       189       
1      1087      526       50054     291       52        
1      504       408       50055     52        299       
3      990       1188      50055     290       192       
3      875       979       50056     291       291       
2      760       802       50056     291       291       
1      605       573       50056     189       189       
1      557       374       50056     189       119       
2      335       328       50056     119       299       
3      335       328       50056     119       299       
1      413       326       50057     52        299       
1      906       510       50057     290       199       
2      272       742       50057     127       290       
1      722       398       50057     290       168       
1      571       474       50058     52        52        
2      874       554       50058     291       189       
2      727       860       50058     290       290       
3      817       463       50059     290       168       
1      983       620       50059     291       131       
1      549       627       50059     52        189       
1      577       668       50059     189       280       
1      527       274       50059     52        87        
1      914       1025      50059     291       291       
1      792       927       50059     290       290       
1      697       506       50059     189       189       
1      152       218       50060     9         87        
1      1187      1225      50060     291       192       
1      771       509       50060     290       199       
2      366       415       50060     299       100       
2      584       643       50061     189       131       
3      584       643       50061     189       131       
1      850       1023      50061     291       291       
1      501       690       50061     52        131       
1      923       927       50061     290       290       
1      304       455       50062     299       52        
1      481       695       50062     189       189       
1      663       715       50062     131       131       
1      19        530       50062     98        189       
2      696       552       50063     189       189       
1      745       715       50063     290       131       
1      233       528       50063     206       52        
1      698       276       50063     189       87        
3      717       630       50063     189       189       
3      717       630       50063     189       189       
2      962       1106      50064     291       291       
1      193       274       50064     266       87        
1      715       726       50064     131       290       
2      96        552       50064     9         189       
1      607       723       50065     189       290       
1      367       215       50065     299       178       
1      526       644       50065     52        131       
1      628       894       50065     189       291       
1      208       291       50065     286       87        
1      579       717       50066     189       189       
2      739       738       50066     189       189       
1      532       180       50066     199       178       
3      739       738       50066     189       189       
1      895       1048      50066     291       291       
2      1171      1206      50066     192       192       
1      272       216       50067     127       178       
3      556       527       50067     199       52        
1      137       195       50067     286       207       
1      698       924       50068     189       290       
1      673       745       50068     189       290       
2      913       701       50068     291       290       
1      887       191       50068     290       266       
1      392       395       50068     52        100       
2      644       627       50068     131       189       
1      312       234       50069     87        87        
1      415       593       50069     100       52        
2      654       674       50069     189       189       
1      742       894       50069     290       291       
1      197       365       50069     178       299       
1      194       647       50069     207       280       
1      662       782       50069     131       291       
2      864       215       50069     290       178       
1      781       619       50070     291       131       
1      123       126       50070     54        178       
1      579       794       50070     189       290       
1      694       408       50070     189       299       
1      291       390       50070     87        52        
1      1225      1319      50070     192       129       
1      747       1310      50070     290       84        
