COLUMNS

passenger_count
pickup_ID
dropoff_ID
request_time_sec
pickup_time_sec
pickup_depart_sec
vehicle_ID
pickup_district
dropoff_district
position

REQUESTS_INFO
2      579       415       30385     30426     30456     2              189            100            1              
1      466       460       30538     30633     30663     2              199            189            2              
1      287       552       30279     30425     30455     8              299            189            1              
1      713       526       30436     30541     30571     9              131            52             1              
1      713       155       30451     30571     30601     9              131            286            2              
1      630       727       30471     30555     30585     15             189            290            1              
1      607       500       30519     30608     30638     15             189            52             2              
1      620       776       30442     30549     30579     18             131            131            1              
1      598       1067      30531     30618     30648     18             189            291            2              
2      982       851       30493     30596     30626     19             291            291            1              
1      980       643       30554     30663     30693     19             291            131            2              
1      623       552       30524     30591     30621     25             280            189            1              
1      527       172       30559     30600     30630     30             52             286            1              
2      461       212       30568     30665     30695     38             189            266            1              
1      1268      758       30484     30603     30633     40             129            131            1              
1      475       153       30567     30624     30654     44             52             286            1              
3      388       526       30545     30660     30690     50             299            52             1              
3      972       1032      30568     30657     30687     52             290            84             1              
1      328       697       30191     30301     30331     53             299            189            1              
2      349       1045      30259     30353     30383     53             127            291            2              
3      43        265       30566     30628     30658     55             9              299            1              
1      43        154       30454     30598     30628     55             9              286            2              
1      929       669       30407     30563     30593     56             290            280            1              
1      236       791       30497     30562     30592     57             87             290            1              
3      892       768       30433     30545     30575     60             291            290            1              
1      594       780       30567     30645     30675     64             131            291            1              
2      950       1218      30364     30516     30546     65             290            84             1              
2      476       369       30504     30625     30655     69             52             52             1              
3      415       557       30543     30671     30701     82             100            189            1              
3      827       527       30543     30643     30673     84             291            52             1              
1      840       122       30457     30512     30542     91             290            54             1              
3      772       578       30529     30660     30690     94             290            189            1              
1      1274      1325      30522     30642     30672     105            84             129            1              
1      276       358       30392     30526     30556     110            87             168            1              
1      295       768       30500     30582     30612     110            87             290            2              
1      258       252       30459     30552     30582     111            87             206            1              
2      749       593       30398     30524     30554     115            290            52             1              
1      317       697       30224     30445     30475     117            277            189            1              
2      369       858       30333     30447     30477     131            52             290            1              
1      200       484       30027     30158     30188     132            87             189            1              
1      418       479       30505     30613     30643     139            168            52             1              
3      10        466       30550     30661     30691     141            98             199            1              
1      154       314       30155     30275     30305     142            286            119            1              
3      10        466       30550     30662     30692     145            98             199            1              
1      21        718       30450     30571     30601     145            98             189            2              
1      64        551       30354     30443     30473     146            98             189            1              
1      46        691       30397     30512     30542     146            98             131            2              
2      34        702       30304     30423     30453     153            98             290            1              
1      410       757       30554     30617     30647     158            52             131            1              
2      415       557       30543     30651     30681     164            100            189            1              
1      416       481       30352     30416     30446     167            100            189            1              
1      1432      452       30449     30530     30560     169            129            52             1              
1      418       805       30321     30423     30453     170            168            291            1              
1      441       671       30401     30521     30551     170            168            280            2              
3      355       390       30475     30598     30628     173            119            52             1              
3      349       1045      30259     30353     30383     176            127            291            1              
1      553       760       30423     30520     30550     180            189            291            1              
3      461       212       30568     30630     30660     182            189            266            1              
3      1011      583       30319     30411     30441     190            84             189            1              
1      236       551       30550     30655     30685     191            87             189            1              
1      332       10        30357     30456     30486     203            87             98             1              
1      255       432       30557     30684     30714     211            87             52             1              
2      907       631       30410     30532     30562     215            290            189            1              
1      907       527       30409     30502     30532     215            290            52             2              
1      1114      1079      30315     30486     30516     216            50             84             1              
1      1069      915       30508     30643     30673     218            291            291            1              
1      1086      738       30463     30560     30590     218            291            189            2              
1      1044      290       30409     30499     30529     218            291            127            3              
1      663       232       30373     30453     30483     219            131            266            1              
2      735       620       30540     30619     30649     224            131            131            1              
1      688       647       30558     30619     30649     226            131            280            1              
1      757       597       30407     30538     30568     230            131            131            1              
3      735       620       30540     30634     30664     231            131            131            1              
1      735       526       30496     30604     30634     231            131            52             2              
1      913       923       30461     30552     30582     233            291            290            1              
1      702       842       30270     30330     30360     236            290            290            1              
1      888       1101      30508     30651     30681     236            290            84             2              
1      619       615       30555     30625     30655     237            131            131            1              
1      686       550       30391     30487     30517     239            131            189            1              
1      686       351       30350     30457     30487     239            131            52             2              
2      1274      1580      30516     30622     30652     248            84             296            1              
1      722       419       30415     30480     30510     250            290            168            1              
1      597       719       30473     30569     30599     254            131            189            1              
3      376       573       30343     30482     30512     257            168            189            1              
1      443       701       30351     30445     30475     258            168            290            1              
1      297       443       30536     30666     30696     261            277            168            1              
1      336       723       30238     30335     30365     268            277            290            1              
1      62        118       30444     30537     30567     269            98             286            1              
1      62        174       30418     30507     30537     269            98             266            2              
1      46        288       30485     30608     30638     269            98             127            3              
2      336       465       30478     30600     30630     273            277            199            1              
1      194       810       30566     30623     30653     276            207            290            1              
1      277       193       30530     30651     30681     277            87             266            1              
2      420       510       30446     30587     30617     278            168            199            1              
1      401       557       30536     30727     30757     278            999            189            2              
1      690       571       30518     30654     30684     292            131            52             1              
1      374       716       30238     30339     30369     300            119            189            1              
1      725       602       30522     30623     30653     305            290            189            1              
1      645       693       30536     30640     30670     308            280            280            1              
1      992       674       30469     30601     30631     312            290            189            3              
1      905       389       30301     30390     30420     314            290            299            1              
1      722       602       30410     30484     30514     317            290            189            1              
1      532       883       30448     30505     30535     319            199            290            1              
1      1053      686       30435     30486     30516     323            84             131            1              
1      395       1032      30495     30629     30659     324            100            84             1              
1      793       1143      30552     30631     30661     325            290            84             1              
3      464       199       30402     30496     30526     327            168            178            1              
3      914       761       30488     30592     30622     328            291            50             1              
1      894       335       30540     30633     30663     328            291            119            2              
2      464       199       30402     30504     30534     329            168            178            1              
1      875       915       30307     30425     30455     332            291            291            1              
2      875       985       30389     30455     30485     332            291            50             2              
1      872       1053      30524     30622     30652     332            291            84             3              
1      1100      1180      30477     30647     30677     333            84             84             1              
1      608       697       30569     30610     30640     339            189            189            1              
2      608       815       30469     30580     30610     339            189            290            2              
2      673       652       30568     30632     30662     342            189            189            1              
1      484       172       30345     30390     30420     344            189            286            1              
1      778       550       30519     30614     30644     346            131            189            1              
1      727       296       30493     30621     30651     347            290            277            1              
4      576       902       30532     30606     30636     355            189            50             1              
1      963       673       30423     30508     30538     357            50             189            1              
2      604       507       30519     30605     30635     359            189            189            1              
1      478       747       30395     30511     30541     360            52             290            1              
1      559       982       30539     30625     30655     362            189            291            1              
3      792       882       30410     30501     30531     366            290            290            2              
3      195       253       30541     30628     30658     370            207            206            1              
1      874       720       30429     30527     30557     372            291            290            1              
1      739       698       30523     30605     30635     377            189            189            1              
1      738       551       30502     30564     30594     377            189            189            2              
1      599       968       30551     30663     30693     381            280            290            1              
3      817       972       30526     30622     30652     385            290            290            1              
1      909       91        30408     30543     30573     385            290            178            2              
1      531       308       30449     30480     30510     386            189            127            1              
3      134       1402      30210     30292     30322     388            9              129            1              
1      256       527       30524     30632     30662     389            87             52             1              
1      255       504       30478     30550     30580     389            87             52             2              
1      759       31        30308     30406     30436     399            131            9              1              
1      529       593       30564     30627     30657     400            189            52             1              
1      314       183       30565     30670     30700     401            119            178            1              
1      713       1032      30513     30638     30668     403            131            84             1              
1      894       371       30224     30316     30346     406            291            52             1              
2      847       1542      30532     30627     30657     407            291            296            1              
1      993       552       30320     30424     30454     408            84             189            1              
1      701       513       30561     30648     30678     414            290            199            1              
1      906       894       30408     30496     30526     416            290            291            1              
1      601       776       30543     30600     30630     419            189            131            1              
2      908       1027      30494     30688     30718     424            290            50             1              
1      597       417       30443     30535     30565     427            131            100            1              
3      673       652       30568     30630     30660     430            189            189            1              
1      442       400       30547     30640     30670     437            168            168            1              
3      791       950       30375     30488     30518     442            290            290            1              
2      293       749       30414     30480     30510     444            87             290            1              
2      645       97        30321     30393     30423     446            280            9              1              
3      314       556       30382     30539     30569     453            119            199            1              
1      441       649       30382     30522     30552     456            168            189            1              
1      1187      553       30486     30657     30687     457            291            189            1              
3      892       768       30433     30563     30593     460            291            290            1              
1      465       631       30353     30451     30481     471            199            189            1              
1      1141      294       30244     30405     30435     473            84             87             1              
1      893       483       30495     30584     30614     477            291            189            1              
1      233       526       30538     30606     30636     479            206            52             1              
1      936       1148      30278     30357     30387     503            291            291            1              
2      527       133       30369     30473     30503     512            52             9              1              
1      857       677       30534     30635     30665     518            290            189            1              
1      721       924       30342     30430     30460     526            290            290            1              
3      690       304       30112     30221     30251     530            131            299            1              
1      1188      1217      30479     30567     30597     531            192            84             1              
3      887       692       30505     30637     30667     536            290            280            1              
1      622       31        30463     30527     30557     538            280            9              1              
1      332       556       30319     30390     30420     541            87             199            1              
1      312       813       30388     30460     30490     541            87             290            2              
3      476       369       30504     30624     30654     543            52             52             1              
1      118       670       30567     30600     30630     544            286            280            1              
1      836       723       30544     30625     30655     546            290            290            1              
1      936       498       30547     30619     30649     555            291            52             3              
1      842       741       30480     30663     30693     558            290            50             1              
3      887       692       30505     30591     30621     558            290            280            2              
1      971       489       30153     30333     30363     559            290            199            1              
2      795       433       30502     30611     30641     559            290            52             2              
1      894       174       30406     30485     30515     560            291            266            1              
1      598       648       30546     30685     30715     561            189            189            1              
3      314       556       30382     30541     30571     564            119            199            1              
1      839       1182      30505     30647     30677     566            290            84             1              
1      552       487       30525     30622     30652     570            189            199            1              
2      713       193       29848     29962     29992     572            131            266            1              
1      769       630       30515     30593     30623     573            290            189            1              
1      791       1091      30522     30638     30668     573            290            291            2              
1      857       947       30497     30635     30665     575            290            290            1              
3      857       697       30501     30605     30635     575            290            189            2              
1      1066      805       30485     30619     30649     584            291            291            3              
2      945       349       30222     30336     30366     586            50             127            1              
3      772       578       30529     30666     30696     588            290            189            1              
1      1087      675       30188     30302     30332     589            291            189            1              
1      780       178       29997     30091     30121     590            291            178            1              
1      838       926       30491     30636     30666     592            290            290            1              
1      838       914       30567     30666     30696     592            290            291            2              
1      1000      504       30201     30323     30353     593            291            52             1              
1      1011      522       30335     30446     30476     597            84             52             1              
1      969       1023      30483     30628     30658     600            290            291            2              
1      768       691       30481     30562     30592     602            290            131            1              
2      1053      720       30139     30264     30294     609            84             290            1              
1      837       959       30494     30614     30644     609            290            291            2              
1      842       947       30478     30601     30631     610            290            290            1              
1      888       738       30419     30536     30566     610            290            189            2              
2      1090      896       30377     30444     30474     612            291            291            1              
2      793       1227      30364     30503     30533     613            290            192            1              
2      857       697       30501     30605     30635     618            290            189            1              
2      722       582       30532     30601     30631     619            290            189            1              
1      813       858       30522     30578     30608     620            290            290            1              
2      795       679       30561     30671     30701     620            290            290            2              
1      1036      652       30407     30570     30600     624            84             189            1              
2      1036      200       30505     30600     30630     624            84             87             2              
3      884       1171      30506     30580     30610     625            290            192            1              
1      1078      748       30389     30601     30631     631            84             290            1              
1      1078      312       30462     30631     30661     631            84             87             2              
1      1078      212       30385     30571     30601     631            84             266            3              
1      961       698       30339     30448     30478     632            291            189            1              
1      1119      881       30426     30637     30667     633            84             290            1              
1      700       583       30383     30474     30504     634            290            189            1              
1      884       551       30408     30477     30507     637            290            189            1              
3      768       960       30345     30390     30420     639            290            291            1              
1      715       453       30551     30650     30680     639            131            52             2              
1      720       937       30552     30600     30630     641            290            291            1              
1      948       837       30377     30494     30524     646            290            290            1              
2      991       325       30339     30452     30482     648            290            299            1              
1      968       719       30426     30512     30542     650            290            189            2              
2      984       331       30080     30248     30278     653            291            127            1              
1      860       488       30502     30576     30606     658            290            199            1              
3      766       696       30470     30548     30578     662            290            189            1              
1      810       139       30511     30618     30648     662            290            57             2              
2      959       156       30067     30170     30200     663            291            286            1              
2      791       437       30338     30460     30490     664            290            100            1              
1      888       535       30568     30659     30689     667            290            189            2              
2      767       250       30194     30291     30321     668            290            127            1              
2      599       247       30543     30677     30707     669            280            266            1              
1      739       19        30381     30437     30467     669            189            98             2              
1      1011      1012      30369     30488     30518     672            84             84             1              
1      950       905       30476     30564     30594     672            290            290            2              
2      862       723       30374     30458     30488     673            290            290            1              
2      817       466       30425     30552     30582     678            290            199            1              
1      887       314       30382     30454     30484     678            290            119            2              
1      328       413       30513     30630     30660     681            299            52             1              
3      847       1542      30532     30648     30678     684            291            296            1              
2      1023      804       30517     30632     30662     688            291            291            1              
1      915       579       30363     30475     30505     690            291            189            1              
1      1044      215       30184     30301     30331     690            291            178            2              
1      390       488       30347     30475     30505     691            52             199            1              
1      1128      502       30509     30549     30579     692            291            52             1              
1      924       817       30547     30639     30669     694            290            290            1              
2      884       1171      30506     30578     30608     694            290            192            2              
1      771       557       30448     30516     30546     695            290            189            1              
1      793       328       30488     30617     30647     695            290            299            2              
2      436       376       30448     30480     30510     696            100            168            1              
1      948       719       30164     30255     30285     697            290            189            1              
2      827       527       30543     30625     30655     704            291            52             1              
1      873       43        30515     30570     30600     704            291            9              2              
1      849       1010      30507     30632     30662     708            291            290            1              
2      951       1001      30397     30588     30618     710            290            291            1              
1      1207      1086      30542     30660     30690     711            192            291            1              
1      1068      972       30425     30574     30604     712            291            290            1              
3      1069      1100      30560     30698     30728     712            291            84             2              
1      1355      179       30372     30453     30483     714            129            178            1              
1      1129      527       30426     30627     30657     716            291            52             1              
1      969       1010      30549     30615     30645     722            290            290            2              
1      836       925       30522     30616     30646     723            290            290            1              
1      935       1579      30434     30521     30551     727            291            296            1              
2      1023      912       30502     30561     30591     728            291            291            1              
1      1023      350       30505     30591     30621     728            291            127            2              
1      759       1053      30384     30491     30521     729            131            84             1              
1      722       574       30432     30502     30532     733            290            189            1              
1      726       1015      30521     30623     30653     734            290            84             1              
2      1089      1079      30462     30566     30596     740            291            84             1              
1      772       728       30512     30622     30652     742            290            290            1              
1      748       1543      30360     30485     30515     742            290            296            2              
1      761       268       30188     30252     30282     743            50             299            1              
1      791       874       30530     30634     30664     745            290            291            1              
1      1003      923       30522     30648     30678     747            291            290            1              
1      961       836       30475     30562     30592     747            291            290            2              
1      929       968       30365     30491     30521     749            290            290            1              
1      1117      926       30458     30626     30656     758            84             290            1              
1      1158      627       30159     30424     30454     758            84             189            2              
1      1055      554       30387     30549     30579     758            84             189            3              
1      936       1151      30507     30590     30620     763            291            291            1              
1      959       1218      30547     30646     30676     763            291            84             2              
1      1207      959       30551     30660     30690     775            192            291            1              
2      1168      497       30466     30564     30594     775            291            999            2              
2      527       395       30432     30530     30560     777            52             100            1              
1      387       326       30529     30626     30656     778            299            299            1              
1      287       645       30561     30600     30630     779            299            280            1              
1      285       394       30566     30650     30680     780            299            100            1              
1      1022      938       30409     30498     30528     781            291            291            1              
1      1001      743       30387     30455     30485     781            291            290            2              
1      981       579       30546     30649     30679     781            291            189            3              
2      233       91        30398     30513     30543     785            206            178            1              
2      388       526       30545     30600     30630     788            299            52             1              
1      303       579       30334     30429     30459     790            299            189            1              
