COLUMNS

passenger_count
pickup_ID
dropoff_ID
request_time_sec
pickup_district
dropoff_district
LDuals
IDuals
vehicle_ID
pick_position
drop_position

REQUESTS_INFO
1      758       418       31265     131       168       122       122       16        1         3         
1      926       990       31271     290       290       114       114       103       1         2         
1      891       851       31207     291       291       179       179       223       1         2         
1      213       694       31269     266       189       148       148       276       1         3         
1      939       1001      31287     291       291       144       144       306       1         3         
1      891       479       31262     291       52        124       124       340       1         2         
1      215       638       31263     178       131       134       134       402       1         3         
2      781       576       31282     291       189       123       123       419       1         2         
1      1265      1087      31278     192       291       136       136       450       1         2         
3      811       835       31271     290       290       126       126       588       1         2         
1      736       769       31271     131       290       142       142       637       1         2         
1      894       981       31266     291       291       124       124       643       1         2         
1      959       802       31273     291       291       137       137       712       1         2         
1      1148      1043      31287     291       291       96        96        719       1         2         
3      458       673       31281     52        189       115       115       733       1         2         
1      939       804       31269     291       291       186       186       743       1         2         
2      913       836       31288     291       290       122       122       759       1         2         
1      556       513       31290     199       199       0         0         0         0         0         
1      815       745       31290     290       290       0         0         0         0         0         
1      630       465       31290     189       199       0         0         0         0         0         
2      908       905       31290     290       290       0         0         0         0         0         
1      929       527       31291     290       52        0         0         0         0         0         
1      887       415       31291     290       100       0         0         0         0         0         
1      760       356       31292     291       119       0         0         0         0         0         
2      436       694       31294     100       189       0         0         0         0         0         
3      651       644       31294     189       131       0         0         0         0         0         
1      959       649       31294     291       189       0         0         0         0         0         
1      287       309       31294     299       127       0         0         0         0         0         
3      136       271       31294     286       127       0         0         0         0         0         
2      651       644       31294     189       131       0         0         0         0         0         
3      436       694       31294     100       189       0         0         0         0         0         
1      607       884       31295     189       290       0         0         0         0         0         
2      1149      715       31295     291       131       0         0         0         0         0         
1      1417      1267      31295     129       129       0         0         0         0         0         
2      389       748       31296     299       290       0         0         0         0         0         
3      485       232       31296     189       266       0         0         0         0         0         
1      374       479       31296     119       52        0         0         0         0         0         
2      669       480       31297     280       52        0         0         0         0         0         
1      399       476       31297     168       52        0         0         0         0         0         
2      254       457       31298     87        52        0         0         0         0         0         
2      666       388       31298     131       299       0         0         0         0         0         
1      968       905       31298     290       290       0         0         0         0         0         
1      725       793       31298     290       290       0         0         0         0         0         
3      254       457       31298     87        52        0         0         0         0         0         
1      601       771       31300     189       290       0         0         0         0         0         
2      731       620       31300     131       131       0         0         0         0         0         
1      617       781       31301     131       291       0         0         0         0         0         
1      1149      1218      31302     291       84        0         0         0         0         0         
1      367       739       31302     299       189       0         0         0         0         0         
1      950       1282      31302     290       192       0         0         0         0         0         
1      501       436       31303     52        100       0         0         0         0         0         
3      410       959       31304     52        291       0         0         0         0         0         
1      455       549       31304     52        52        0         0         0         0         0         
3      410       959       31304     52        291       0         0         0         0         0         
1      759       601       31305     131       189       0         0         0         0         0         
2      605       557       31306     189       189       0         0         0         0         0         
3      663       1225      31306     131       192       0         0         0         0         0         
1      499       526       31306     52        52        0         0         0         0         0         
2      947       502       31307     290       52        0         0         0         0         0         
1      703       860       31307     290       290       0         0         0         0         0         
3      731       621       31307     131       280       0         0         0         0         0         
2      731       621       31307     131       280       0         0         0         0         0         
3      443       486       31308     168       199       0         0         0         0         0         
2      443       486       31308     168       199       0         0         0         0         0         
1      1148      971       31308     291       290       0         0         0         0         0         
1      1095      1214      31309     84        129       0         0         0         0         0         
1      355       368       31311     119       299       0         0         0         0         0         
3      462       527       31312     189       52        0         0         0         0         0         
3      462       527       31312     189       52        0         0         0         0         0         
1      939       717       31312     291       189       0         0         0         0         0         
2      714       969       31313     131       290       0         0         0         0         0         
4      603       649       31314     189       189       0         0         0         0         0         
1      1056      915       31314     84        291       0         0         0         0         0         
3      527       138       31314     52        57        0         0         0         0         0         
3      527       138       31314     52        57        0         0         0         0         0         
3      549       153       31315     52        286       0         0         0         0         0         
1      711       120       31315     131       57        0         0         0         0         0         
2      549       153       31315     52        286       0         0         0         0         0         
3      841       928       31315     290       290       0         0         0         0         0         
1      174       134       31316     266       9         0         0         0         0         0         
1      629       574       31316     189       189       0         0         0         0         0         
3      864       1026      31316     290       291       0         0         0         0         0         
3      864       1026      31316     290       291       0         0         0         0         0         
1      346       556       31318     299       199       0         0         0         0         0         
1      527       459       31318     52        189       0         0         0         0         0         
1      771       1032      31318     290       84        0         0         0         0         0         
1      436       348       31319     100       299       0         0         0         0         0         
1      645       534       31319     280       199       0         0         0         0         0         
1      701       527       31319     290       52        0         0         0         0         0         
3      622       617       31319     280       131       0         0         0         0         0         
3      622       617       31319     280       131       0         0         0         0         0         
1      838       621       31319     290       280       0         0         0         0         0         
