COLUMNS

passenger_count
pickup_ID
dropoff_ID
request_time_sec
pickup_district
dropoff_district
LDuals
IDuals
vehicle_ID
pick_position
drop_position

REQUESTS_INFO
1      1087      1263      29823     291       192       132       132       18        1         4         
1      678       559       29844     290       189       141       141       62        1         2         
1      550       396       29802     189       119       143       143       168       1         3         
1      436       416       29831     100       100       144       144       177       1         3         
1      351       544       29827     52        52        208       208       200       1         4         
2      839       951       29835     290       290       177       177       208       1         2         
3      792       512       29842     290       199       130       130       220       1         2         
2      317       507       29838     277       189       156       156       300       1         3         
1      235       576       29846     87        189       134       134       311       1         3         
3      838       582       29828     290       189       159       159       335       1         3         
3      1027      1087      29808     50        291       224       224       354       1         2         
2      465       294       29828     199       87        149       149       355       1         2         
1      881       969       29826     290       290       126       126       368       1         2         
1      1044      1403      29848     291       129       175       175       387       1         3         
1      336       603       29736     277       189       336       336       397       1         2         
3      465       294       29828     199       87        149       149       405       1         2         
2      1189      1065      29846     192       291       135       135       423       1         2         
1      608       601       29834     189       189       129       129       436       1         4         
1      991       728       29844     290       290       131       131       450       1         2         
1      1023      893       29848     291       291       140       140       466       1         2         
1      483       603       29837     189       189       143       143       484       1         2         
1      780       619       29807     291       131       184       184       491       1         2         
1      984       805       29815     291       291       213       213       548       1         2         
1      295       65        29808     87        98        173       173       550       1         2         
3      792       651       29837     290       189       135       135       588       1         2         
1      377       575       29833     168       189       158       158       602       1         2         
1      824       1065      29819     291       291       208       208       669       1         2         
1      479       325       29753     52        299       280       280       676       1         2         
1      905       580       29839     290       189       110       110       711       1         4         
1      927       116       29819     290       9         153       153       719       1         3         
2      926       630       29764     290       189       273       273       730       1         2         
3      633       416       29835     189       100       140       140       752       1         2         
1      909       946       29821     290       290       165       165       765       1         2         
2      859       651       29841     290       189       123       123       776       1         3         
1      463       358       29794     168       168       175       175       789       1         2         
1      970       906       29731     290       290       266       266       798       1         2         
3      761       699       29848     50        290       123       123       800       1         2         
3      512       171       29826     199       286       126       126       805       1         3         
1      852       789       29838     291       290       147       147       829       1         2         
3      231       138       29825     266       57        144       144       860       1         2         
1      479       345       29718     52        299       315       315       866       1         3         
3      620       414       29843     131       100       119       119       881       1         2         
1      373       627       29838     119       189       154       154       948       1         3         
1      583       767       29824     189       290       133       133       980       1         2         
1      991       812       29842     290       290       133       133       995       1         2         
1      723       532       29846     290       199       88        88        1011      1         3         
2      839       1010      29838     290       290       174       174       1014      1         3         
1      461       457       29825     189       52        170       170       1016      1         3         
2      745       837       29841     290       290       140       140       1026      1         2         
1      827       595       29823     291       131       149       149       1029      1         3         
3      839       1010      29838     290       290       174       174       1040      1         2         
1      835       969       29845     290       290       110       110       1045      1         3         
1      440       251       29828     168       127       136       136       1065      1         2         
1      1088      1206      29798     291       192       210       210       1069      1         2         
1      928       1032      29834     290       84        176       176       1105      1         2         
1      456       376       29802     52        168       117       117       1120      1         3         
1      1069      1011      29795     291       84        250       250       1185      1         2         
2      1107      749       29831     291       290       161       161       1238      1         3         
3      936       626       29826     291       189       177       177       1247      1         3         
1      1065      189       29826     291       286       156       156       1281      1         3         
3      549       627       29846     52        189       142       142       1313      1         3         
1      903       604       29837     290       189       136       136       1337      1         3         
1      1088      1130      29844     291       291       153       153       1355      1         2         
1      512       352       29794     199       119       158       158       1391      1         2         
3      896       1068      29697     291       291       345       345       1726      1         2         
3      253       532       29818     206       199       181       181       1744      1         2         
1      389       668       29821     299       280       111       111       1746      1         4         
1      458       335       29844     52        119       149       149       1799      1         2         
1      768       837       29841     290       290       111       111       1803      1         2         
3      859       651       29841     290       189       144       144       1805      1         3         
1      155       534       29801     286       199       129       129       1855      1         3         
4      454       306       29826     52        299       197       197       1893      1         2         
1      984       946       29849     291       290       179       179       1929      1         2         
3      257       437       29763     87        100       269       269       1953      1         3         
1      278       605       29724     87        189       299       299       1977      1         2         
2      792       651       29837     290       189       135       135       1998      1         2         
1      333       510       29850     119       199       0         0         0         0         0         
2      894       981       29850     291       291       0         0         0         0         0         
1      603       715       29850     189       131       0         0         0         0         0         
1      723       835       29850     290       290       0         0         0         0         0         
2      439       508       29851     189       199       0         0         0         0         0         
3      439       508       29851     189       199       0         0         0         0         0         
3      399       913       29851     168       291       0         0         0         0         0         
3      399       913       29851     168       291       0         0         0         0         0         
3      937       1045      29851     291       291       0         0         0         0         0         
1      1001      925       29851     291       290       0         0         0         0         0         
1      507       210       29851     189       266       0         0         0         0         0         
1      355       443       29852     119       168       0         0         0         0         0         
1      476       721       29852     52        290       0         0         0         0         0         
1      1218      1265      29852     84        192       0         0         0         0         0         
1      1047      989       29852     291       50        0         0         0         0         0         
1      213       325       29852     266       299       0         0         0         0         0         
1      366       152       29852     299       9         0         0         0         0         0         
1      620       625       29853     131       189       0         0         0         0         0         
1      330       671       29853     127       280       0         0         0         0         0         
1      32        699       29853     98        290       0         0         0         0         0         
2      970       946       29853     290       290       0         0         0         0         0         
1      694       531       29853     189       189       0         0         0         0         0         
1      328       737       29854     299       189       0         0         0         0         0         
2      134       459       29854     9         189       0         0         0         0         0         
1      115       171       29855     9         286       0         0         0         0         0         
1      619       555       29855     131       199       0         0         0         0         0         
2      228       578       29855     266       189       0         0         0         0         0         
1      10        200       29855     98        87        0         0         0         0         0         
2      938       505       29855     291       52        0         0         0         0         0         
1      464       528       29855     168       52        0         0         0         0         0         
1      152       81        29855     9         98        0         0         0         0         0         
2      723       624       29855     290       189       0         0         0         0         0         
3      723       624       29855     290       189       0         0         0         0         0         
1      1078      1032      29856     84        84        0         0         0         0         0         
1      881       1010      29856     290       290       0         0         0         0         0         
3      607       570       29856     189       52        0         0         0         0         0         
1      1000      824       29856     291       291       0         0         0         0         0         
1      748       443       29856     290       168       0         0         0         0         0         
1      674       1357      29856     189       129       0         0         0         0         0         
3      549       650       29857     52        189       0         0         0         0         0         
2      549       650       29857     52        189       0         0         0         0         0         
1      1044      534       29857     291       199       0         0         0         0         0         
1      463       624       29857     168       189       0         0         0         0         0         
2      218       332       29858     87        87        0         0         0         0         0         
4      905       842       29858     290       290       0         0         0         0         0         
1      414       670       29858     100       280       0         0         0         0         0         
1      526       452       29858     52        52        0         0         0         0         0         
1      551       416       29858     189       100       0         0         0         0         0         
1      947       937       29858     290       291       0         0         0         0         0         
1      365       192       29859     299       266       0         0         0         0         0         
1      252       109       29859     206       178       0         0         0         0         0         
1      248       692       29860     266       280       0         0         0         0         0         
2      948       882       29860     290       290       0         0         0         0         0         
1      1189      1263      29860     192       192       0         0         0         0         0         
1      434       624       29861     52        189       0         0         0         0         0         
1      475       505       29861     52        52        0         0         0         0         0         
1      484       139       29861     189       57        0         0         0         0         0         
1      795       64        29861     290       98        0         0         0         0         0         
1      549       534       29861     52        199       0         0         0         0         0         
3      860       968       29862     290       290       0         0         0         0         0         
1      645       642       29862     280       131       0         0         0         0         0         
1      413       695       29862     52        189       0         0         0         0         0         
1      397       510       29862     168       199       0         0         0         0         0         
1      355       141       29862     119       54        0         0         0         0         0         
1      1068      544       29862     291       52        0         0         0         0         0         
1      285       389       29862     299       299       0         0         0         0         0         
1      482       269       29862     189       127       0         0         0         0         0         
1      395       532       29862     100       199       0         0         0         0         0         
1      1160      1075      29863     84        84        0         0         0         0         0         
1      691       676       29863     131       189       0         0         0         0         0         
1      1090      1025      29863     291       291       0         0         0         0         0         
1      253       1053      29863     206       84        0         0         0         0         0         
1      654       415       29863     189       100       0         0         0         0         0         
2      533       671       29864     199       280       0         0         0         0         0         
1      815       651       29864     290       189       0         0         0         0         0         
1      963       805       29864     50        291       0         0         0         0         0         
2      350       79        29864     127       98        0         0         0         0         0         
3      509       604       29864     199       189       0         0         0         0         0         
1      389       526       29864     299       52        0         0         0         0         0         
1      847       599       29864     291       280       0         0         0         0         0         
1      389       718       29864     299       189       0         0         0         0         0         
1      1253      1308      29864     129       129       0         0         0         0         0         
1      647       647       29864     280       280       0         0         0         0         0         
1      1000      533       29864     291       199       0         0         0         0         0         
1      551       602       29864     189       189       0         0         0         0         0         
2      747       885       29865     290       290       0         0         0         0         0         
1      626       671       29865     189       280       0         0         0         0         0         
3      228       304       29865     266       299       0         0         0         0         0         
1      575       570       29865     189       52        0         0         0         0         0         
1      992       969       29866     290       290       0         0         0         0         0         
1      527       436       29866     52        100       0         0         0         0         0         
1      598       1282      29866     189       192       0         0         0         0         0         
1      35        96        29867     98        9         0         0         0         0         0         
1      373       389       29867     119       299       0         0         0         0         0         
1      10        116       29867     98        9         0         0         0         0         0         
1      968       722       29867     290       290       0         0         0         0         0         
3      757       645       29867     131       280       0         0         0         0         0         
3      757       645       29867     131       280       0         0         0         0         0         
1      276       520       29868     87        52        0         0         0         0         0         
1      748       1045      29868     290       291       0         0         0         0         0         
1      134       303       29868     9         299       0         0         0         0         0         
1      656       576       29868     290       189       0         0         0         0         0         
1      1109      1011      29868     291       84        0         0         0         0         0         
1      603       673       29869     189       189       0         0         0         0         0         
1      837       82        29869     290       98        0         0         0         0         0         
2      256       526       29869     87        52        0         0         0         0         0         
2      916       961       29869     291       291       0         0         0         0         0         
1      714       500       29869     131       52        0         0         0         0         0         
3      576       903       29870     189       290       0         0         0         0         0         
2      576       903       29870     189       290       0         0         0         0         0         
3      295       483       29870     87        189       0         0         0         0         0         
2      295       483       29870     87        189       0         0         0         0         0         
1      630       676       29870     189       189       0         0         0         0         0         
1      284       650       29870     299       189       0         0         0         0         0         
1      418       556       29870     168       199       0         0         0         0         0         
1      506       461       29870     189       189       0         0         0         0         0         
1      286       310       29870     299       127       0         0         0         0         0         
1      688       650       29870     131       189       0         0         0         0         0         
2      189       45        29871     286       98        0         0         0         0         0         
1      805       670       29871     291       280       0         0         0         0         0         
1      1012      859       29871     84        290       0         0         0         0         0         
1      743       834       29871     290       290       0         0         0         0         0         
1      1148      1005      29871     291       50        0         0         0         0         0         
1      698       719       29871     189       189       0         0         0         0         0         
1      1319      1010      29872     129       290       0         0         0         0         0         
1      522       744       29872     52        290       0         0         0         0         0         
1      622       742       29872     280       290       0         0         0         0         0         
2      773       790       29872     290       290       0         0         0         0         0         
1      648       573       29872     189       189       0         0         0         0         0         
1      595       1264      29872     131       192       0         0         0         0         0         
1      759       699       29873     131       290       0         0         0         0         0         
1      945       116       29873     50        9         0         0         0         0         0         
1      272       398       29873     127       168       0         0         0         0         0         
1      654       601       29873     189       189       0         0         0         0         0         
1      783       670       29873     50        280       0         0         0         0         0         
1      892       782       29873     291       291       0         0         0         0         0         
1      328       459       29874     299       189       0         0         0         0         0         
3      702       82        29874     290       98        0         0         0         0         0         
2      702       82        29874     290       98        0         0         0         0         0         
1      716       527       29874     189       52        0         0         0         0         0         
3      60        462       29874     9         189       0         0         0         0         0         
1      654       484       29874     189       189       0         0         0         0         0         
1      378       624       29874     168       189       0         0         0         0         0         
1      60        670       29874     9         280       0         0         0         0         0         
3      905       984       29875     290       291       0         0         0         0         0         
2      905       984       29875     290       291       0         0         0         0         0         
1      487       527       29875     199       52        0         0         0         0         0         
1      200       10        29875     87        98        0         0         0         0         0         
1      991       674       29875     290       189       0         0         0         0         0         
1      983       746       29875     291       290       0         0         0         0         0         
1      1053      906       29875     84        290       0         0         0         0         0         
1      903       20        29876     290       98        0         0         0         0         0         
2      137       358       29876     286       168       0         0         0         0         0         
3      509       574       29876     199       189       0         0         0         0         0         
2      371       325       29876     52        299       0         0         0         0         0         
1      904       651       29876     290       189       0         0         0         0         0         
2      509       574       29876     199       189       0         0         0         0         0         
3      744       722       29876     290       290       0         0         0         0         0         
2      744       722       29876     290       290       0         0         0         0         0         
3      969       904       29876     290       290       0         0         0         0         0         
3      969       904       29876     290       290       0         0         0         0         0         
3      459       410       29877     189       52        0         0         0         0         0         
1      579       437       29877     189       100       0         0         0         0         0         
3      903       720       29877     290       290       0         0         0         0         0         
1      482       348       29877     189       299       0         0         0         0         0         
1      744       604       29877     290       189       0         0         0         0         0         
1      433       523       29877     52        52        0         0         0         0         0         
1      527       438       29877     52        100       0         0         0         0         0         
1      990       789       29877     290       290       0         0         0         0         0         
1      641       780       29878     131       291       0         0         0         0         0         
1      580       695       29878     189       189       0         0         0         0         0         
1      929       969       29878     290       290       0         0         0         0         0         
1      498       416       29878     52        100       0         0         0         0         0         
1      726       551       29878     290       189       0         0         0         0         0         
3      486       601       29878     199       189       0         0         0         0         0         
2      486       601       29878     199       189       0         0         0         0         0         
1      925       815       29879     290       290       0         0         0         0         0         
1      233       651       29879     206       189       0         0         0         0         0         
1      739       552       29879     189       189       0         0         0         0         0         
1      171       117       29879     286       286       0         0         0         0         0         
