COLUMNS

passenger_count
pickup_ID
dropoff_ID
request_time_sec
pickup_district
dropoff_district
LDuals
IDuals
vehicle_ID
pick_position
drop_position

REQUESTS_INFO
3      549       800       29828     52        131       118       118       72        1         2         
1      434       505       29843     52        52        125       125       82        1         2         
2      391       327       29829     52        299       199       199       86        1         2         
3      767       788       29835     290       290       110       110       98        1         2         
1      348       116       29823     299       9         216       216       107       1         3         
1      256       526       29834     87        52        173       173       108       1         2         
1      1187      62        29847     291       98        167       167       118       1         2         
1      841       465       29845     290       199       106       106       153       1         3         
2      325       720       29790     299       290       221       221       158       1         3         
2      995       1308      29718     84        129       330       330       187       1         2         
1      309       421       29816     127       168       225       225       200       1         2         
3      272       552       29791     127       189       261       261       209       1         2         
1      351       313       29744     52        87        319       319       211       1         2         
3      1065      936       29776     291       291       226       226       212       1         3         
1      1025      936       29832     291       291       212       212       212       2         4         
1      792       718       29844     290       189       81        81        215       1         2         
3      927       649       29825     290       189       197       197       217       1         2         
2      732       644       29797     131       131       128       128       222       1         2         
1      308       371       29802     127       52        254       254       299       1         2         
1      983       476       29771     291       52        235       235       309       1         3         
1      331       439       29848     127       189       216       216       317       1         2         
1      679       788       29834     290       290       113       113       318       1         3         
1      699       557       29823     290       189       121       121       321       1         3         
2      483       552       29812     189       189       120       120       418       1         2         
1      1142      748       29801     84        290       221       221       436       1         3         
1      811       724       29835     290       290       130       130       439       1         2         
1      971       696       29811     290       189       162       162       459       1         3         
3      287       233       29803     299       206       251       251       465       1         2         
1      1106      1021      29835     291       291       152       152       474       1         3         
1      848       662       29779     291       131       237       237       486       1         2         
2      1065      936       29776     291       291       215       215       529       1         2         
3      293       498       29830     87        52        200       200       533       1         3         
2      841       699       29831     290       290       169       169       586       1         2         
3      946       938       29733     290       291       267       267       592       1         2         
1      948       649       29810     290       189       215       215       595       1         3         
2      924       550       29821     290       189       137       137       600       1         3         
1      908       696       29821     290       189       222       222       617       1         2         
2      747       905       29831     290       290       172       172       619       1         2         
1      285       555       29824     299       199       177       177       625       1         3         
1      581       527       29825     189       52        105       105       626       1         2         
1      936       871       29841     291       291       126.5     126.5     629       1         2         
1      923       575       29811     290       189       151       151       630       1         4         
2      888       905       29825     290       290       189       189       633       1         2         
3      293       498       29830     87        52        200       200       634       1         3         
1      907       947       29812     290       290       231       231       647       1         2         
3      938       881       29672     291       290       355.5     355.5     663       1         2         
1      916       625       29849     291       189       141.5     141.5     671       1         2         
2      875       700       29794     291       290       225.5     225.5     672       1         2         
3      927       649       29825     290       189       197       197       675       1         2         
1      1168      1091      29790     291       291       222       222       698       1         2         
1      1043      438       29792     291       100       204.5     204.5     732       1         3         
1      1021      727       29753     291       290       286.5     286.5     738       1         2         
2      896       421       29848     291       168       178.5     178.5     755       1         2         
1      305       134       29830     299       9         212       212       782       1         2         
1      527       624       29850     52        189       0         0         0         0         0         
1      464       674       29850     168       189       0         0         0         0         0         
1      269       416       29850     127       100       0         0         0         0         0         
2      677       78        29851     189       9         0         0         0         0         0         
1      526       738       29852     52        189       0         0         0         0         0         
1      556       117       29852     199       286       0         0         0         0         0         
1      1068      896       29852     291       291       0         0         0         0         0         
1      651       582       29853     189       189       0         0         0         0         0         
1      1233      1208      29853     129       192       0         0         0         0         0         
2      603       644       29853     189       131       0         0         0         0         0         
3      603       644       29853     189       131       0         0         0         0         0         
2      723       626       29853     290       189       0         0         0         0         0         
3      723       626       29853     290       189       0         0         0         0         0         
4      191       526       29854     266       52        0         0         0         0         0         
1      802       1208      29854     291       192       0         0         0         0         0         
1      461       581       29855     189       189       0         0         0         0         0         
1      928       925       29855     290       290       0         0         0         0         0         
1      354       421       29855     119       168       0         0         0         0         0         
1      723       836       29855     290       290       0         0         0         0         0         
2      1087      698       29856     291       189       0         0         0         0         0         
1      365       555       29856     299       199       0         0         0         0         0         
1      889       817       29857     290       290       0         0         0         0         0         
1      791       366       29857     290       299       0         0         0         0         0         
1      958       697       29857     291       189       0         0         0         0         0         
1      395       570       29857     100       52        0         0         0         0         0         
2      756       1220      29858     131       84        0         0         0         0         0         
1      925       726       29859     290       290       0         0         0         0         0         
1      116       605       29859     9         189       0         0         0         0         0         
1      98        461       29859     98        189       0         0         0         0         0         
1      398       332       29859     168       87        0         0         0         0         0         
1      852       669       29860     291       280       0         0         0         0         0         
1      772       375       29860     290       119       0         0         0         0         0         
1      1117      1054      29860     84        84        0         0         0         0         0         
1      412       330       29860     52        127       0         0         0         0         0         
1      579       624       29860     189       189       0         0         0         0         0         
1      723       650       29861     290       189       0         0         0         0         0         
1      256       727       29861     87        290       0         0         0         0         0         
2      598       692       29862     189       280       0         0         0         0         0         
1      886       1001      29862     290       291       0         0         0         0         0         
1      304       570       29862     299       52        0         0         0         0         0         
1      838       575       29862     290       189       0         0         0         0         0         
1      278       197       29863     87        178       0         0         0         0         0         
1      399       108       29864     168       178       0         0         0         0         0         
1      810       626       29864     290       189       0         0         0         0         0         
1      1001      718       29864     291       189       0         0         0         0         0         
1      308       604       29864     127       189       0         0         0         0         0         
1      604       550       29864     189       189       0         0         0         0         0         
2      215       413       29864     178       52        0         0         0         0         0         
1      629       556       29864     189       199       0         0         0         0         0         
1      463       651       29865     168       189       0         0         0         0         0         
3      179       190       29865     178       286       0         0         0         0         0         
3      179       190       29865     178       286       0         0         0         0         0         
1      291       604       29866     87        189       0         0         0         0         0         
1      772       768       29866     290       290       0         0         0         0         0         
1      1022      651       29866     291       189       0         0         0         0         0         
1      575       459       29866     189       189       0         0         0         0         0         
1      620       101       29866     131       57        0         0         0         0         0         
1      864       760       29866     290       291       0         0         0         0         0         
2      336       463       29867     277       168       0         0         0         0         0         
1      369       116       29867     52        9         0         0         0         0         0         
1      513       604       29868     199       189       0         0         0         0         0         
3      604       651       29868     189       189       0         0         0         0         0         
3      604       651       29868     189       189       0         0         0         0         0         
2      970       580       29868     290       189       0         0         0         0         0         
1      700       970       29868     290       290       0         0         0         0         0         
1      984       1167      29868     291       291       0         0         0         0         0         
4      549       138       29869     52        57        0         0         0         0         0         
1      914       758       29869     291       131       0         0         0         0         0         
1      737       756       29870     189       131       0         0         0         0         0         
1      336       535       29871     277       189       0         0         0         0         0         
1      739       812       29871     189       290       0         0         0         0         0         
1      556       664       29872     199       131       0         0         0         0         0         
1      357       550       29873     277       189       0         0         0         0         0         
1      158       366       29874     174       299       0         0         0         0         0         
1      633       792       29874     189       290       0         0         0         0         0         
1      287       412       29874     299       52        0         0         0         0         0         
1      277       671       29874     87        280       0         0         0         0         0         
1      724       557       29874     290       189       0         0         0         0         0         
3      864       925       29875     290       290       0         0         0         0         0         
3      864       925       29875     290       290       0         0         0         0         0         
1      725       464       29875     290       168       0         0         0         0         0         
1      723       626       29875     290       189       0         0         0         0         0         
1      769       723       29875     290       290       0         0         0         0         0         
1      697       116       29875     189       9         0         0         0         0         0         
1      410       435       29876     52        52        0         0         0         0         0         
2      1139      1215      29877     84        129       0         0         0         0         0         
1      527       624       29877     52        189       0         0         0         0         0         
1      457       81        29877     52        98        0         0         0         0         0         
3      181       116       29877     178       9         0         0         0         0         0         
2      181       116       29877     178       9         0         0         0         0         0         
3      810       673       29878     290       189       0         0         0         0         0         
2      810       673       29878     290       189       0         0         0         0         0         
1      959       759       29878     291       131       0         0         0         0         0         
1      386       252       29879     299       206       0         0         0         0         0         
1      549       674       29879     52        189       0         0         0         0         0         
