COLUMNS

passenger_count
pickup_ID
dropoff_ID
request_time_sec
pickup_district
dropoff_district
LDuals
IDuals
vehicle_ID
pick_position
drop_position

REQUESTS_INFO
1      344       600       29729     299       280       211.5     211.5     9         1         3         
2      292       371       29703     87        52        196       196       19        1         2         
1      842       676       29728     290       189       286       286       20        1         3         
3      701       526       29717     290       52        172       172       33        1         2         
1      721       603       29711     290       189       124       124       37        1         3         
1      1066      1218      29706     291       84        263       263       45        1         4         
1      874       464       29719     291       168       137       137       49        1         3         
1      769       527       29702     290       52        206       206       55        1         3         
1      834       618       29678     290       131       254       254       64        1         3         
1      152       32        29716     9         98        108       108       76        1         2         
1      864       745       29668     290       290       315.5     315.5     81        1         3         
1      1148      768       29616     291       290       334       334       88        1         3         
2      992       673       29722     290       189       278       278       90        1         2         
2      267       652       29713     266       189       139.5     139.5     96        1         3         
3      701       526       29717     290       52        172       172       100       1         3         
1      351       308       29696     52        127       228       228       104       1         3         
1      1065      916       29703     291       291       252       252       110       1         2         
3      905       438       29577     290       100       391       391       116       1         3         
2      838       630       29665     290       189       291       291       120       1         2         
1      882       651       29713     290       189       157       157       150       1         4         
1      861       116       29508     290       9         446       446       166       2         5         
3      827       698       29729     291       189       135       135       175       1         2         
3      908       79        29585     290       98        430       430       204       2         4         
1      839       907       29635     290       290       336       336       211       1         3         
2      839       827       29700     290       291       271       271       211       2         4         
1      479       793       29711     52        290       140       140       224       1         5         
1      335       291       29688     119       87        204       204       229       1         2         
1      927       836       29650     290       290       345.5     345.5     234       1         2         
1      272       534       29696     127       199       201       201       246       1         3         
1      702       1016      29701     290       84        152       152       258       1         4         
1      970       1225      29724     290       192       193       193       259       1         4         
1      816       626       29690     290       189       270.5     270.5     268       1         3         
1      947       746       29722     290       290       268       268       269       2         3         
1      1448      1518      29666     129       296       227       227       273       1         2         
2      913       618       29718     291       131       200       200       277       1         3         
1      816       21        29639     290       98        321.5     321.5     286       1         3         
2      768       558       29714     290       189       190       190       288       1         3         
1      526       577       29715     52        189       161       161       293       1         2         
3      596       409       29700     131       52        215       215       297       1         3         
1      1225      1087      29631     192       291       308       308       303       2         3         
1      688       252       29725     131       206       153       153       308       1         2         
3      273       629       29695     206       189       203       203       319       1         2         
2      418       650       29715     168       189       127       127       321       1         4         
1      314       744       29671     119       290       237       237       327       1         4         
2      750       628       29624     999       189       329       329       333       1         3         
1      905       1004      29693     290       291       273.5     273.5     342       1         3         
2      884       116       29693     290       9         271       271       347       1         4         
2      926       760       29568     290       291       431.5     431.5     347       2         3         
1      550       691       29679     189       131       179       179       364       1         3         
3      549       926       29708     52        290       155       155       364       2         4         
2      444       1053      29717     168       84        158       158       366       1         3         
1      632       696       29674     189       189       199       199       374       1         3         
3      847       669       29698     291       280       198       198       379       1         2         
1      1044      652       29678     291       189       282       282       419       1         3         
3      488       726       29648     199       290       252       252       429       1         2         
2      883       768       29619     290       290       348       348       433       1         2         
1      847       572       29688     291       131       202       202       442       1         3         
1      781       789       29726     291       290       127       127       468       1         3         
1      313       248       29558     87        266       359       359       470       1         2         
1      857       768       29682     290       290       250.5     250.5     498       1         2         
1      980       647       29698     291       280       226       226       506       2         5         
3      884       116       29693     290       9         271       271       512       1         3         
1      435       372       29715     52        119       159       159       515       1         2         
1      759       634       29706     131       999       146       146       523       1         3         
1      991       925       29703     290       290       261       261       546       1         3         
2      968       698       29696     290       189       310       310       546       2         4         
1      644       616       29721     131       131       139       139       563       1         2         
3      757       894       29695     131       291       139       139       576       1         2         
1      981       739       29682     291       189       268       268       577       1         2         
1      1213      1249      29670     129       129       290       290       583       1         2         
1      270       627       29710     127       189       146       146       605       1         3         
1      958       824       29670     291       291       249       249       608       1         3         
1      535       640       29723     189       131       123       123       615       1         3         
1      632       649       29677     189       189       196       196       619       1         4         
1      726       648       29654     290       189       269       269       619       2         3         
1      905       909       29590     290       290       376.5     376.5     623       1         2         
1      397       412       29729     168       52        122       122       631       1         3         
1      970       649       29724     290       189       264       264       639       1         4         
4      772       529       29460     290       189       485       485       648       1         2         
1      960       801       29669     291       291       265       265       649       1         3         
1      1003      673       29686     291       189       284       284       649       2         4         
1      133       19        29727     9         98        98        98        673       1         2         
2      981       557       29541     291       189       409       409       703       1         3         
2      1245      1025      29524     192       291       407       407       717       1         3         
2      1243      992       29634     192       290       312       312       717       2         4         
1      1053      578       29551     84        189       364       364       727       2         4         
1      816       696       29678     290       189       279       279       729       2         4         
3      314       461       29521     119       189       396       396       753       1         3         
1      314       488       29650     119       199       258       258       753       2         4         
1      237       417       29704     87        100       161       161       760       1         3         
1      863       1180      29723     290       84        274       274       763       1         3         
3      1010      649       29659     290       189       341       341       766       1         2         
1      757       1002      29700     131       291       134       134       778       1         2         
2      770       669       29612     290       280       320       320       785       1         3         
1      836       628       29670     290       189       257       257       825       1         3         
1      945       484       29700     50        189       289.5     289.5     828       1         3         
3      865       536       29067     290       189       941       941       831       1         4         
1      841       651       29668     290       189       336       336       831       2         3         
1      481       545       29701     189       52        194       194       837       1         2         
3      985       416       29597     50        100       325       325       838       1         3         
3      444       1053      29717     168       84        158       158       846       1         3         
2      923       1656      29553     290       142       422.5     422.5     848       1         3         
2      457       557       29721     52        189       130       130       857       1         4         
3      1106      116       29565     291       9         396       396       862       1         3         
3      926       760       29568     290       291       431.5     431.5     877       1         3         
1      841       925       29555     290       290       449       449       886       1         2         
1      1355      1606      29657     129       296       262       262       887       1         3         
2      947       485       29718     290       189       274       274       895       1         3         
1      817       1491      29682     290       296       207       207       909       1         3         
1      841       673       29726     290       189       278       278       916       1         3         
1      479       408       29715     52        299       179       179       917       1         3         
1      816       628       29718     290       189       239       239       925       2         5         
2      817       675       29729     290       189       230.5     230.5     925       3         4         
1      768       675       29708     290       189       137       137       937       1         2         
1      817       79        29729     290       98        233       233       944       1         5         
3      947       812       29653     290       290       339       339       953       1         3         
1      906       788       29479     290       290       490       490       959       2         4         
1      928       21        29679     290       98        333       333       963       1         4         
2      1065      914       29650     291       291       305       305       977       1         3         
2      1065      1032      29583     291       84        376       376       977       2         4         
4      1087      981       29659     291       291       337       337       981       1         2         
1      836       768       29728     290       290       199       199       1001      1         3         
2      860       737       29702     290       189       237       237       1001      2         4         
3      1402      1187      29668     129       291       270       270       1012      1         2         
1      1233      692       29623     129       280       294       294       1014      1         4         
1      1230      1046      29685     129       291       266       266       1014      2         3         
1      928       604       29676     290       189       336       336       1023      2         3         
1      766       649       29711     290       189       137       137       1036      1         3         
1      488       650       29653     199       189       233       233       1038      1         3         
1      1004      780       29645     291       291       317       317       1039      1         3         
1      462       134       29675     189       9         153       153       1057      1         4         
3      336       444       29712     277       168       197       197       1060      1         2         
2      884       544       29719     290       52        245       245       1088      2         4         
1      971       773       29705     290       290       279       279       1095      1         3         
1      1045      1303      29628     291       129       325       325       1109      1         3         
1      749       421       29701     290       168       238       238       1133      2         4         
3      314       461       29521     119       189       396       396       1139      1         3         
3      816       573       29441     290       189       521       521       1141      1         3         
1      1001      760       29707     291       291       257       257       1161      1         2         
3      817       675       29729     290       189       240       240       1169      1         3         
3      1248      696       29680     129       189       267       267       1172      1         2         
2      813       606       29668     290       189       277       277       1176      1         3         
1      393       555       29717     52        199       134       134       1180      1         2         
1      992       886       29658     290       290       342       342       1200      1         2         
2      949       1053      29465     290       84        528       528       1203      1         3         
2      949       1208      29711     290       192       280       280       1203      2         4         
1      485       532       29702     189       199       135       135       1205      1         2         
1      947       766       29719     290       290       271       271       1228      1         2         
1      1043      526       29646     291       52        335       335       1236      1         2         
3      840       232       29708     290       266       266       266       1250      1         3         
1      863       651       29718     290       189       279       279       1256      1         3         
1      305       134       29670     299       9         210       210       1259      1         2         
3      1058      603       29608     84        189       351       351       1261      1         3         
2      284       474       29712     299       52        161.5     161.5     1263      1         2         
1      557       571       29689     189       52        145       145       1264      1         3         
2      815       559       29285     290       189       674       674       1282      1         2         
1      464       208       29730     168       286       0         0         0         0         0         
1      835       573       29731     290       189       0         0         0         0         0         
1      842       905       29731     290       290       0         0         0         0         0         
1      417       295       29731     100       87        0         0         0         0         0         
1      742       578       29731     290       189       0         0         0         0         0         
1      194       134       29732     207       9         0         0         0         0         0         
4      873       674       29732     291       189       0         0         0         0         0         
2      983       647       29732     291       280       0         0         0         0         0         
1      295       148       29732     87        178       0         0         0         0         0         
1      972       836       29732     290       290       0         0         0         0         0         
1      702       557       29732     290       189       0         0         0         0         0         
1      779       473       29732     131       52        0         0         0         0         0         
2      924       11        29733     290       999       0         0         0         0         0         
3      924       11        29733     290       999       0         0         0         0         0         
1      133       600       29733     9         280       0         0         0         0         0         
1      505       464       29733     52        168       0         0         0         0         0         
1      607       79        29733     189       98        0         0         0         0         0         
1      557       64        29734     189       98        0         0         0         0         0         
1      527       737       29734     52        189       0         0         0         0         0         
3      759       20        29734     131       98        0         0         0         0         0         
3      759       20        29734     131       98        0         0         0         0         0         
1      532       827       29735     199       291       0         0         0         0         0         
2      349       576       29735     127       189       0         0         0         0         0         
1      458       626       29735     52        189       0         0         0         0         0         
2      458       601       29735     52        189       0         0         0         0         0         
1      1066      1066      29735     291       291       0         0         0         0         0         
1      1046      748       29736     291       290       0         0         0         0         0         
1      838       727       29736     290       290       0         0         0         0         0         
1      873       982       29736     291       291       0         0         0         0         0         
1      556       982       29736     199       291       0         0         0         0         0         
1      373       662       29736     119       131       0         0         0         0         0         
1      488       557       29737     199       189       0         0         0         0         0         
1      431       671       29737     52        280       0         0         0         0         0         
1      746       670       29737     290       280       0         0         0         0         0         
1      460       172       29737     189       286       0         0         0         0         0         
1      839       576       29737     290       189       0         0         0         0         0         
1      886       698       29737     290       189       0         0         0         0         0         
1      287       443       29738     299       168       0         0         0         0         0         
1      295       600       29738     87        280       0         0         0         0         0         
1      873       625       29739     291       189       0         0         0         0         0         
3      801       893       29740     291       291       0         0         0         0         0         
2      801       893       29740     291       291       0         0         0         0         0         
1      745       627       29740     290       189       0         0         0         0         0         
2      328       651       29740     299       189       0         0         0         0         0         
1      130       233       29740     178       206       0         0         0         0         0         
1      1300      1046      29740     192       291       0         0         0         0         0         
1      598       737       29741     189       189       0         0         0         0         0         
1      604       698       29741     189       189       0         0         0         0         0         
1      696       650       29741     189       189       0         0         0         0         0         
4      127       82        29741     178       98        0         0         0         0         0         
3      605       509       29742     189       199       0         0         0         0         0         
1      1010      629       29742     290       189       0         0         0         0         0         
1      419       694       29742     168       189       0         0         0         0         0         
2      605       509       29742     189       199       0         0         0         0         0         
3      740       1067      29743     50        291       0         0         0         0         0         
1      481       650       29743     189       189       0         0         0         0         0         
3      710       526       29743     131       52        0         0         0         0         0         
2      740       1067      29743     50        291       0         0         0         0         0         
1      1106      694       29743     291       189       0         0         0         0         0         
1      529       557       29744     189       189       0         0         0         0         0         
1      1044      749       29744     291       290       0         0         0         0         0         
1      373       601       29744     119       189       0         0         0         0         0         
1      527       138       29744     52        57        0         0         0         0         0         
2      700       770       29744     290       290       0         0         0         0         0         
2      668       537       29745     280       189       0         0         0         0         0         
1      1004      577       29745     291       189       0         0         0         0         0         
1      550       410       29745     189       52        0         0         0         0         0         
1      1207      852       29745     192       291       0         0         0         0         0         
2      458       212       29745     52        266       0         0         0         0         0         
1      485       65        29745     189       98        0         0         0         0         0         
1      980       1263      29745     291       192       0         0         0         0         0         
1      654       557       29745     189       189       0         0         0         0         0         
1      476       669       29745     52        280       0         0         0         0         0         
2      598       650       29746     189       189       0         0         0         0         0         
1      1002      1208      29746     291       192       0         0         0         0         0         
3      694       9         29746     189       98        0         0         0         0         0         
1      746       583       29746     290       189       0         0         0         0         0         
1      722       882       29746     290       290       0         0         0         0         0         
3      598       650       29746     189       189       0         0         0         0         0         
3      220       217       29747     87        87        0         0         0         0         0         
1      527       627       29747     52        189       0         0         0         0         0         
1      598       648       29747     189       189       0         0         0         0         0         
1      1149      1025      29747     291       291       0         0         0         0         0         
1      287       208       29747     299       286       0         0         0         0         0         
1      526       416       29747     52        100       0         0         0         0         0         
3      904       626       29747     290       189       0         0         0         0         0         
3      904       626       29747     290       189       0         0         0         0         0         
3      220       217       29747     87        87        0         0         0         0         0         
1      970       925       29747     290       290       0         0         0         0         0         
1      772       721       29747     290       290       0         0         0         0         0         
1      1209      580       29748     192       189       0         0         0         0         0         
1      581       690       29748     189       131       0         0         0         0         0         
3      1000      210       29748     291       266       0         0         0         0         0         
3      816       884       29748     290       290       0         0         0         0         0         
3      816       884       29748     290       290       0         0         0         0         0         
1      328       235       29749     299       87        0         0         0         0         0         
1      826       915       29749     291       291       0         0         0         0         0         
1      118       436       29749     286       100       0         0         0         0         0         
1      498       631       29749     52        189       0         0         0         0         0         
1      43        79        29749     9         98        0         0         0         0         0         
1      1187      1089      29749     291       291       0         0         0         0         0         
1      366       760       29750     299       291       0         0         0         0         0         
3      232       692       29750     266       280       0         0         0         0         0         
2      575       415       29751     189       100       0         0         0         0         0         
1      284       273       29751     299       206       0         0         0         0         0         
4      327       229       29751     299       266       0         0         0         0         0         
1      509       416       29751     199       100       0         0         0         0         0         
1      106       104       29751     178       287       0         0         0         0         0         
1      397       463       29751     168       168       0         0         0         0         0         
1      793       444       29751     290       168       0         0         0         0         0         
1      862       701       29751     290       290       0         0         0         0         0         
2      509       452       29752     199       52        0         0         0         0         0         
3      509       452       29752     199       52        0         0         0         0         0         
1      693       438       29753     280       100       0         0         0         0         0         
1      304       250       29753     299       127       0         0         0         0         0         
1      970       694       29753     290       189       0         0         0         0         0         
1      527       789       29753     52        290       0         0         0         0         0         
3      760       604       29753     291       189       0         0         0         0         0         
3      760       604       29753     291       189       0         0         0         0         0         
1      790       604       29753     290       189       0         0         0         0         0         
1      508       923       29753     199       290       0         0         0         0         0         
2      1579      1225      29754     296       192       0         0         0         0         0         
3      1579      1225      29754     296       192       0         0         0         0         0         
1      371       604       29754     52        189       0         0         0         0         0         
1      937       1263      29754     291       192       0         0         0         0         0         
1      197       20        29754     178       98        0         0         0         0         0         
1      410       604       29754     52        189       0         0         0         0         0         
1      693       599       29754     280       280       0         0         0         0         0         
2      527       579       29754     52        189       0         0         0         0         0         
1      695       10        29754     189       98        0         0         0         0         0         
1      293       229       29754     87        266       0         0         0         0         0         
1      210       552       29754     266       189       0         0         0         0         0         
3      716       858       29755     189       290       0         0         0         0         0         
1      604       676       29755     189       189       0         0         0         0         0         
1      413       718       29755     52        189       0         0         0         0         0         
2      716       858       29755     189       290       0         0         0         0         0         
1      598       438       29755     189       100       0         0         0         0         0         
1      813       605       29756     290       189       0         0         0         0         0         
2      827       824       29756     291       291       0         0         0         0         0         
1      881       946       29756     290       290       0         0         0         0         0         
1      573       391       29756     189       52        0         0         0         0         0         
1      749       674       29757     290       189       0         0         0         0         0         
1      556       674       29757     199       189       0         0         0         0         0         
1      155       414       29757     286       100       0         0         0         0         0         
1      48        604       29757     98        189       0         0         0         0         0         
1      325       116       29758     299       9         0         0         0         0         0         
2      945       717       29758     50        189       0         0         0         0         0         
1      375       463       29758     119       168       0         0         0         0         0         
1      757       600       29758     131       280       0         0         0         0         0         
3      876       399       29758     50        168       0         0         0         0         0         
1      624       551       29758     189       189       0         0         0         0         0         
1      481       509       29759     189       199       0         0         0         0         0         
1      597       671       29759     131       280       0         0         0         0         0         
1      179       210       29759     178       266       0         0         0         0         0         
1      810       724       29759     290       290       0         0         0         0         0         
