COLUMNS

passenger_count
pickup_ID
dropoff_ID
request_time_sec
pickup_district
dropoff_district

REQUESTS_INFO
1      598       604       30840     189       189       
1      336       369       30841     277       52        
1      480       623       30842     52        280       
1      738       521       30842     189       52        
1      594       960       30843     131       291       
1      164       599       30845     178       280       
1      671       639       30846     280       131       
3      533       374       30846     199       119       
2      533       374       30846     199       119       
2      668       526       30848     280       52        
1      1044      906       30848     291       290       
2      621       1326      30848     280       129       
2      1111      980       30849     50        291       
1      482       253       30849     189       206       
1      332       548       30849     87        52        
2      781       712       30850     291       131       
1      743       718       30850     290       189       
1      533       970       30850     199       290       
1      415       199       30851     100       178       
1      454       478       30851     52        52        
1      648       617       30851     189       131       
1      536       620       30852     189       131       
2      482       739       30852     189       189       
1      862       835       30852     290       290       
1      768       829       30852     290       50        
1      621       628       30853     280       189       
1      663       416       30853     131       100       
3      940       738       30854     291       189       
3      940       738       30854     291       189       
1      457       482       30854     52        189       
1      795       332       30855     290       87        
1      874       436       30856     291       100       
2      927       695       30857     290       189       
3      927       695       30857     290       189       
1      257       254       30857     87        87        
3      733       914       30857     131       291       
1      781       727       30858     291       290       
1      556       673       30858     199       189       
1      881       549       30858     290       52        
2      606       430       30859     189       52        
1      903       926       30860     290       290       
1      644       573       30861     131       189       
1      792       1088      30861     290       291       
1      664       252       30862     131       206       
1      725       949       30862     290       290       
1      327       247       30862     299       266       
1      579       628       30863     189       189       
1      1225      894       30863     192       291       
1      710       720       30863     131       290       
1      558       526       30864     189       52        
1      907       758       30864     290       131       
4      61        231       30865     98        266       
1      887       905       30865     290       290       
1      623       527       30866     280       52        
1      761       884       30867     50        290       
1      598       1243      30867     189       192       
1      723       906       30867     290       290       
1      735       644       30867     131       131       
1      1187      1087      30868     291       291       
1      397       308       30868     168       127       
1      350       161       30869     127       178       
2      366       526       30870     299       52        
