COLUMNS

passenger_count
pickup_ID
dropoff_ID
ready_time_sec
pickup_district
dropoff_district
LDuals
IDuals
vehicle_ID
pick_position
drop_position

REQUESTS_INFO
3      535       606       48283     189       189       201       201       3         1         2         
1      759       961       48310     131       291       157       157       16        1         4         
1      313       317       48290     87        277       215       215       20        1         3         
3      549       719       48316     52        189       163       163       29        1         2         
1      718       759       48270     189       131       186       186       30        1         2         
1      229       176       48286     266       174       203       203       33        1         2         
4      536       738       48302     189       189       205       205       59        1         2         
1      183       119       48325     178       286       210       210       60        1         2         
4      694       232       48295     189       266       207       207       64        1         2         
3      760       938       48232     291       291       244       244       67        1         3         
3      116       304       48297     9         299       169       169       69        1         3         
1      653       870       48295     189       291       145       145       70        1         3         
1      462       511       48237     189       199       215       215       83        1         2         
3      760       760       48324     291       291       152       152       86        1         2         
1      189       483       48315     286       189       199       199       94        1         2         
2      287       287       48306     299       299       219       219       101       1         2         
3      766       440       48282     290       168       210       210       113       1         3         
3      993       905       48173     84        290       313       313       118       1         2         
4      701       851       48310     290       291       184       184       119       1         2         
1      484       814       48279     189       290       147       147       126       1         3         
1      929       928       48295     290       290       169       169       130       1         3         
1      550       418       48318     189       168       156       156       137       1         2         
3      457       392       48306     52        52        195       195       138       1         2         
2      194       576       48325     207       189       118       118       146       1         2         
3      194       576       48325     207       189       118       118       149       1         2         
1      747       1053      48281     290       84        215       215       151       1         3         
1      351       314       48319     52        119       192       192       153       1         2         
1      162       486       48303     178       199       188       188       163       1         2         
1      462       421       48298     189       168       154       154       164       1         3         
3      232       553       48320     266       189       139       139       165       1         3         
3      816       940       48248     290       291       274       274       174       1         3         
3      881       817       48317     290       290       222       222       181       2         3         
3      332       235       48312     87        87        202       202       182       1         2         
2      304       213       48310     299       266       150       150       194       1         3         
1      663       644       48289     131       131       158       158       207       1         3         
3      483       335       48314     189       119       150       150       211       2         4         
2      376       527       48275     168       52        236       236       218       1         3         
3      694       662       48293     189       131       209       209       222       1         2         
2      376       432       48260     168       52        251       251       224       1         3         
3      509       310       48150     199       127       346       346       227       1         2         
3      421       835       48278     168       290       215       215       229       1         3         
2      577       668       48248     189       280       244       244       232       1         2         
3      701       673       48304     290       189       171       171       237       1         3         
3      414       860       48190     100       290       299       299       238       1         2         
1      694       673       48244     189       189       247       247       239       1         2         
1      533       609       48257     199       189       221       221       243       1         3         
3      270       387       48317     127       299       171       171       245       1         2         
1      476       649       48319     52        189       176       176       258       1         3         
2      197       438       48315     178       100       158       158       264       1         3         
1      579       624       48320     189       189       155       155       278       1         3         
1      768       652       48261     290       189       219       219       282       1         2         
1      627       253       48278     189       206       172       172       288       1         2         
3      959       827       48189     291       291       266       266       298       1         3         
3      619       500       48313     131       52        169       169       303       1         2         
1      386       116       48306     299       9         159       159       310       1         2         
2      947       395       48302     290       100       176       176       311       1         3         
2      695       652       48316     189       189       142       142       323       1         3         
4      663       370       48269     131       52        223       223       326       1         2         
2      486       486       48326     199       199       147       147       335       1         2         
2      715       760       48262     131       291       196       196       338       1         2         
1      352       354       48329     119       119       184       184       342       1         2         
1      811       813       48282     290       290       214       214       343       1         2         
1      1170      983       48328     291       291       96        96        344       1         2         
2      308       704       48248     127       290       267       267       360       1         3         
1      1149      1199      48297     291       84        128       128       364       1         3         
1      847       960       48312     291       291       148       148       393       1         2         
1      313       48        48311     87        98        194       194       405       1         3         
1      703       700       48271     290       290       199       199       412       1         2         
1      834       864       48221     290       290       298       298       417       1         3         
2      883       746       48242     290       290       270       270       419       2         4         
1      903       968       48214     290       290       304       304       422       1         2         
1      970       851       48218     290       291       239.5     239.5     426       1         4         
2      991       604       48251     290       189       218       218       429       1         3         
3      1067      1150      48258     291       291       187       187       433       1         2         
2      549       719       48316     52        189       163       163       442       1         2         
3      486       486       48326     199       199       147       147       448       1         2         
1      728       507       48280     290       189       196       196       455       1         3         
1      748       258       48172     290       87        326       326       455       2         4         
2      888       698       48228     290       189       268.5     268.5     465       1         2         
2      859       651       48313     290       189       211       211       467       1         2         
1      629       527       48278     189       52        175       175       469       1         2         
1      700       860       48302     290       290       164       164       474       1         3         
3      768       835       48160     290       290       335       335       483       1         3         
1      768       488       48310     290       199       176       176       483       2         4         
2      194       255       48311     207       87        132       132       489       1         3         
1      768       805       48321     290       291       165       165       498       1         2         
1      474       232       48327     52        266       169       169       500       1         3         
1      171       371       48280     286       52        221       221       503       1         3         
4      882       897       48208     290       291       311       311       506       1         2         
1      1012      1097      48294     84        84        190       190       516       1         2         
1      412       345       48327     52        299       162       162       517       1         2         
3      672       727       48232     189       290       237       237       530       1         2         
3      487       558       48094     199       189       412       412       536       1         3         
2      1245      1087      48290     192       291       192       192       553       1         3         
1      836       770       48328     290       290       167       167       555       1         2         
1      702       607       48317     290       189       167       167       556       1         2         
1      275       374       48300     87        119       186       186       567       1         2         
3      847       781       48313     291       291       147       147       578       1         2         
3      713       883       48278     131       290       205       205       579       1         2         
1      836       770       48168     290       290       327       327       586       1         3         
3      947       395       48302     290       100       193       193       595       1         3         
2      1121      906       48312     84        290       179       179       618       1         2         
1      437       600       48287     100       280       198       198       623       1         4         
1      908       883       48146     290       290       372       372       634       1         2         
2      556       601       48314     199       189       162       162       641       1         2         
1      437       326       48278     100       299       208       208       648       1         4         
2      437       364       48311     100       299       155       155       648       2         5         
3      457       392       48306     52        52        195       195       650       1         2         
2      860       625       48194     290       189       337       337       654       1         3         
1      252       292       48256     206       87        228       228       658       1         2         
3      270       387       48317     127       299       171       171       666       1         2         
2      958       626       48246     291       189       196       196       671       1         3         
3      197       438       48315     178       100       158       158       676       1         2         
1      352       294       48295     119       87        218       218       696       1         3         
1      812       582       48251     290       189       249       249       703       1         3         
1      510       649       48261     199       189       171       171       705       1         3         
1      410       251       48285     52        127       168       168       715       1         3         
2      789       903       48297     290       290       206       206       751       1         2         
3      745       850       48212     290       291       299       299       758       1         2         
1      859       1068      48291     290       291       205       205       759       1         3         
3      672       727       48232     189       290       237       237       776       1         3         
1      199       676       48312     178       189       178       178       777       1         2         
1      745       510       48300     290       199       211       211       779       1         2         
1      837       992       48300     290       290       205       205       783       1         3         
1      508       578       48329     199       189       110       110       793       1         3         
1      972       782       48269     290       291       201       201       801       1         3         
1      721       760       48264     290       291       194       194       818       1         3         
1      532       632       48324     199       189       146       146       821       1         2         
1      794       581       48329     290       189       189       189       827       1         4         
1      535       314       48285     189       119       157       157       836       1         4         
1      654       488       48298     189       199       165       165       842       1         2         
1      390       351       48326     52        52        162       162       893       1         2         
1      816       488       48284     290       199       238       238       902       1         2         
2      434       312       48178     52        87        335       335       903       1         2         
1      626       675       48307     189       189       170       170       913       1         3         
3      1002      1127      48151     291       291       318       318       920       1         3         
1      812       1010      48134     290       290       366       366       927       1         3         
2      535       805       48242     189       291       242       242       932       1         3         
2      372       419       48300     119       168       200       200       933       1         2         
1      513       791       48289     199       290       216       216       934       1         3         
1      791       839       48209     290       290       282       282       941       1         5         
1      791       887       48257     290       290       233       233       941       2         4         
3      884       909       48259     290       290       240       240       943       1         2         
1      946       810       48286     290       290       198       198       957       1         2         
3      862       827       48018     290       291       519       519       958       1         2         
1      627       721       48331     189       290       0         0         0         0         0         
2      1048      1208      48331     291       192       0         0         0         0         0         
1      717       692       48331     189       280       0         0         0         0         0         
1      991       886       48331     290       290       0         0         0         0         0         
1      790       722       48331     290       290       0         0         0         0         0         
2      801       765       48331     291       290       0         0         0         0         0         
3      801       765       48331     291       290       0         0         0         0         0         
3      671       1002      48332     280       291       0         0         0         0         0         
1      421       30        48332     168       9         0         0         0         0         0         
1      709       31        48332     131       9         0         0         0         0         0         
1      483       600       48332     189       280       0         0         0         0         0         
1      859       1010      48332     290       290       0         0         0         0         0         
3      671       1002      48332     280       291       0         0         0         0         0         
2      461       534       48333     189       199       0         0         0         0         0         
2      663       556       48333     131       199       0         0         0         0         0         
1      228       310       48334     266       127       0         0         0         0         0         
1      194       294       48334     207       87        0         0         0         0         0         
1      1055      413       48335     84        52        0         0         0         0         0         
1      749       925       48335     290       290       0         0         0         0         0         
1      604       651       48335     189       189       0         0         0         0         0         
2      917       666       48335     291       131       0         0         0         0         0         
1      486       510       48335     199       199       0         0         0         0         0         
3      549       715       48336     52        131       0         0         0         0         0         
3      549       715       48336     52        131       0         0         0         0         0         
3      508       626       48336     199       189       0         0         0         0         0         
3      508       626       48336     199       189       0         0         0         0         0         
2      1263      1107      48336     192       291       0         0         0         0         0         
3      1263      1107      48336     192       291       0         0         0         0         0         
1      1002      896       48336     291       291       0         0         0         0         0         
1      871       687       48336     291       131       0         0         0         0         0         
2      229       412       48336     266       52        0         0         0         0         0         
1      170       744       48337     286       290       0         0         0         0         0         
1      627       532       48338     189       199       0         0         0         0         0         
1      983       760       48338     291       291       0         0         0         0         0         
1      375       197       48338     119       178       0         0         0         0         0         
2      673       557       48338     189       189       0         0         0         0         0         
2      529       605       48338     189       189       0         0         0         0         0         
1      652       875       48339     189       291       0         0         0         0         0         
1      839       743       48339     290       290       0         0         0         0         0         
2      439       556       48339     189       199       0         0         0         0         0         
1      174       83        48340     266       98        0         0         0         0         0         
1      557       437       48340     189       100       0         0         0         0         0         
2      555       601       48341     199       189       0         0         0         0         0         
1      193       220       48342     266       87        0         0         0         0         0         
1      505       607       48342     52        189       0         0         0         0         0         
1      527       959       48342     52        291       0         0         0         0         0         
1      557       254       48343     189       87        0         0         0         0         0         
1      31        158       48343     9         174       0         0         0         0         0         
1      887       1048      48344     290       291       0         0         0         0         0         
1      511       675       48344     199       189       0         0         0         0         0         
1      692       431       48344     280       52        0         0         0         0         0         
1      858       770       48345     290       290       0         0         0         0         0         
1      1044      924       48345     291       290       0         0         0         0         0         
2      456       498       48345     52        52        0         0         0         0         0         
1      817       523       48345     290       52        0         0         0         0         0         
1      375       292       48346     119       87        0         0         0         0         0         
1      672       136       48347     189       286       0         0         0         0         0         
1      481       556       48347     189       199       0         0         0         0         0         
2      881       270       48347     290       127       0         0         0         0         0         
1      485       1098      48347     189       84        0         0         0         0         0         
2      770       632       48347     290       189       0         0         0         0         0         
1      858       947       48348     290       290       0         0         0         0         0         
4      416       644       48348     100       131       0         0         0         0         0         
1      602       528       48348     189       52        0         0         0         0         0         
1      650       527       48348     189       52        0         0         0         0         0         
1      479       601       48348     52        189       0         0         0         0         0         
1      674       903       48348     189       290       0         0         0         0         0         
2      749       760       48349     290       291       0         0         0         0         0         
1      834       1011      48350     290       84        0         0         0         0         0         
4      675       947       48350     189       290       0         0         0         0         0         
1      650       575       48350     189       189       0         0         0         0         0         
2      551       692       48350     189       280       0         0         0         0         0         
1      571       395       48350     52        100       0         0         0         0         0         
1      805       331       48351     291       127       0         0         0         0         0         
3      31        140       48351     9         54        0         0         0         0         0         
1      326       390       48351     299       52        0         0         0         0         0         
2      547       207       48351     52        286       0         0         0         0         0         
1      22        717       48352     98        189       0         0         0         0         0         
1      675       600       48352     189       280       0         0         0         0         0         
3      663       550       48352     131       189       0         0         0         0         0         
2      669       529       48352     280       189       0         0         0         0         0         
2      698       1568      48353     189       296       0         0         0         0         0         
2      461       739       48353     189       189       0         0         0         0         0         
2      1048      960       48353     291       291       0         0         0         0         0         
2      860       313       48354     290       87        0         0         0         0         0         
3      527       389       48354     52        299       0         0         0         0         0         
2      527       389       48354     52        299       0         0         0         0         0         
1      461       810       48354     189       290       0         0         0         0         0         
1      881       722       48354     290       290       0         0         0         0         0         
1      605       648       48355     189       189       0         0         0         0         0         
3      431       372       48355     52        119       0         0         0         0         0         
2      287       393       48355     299       52        0         0         0         0         0         
3      431       372       48355     52        119       0         0         0         0         0         
3      287       393       48355     299       52        0         0         0         0         0         
1      277       181       48356     87        178       0         0         0         0         0         
1      905       1002      48356     290       291       0         0         0         0         0         
1      1010      746       48357     290       290       0         0         0         0         0         
1      602       624       48357     189       189       0         0         0         0         0         
1      757       31        48357     131       9         0         0         0         0         0         
2      676       969       48357     189       290       0         0         0         0         0         
3      431       478       48358     52        52        0         0         0         0         0         
1      291       376       48358     87        168       0         0         0         0         0         
2      431       478       48358     52        52        0         0         0         0         0         
2      694       782       48359     189       291       0         0         0         0         0         
1      372       813       48359     119       290       0         0         0         0         0         
1      770       699       48359     290       290       0         0         0         0         0         
