COLUMNS

passenger_count
pickup_ID
dropoff_ID
request_time_sec
pickup_district
dropoff_district
LDuals
IDuals
vehicle_ID
pick_position
drop_position

REQUESTS_INFO
2      410       290       29437     52        127       171       171       2         1         3         
1      771       721       29476     290       290       95        95        30        1         3         
1      478       248       29461     52        266       117       117       45        1         2         
1      218       269       29390     87        127       260       260       67        1         3         
1      478       600       29485     52        280       125       125       100       1         4         
3      961       581       29467     291       189       151       151       141       1         2         
1      768       551       29473     290       189       128       128       159       1         3         
3      457       673       29467     52        189       145       145       193       1         2         
1      292       555       29463     87        199       131       131       203       1         3         
1      908       1289      29417     290       129       223       223       210       1         4         
3      908       794       29475     290       290       187       187       210       2         3         
2      713       674       29464     131       189       143       143       223       1         2         
2      34        62        29461     98        98        110       110       256       1         3         
3      371       358       29473     52        168       177       177       272       1         2         
2      925       859       29478     290       290       132       132       282       1         2         
1      907       409       29486     290       52        152       152       325       1         3         
2      1151      675       29438     291       189       175       175       523       1         3         
3      663       534       29456     131       199       107       107       641       1         2         
1      824       748       29471     291       290       121       121       643       1         3         
4      549       604       29462     52        189       125       125       662       1         2         
1      438       579       29489     100       189       117       117       672       1         2         
1      871       571       29437     291       52        189       189       689       1         4         
2      883       881       29479     290       290       113       113       692       1         2         
1      584       721       29487     189       290       109       109       715       1         3         
4      801       641       29420     291       131       183       183       724       1         2         
3      892       649       29453     291       189       173       173       784       1         2         
1      1301      1187      29467     192       291       163       163       812       1         3         
1      258       670       29423     87        280       221       221       899       1         2         
1      297       329       29465     277       127       199       199       958       1         2         
1      842       746       29476     290       290       172       172       1069      1         2         
3      1004      200       29427     291       87        201       201       1095      1         2         
1      679       558       29461     290       189       117       117       1136      1         3         
1      938       288       29373     291       127       251       251       1204      1         2         
1      884       695       29430     290       189       166       166       1219      1         4         
1      862       582       29458     290       189       190       190       1259      1         2         
2      907       465       29487     290       199       153       153       1262      1         2         
1      680       488       29462     290       199       124       124       1298      1         2         
1      179       526       29487     178       52        128       128       1303      1         2         
1      1149      790       29423     291       290       182       182       1304      1         2         
4      861       529       29482     290       189       127       127       1339      1         2         
3      818       974       29455     290       84        178       178       1346      1         2         
1      1192      527       29478     129       52        130       130       1363      1         3         
3      371       358       29473     52        168       177       177       1374      1         2         
1      810       647       29478     290       280       139       139       1377      1         5         
3      43        66        29461     9         98        138       138       1395      1         2         
1      277       179       29482     87        178       138       138       1484      1         2         
3      368       347       29490     299       299       0         0         0         0         0         
2      328       436       29490     299       100       0         0         0         0         0         
1      412       387       29490     52        299       0         0         0         0         0         
1      378       537       29490     168       189       0         0         0         0         0         
1      1386      690       29490     129       131       0         0         0         0         0         
1      526       556       29490     52        199       0         0         0         0         0         
2      368       347       29490     299       299       0         0         0         0         0         
1      630       212       29491     189       266       0         0         0         0         0         
1      369       437       29491     52        100       0         0         0         0         0         
2      312       430       29491     87        52        0         0         0         0         0         
2      882       1053      29491     290       84        0         0         0         0         0         
3      882       1053      29491     290       84        0         0         0         0         0         
1      923       1032      29491     290       84        0         0         0         0         0         
1      484       555       29491     189       199       0         0         0         0         0         
1      133       743       29491     9         290       0         0         0         0         0         
1      712       924       29492     131       290       0         0         0         0         0         
1      60        557       29492     9         189       0         0         0         0         0         
1      980       645       29492     291       280       0         0         0         0         0         
2      356       481       29493     119       189       0         0         0         0         0         
1      642       408       29493     131       299       0         0         0         0         0         
1      526       408       29493     52        299       0         0         0         0         0         
1      907       603       29493     290       189       0         0         0         0         0         
1      268       115       29493     299       9         0         0         0         0         0         
1      1045      116       29493     291       9         0         0         0         0         0         
2      841       792       29494     290       290       0         0         0         0         0         
3      841       792       29494     290       290       0         0         0         0         0         
1      599       393       29494     280       52        0         0         0         0         0         
1      1023      742       29494     291       290       0         0         0         0         0         
1      603       647       29494     189       280       0         0         0         0         0         
1      535       335       29494     189       119       0         0         0         0         0         
1      641       851       29494     131       291       0         0         0         0         0         
1      396       675       29494     119       189       0         0         0         0         0         
1      552       488       29495     189       199       0         0         0         0         0         
3      549       672       29495     52        189       0         0         0         0         0         
1      676       607       29495     189       189       0         0         0         0         0         
2      937       599       29495     291       280       0         0         0         0         0         
2      549       672       29495     52        189       0         0         0         0         0         
1      1090      693       29496     291       280       0         0         0         0         0         
4      466       736       29496     199       131       0         0         0         0         0         
1      816       34        29496     290       98        0         0         0         0         0         
1      598       718       29496     189       189       0         0         0         0         0         
1      840       458       29496     290       52        0         0         0         0         0         
1      857       673       29496     290       189       0         0         0         0         0         
1      873       760       29496     291       291       0         0         0         0         0         
1      1230      1088      29496     129       291       0         0         0         0         0         
1      663       670       29497     131       280       0         0         0         0         0         
2      133       304       29497     9         299       0         0         0         0         0         
3      760       673       29497     291       189       0         0         0         0         0         
1      479       500       29497     52        52        0         0         0         0         0         
2      760       673       29497     291       189       0         0         0         0         0         
3      727       466       29498     290       199       0         0         0         0         0         
1      374       576       29498     119       189       0         0         0         0         0         
1      948       1011      29498     290       84        0         0         0         0         0         
1      652       465       29498     189       199       0         0         0         0         0         
3      727       466       29498     290       199       0         0         0         0         0         
2      937       116       29498     291       9         0         0         0         0         0         
3      937       116       29498     291       9         0         0         0         0         0         
1      842       1010      29499     290       290       0         0         0         0         0         
1      584       488       29499     189       199       0         0         0         0         0         
1      735       579       29500     131       189       0         0         0         0         0         
1      760       602       29500     291       189       0         0         0         0         0         
1      601       1250      29500     189       129       0         0         0         0         0         
1      308       555       29500     127       199       0         0         0         0         0         
1      598       747       29500     189       290       0         0         0         0         0         
1      928       905       29501     290       290       0         0         0         0         0         
1      412       116       29501     52        9         0         0         0         0         0         
1      739       648       29502     189       189       0         0         0         0         0         
1      972       145       29502     290       178       0         0         0         0         0         
1      527       532       29502     52        199       0         0         0         0         0         
1      653       791       29502     189       290       0         0         0         0         0         
1      78        581       29502     9         189       0         0         0         0         0         
2      882       699       29503     290       290       0         0         0         0         0         
1      324       62        29503     299       98        0         0         0         0         0         
1      817       376       29503     290       168       0         0         0         0         0         
1      252       219       29503     206       87        0         0         0         0         0         
1      875       372       29503     291       119       0         0         0         0         0         
1      389       544       29503     299       52        0         0         0         0         0         
1      847       669       29503     291       280       0         0         0         0         0         
3      865       722       29503     290       290       0         0         0         0         0         
2      865       722       29503     290       290       0         0         0         0         0         
1      884       971       29504     290       290       0         0         0         0         0         
1      597       603       29504     131       189       0         0         0         0         0         
1      505       533       29505     52        199       0         0         0         0         0         
1      737       882       29505     189       290       0         0         0         0         0         
1      924       693       29505     290       280       0         0         0         0         0         
1      256       577       29505     87        189       0         0         0         0         0         
2      858       885       29505     290       290       0         0         0         0         0         
1      1068      604       29505     291       189       0         0         0         0         0         
2      582       440       29506     189       168       0         0         0         0         0         
1      925       548       29507     290       52        0         0         0         0         0         
1      336       793       29507     277       290       0         0         0         0         0         
1      310       79        29508     127       98        0         0         0         0         0         
1      727       629       29508     290       189       0         0         0         0         0         
1      442       439       29508     168       189       0         0         0         0         0         
1      859       628       29509     290       189       0         0         0         0         0         
1      947       673       29509     290       189       0         0         0         0         0         
1      354       370       29509     119       52        0         0         0         0         0         
2      887       928       29509     290       290       0         0         0         0         0         
1      688       604       29509     131       189       0         0         0         0         0         
1      1058      770       29510     84        290       0         0         0         0         0         
1      509       372       29510     199       119       0         0         0         0         0         
1      631       719       29510     189       189       0         0         0         0         0         
1      276       505       29510     87        52        0         0         0         0         0         
1      737       555       29511     189       199       0         0         0         0         0         
1      737       651       29511     189       189       0         0         0         0         0         
1      527       651       29511     52        189       0         0         0         0         0         
1      1160      992       29511     84        290       0         0         0         0         0         
1      716       674       29511     189       189       0         0         0         0         0         
1      812       671       29512     290       280       0         0         0         0         0         
1      371       325       29512     52        299       0         0         0         0         0         
1      549       687       29512     52        131       0         0         0         0         0         
1      306       604       29512     299       189       0         0         0         0         0         
1      415       485       29512     100       189       0         0         0         0         0         
1      457       334       29512     52        119       0         0         0         0         0         
1      556       627       29512     199       189       0         0         0         0         0         
2      412       345       29513     52        299       0         0         0         0         0         
1      630       354       29513     189       119       0         0         0         0         0         
1      772       790       29513     290       290       0         0         0         0         0         
1      816       697       29513     290       189       0         0         0         0         0         
2      858       696       29514     290       189       0         0         0         0         0         
1      328       581       29514     299       189       0         0         0         0         0         
3      858       696       29514     290       189       0         0         0         0         0         
1      390       210       29514     52        266       0         0         0         0         0         
1      118       304       29514     286       299       0         0         0         0         0         
1      412       453       29514     52        52        0         0         0         0         0         
1      692       755       29514     280       131       0         0         0         0         0         
2      905       721       29514     290       290       0         0         0         0         0         
2      1014      925       29514     84        290       0         0         0         0         0         
3      905       721       29514     290       290       0         0         0         0         0         
2      748       722       29515     290       290       0         0         0         0         0         
1      699       508       29516     290       199       0         0         0         0         0         
1      369       416       29516     52        100       0         0         0         0         0         
1      436       454       29516     100       52        0         0         0         0         0         
2      578       437       29516     189       100       0         0         0         0         0         
1      409       576       29516     52        189       0         0         0         0         0         
1      609       695       29516     189       189       0         0         0         0         0         
1      924       885       29517     290       290       0         0         0         0         0         
1      22        556       29517     98        199       0         0         0         0         0         
1      293       134       29517     87        9         0         0         0         0         0         
2      488       649       29517     199       189       0         0         0         0         0         
2      727       699       29517     290       290       0         0         0         0         0         
1      948       652       29518     290       189       0         0         0         0         0         
1      837       940       29518     290       291       0         0         0         0         0         
1      839       691       29518     290       131       0         0         0         0         0         
1      702       839       29518     290       290       0         0         0         0         0         
1      948       625       29519     290       189       0         0         0         0         0         
1      969       885       29519     290       290       0         0         0         0         0         
1      771       746       29519     290       290       0         0         0         0         0         
1      268       231       29519     299       266       0         0         0         0         0         
3      364       287       29519     299       299       0         0         0         0         0         
1      546       529       29519     52        189       0         0         0         0         0         
3      364       287       29519     299       299       0         0         0         0         0         
