COLUMNS

passenger_count
pickup_ID
dropoff_ID
ready_time_sec
pickup_district
dropoff_district
LDuals
IDuals
vehicle_ID
pick_position
drop_position

REQUESTS_INFO
2      702       699       46980     290       290       332       332       2         1         2         
2      632       698       47024     189       189       269       269       9         1         2         
1      1168      1107      47065     291       291       112       112       19        1         3         
1      875       892       46884     291       291       373       373       28        1         2         
3      647       211       46918     280       266       450       450       30        1         2         
3      824       860       47011     291       290       276       276       32        1         2         
1      760       651       46975     291       189       322       322       48        1         2         
2      576       719       47038     189       189       254       254       57        1         4         
1      485       336       46977     189       277       281       281       58        1         3         
1      939       834       47064     291       290       187       187       63        1         2         
1      1044      1300      47064     291       192       142       142       68        1         2         
1      686       673       46986     131       189       363       363       71        1         4         
3      557       555       47049     189       199       238       238       78        1         2         
1      527       603       47063     52        189       207       207       84        1         3         
1      772       392       47061     290       52        226       226       85        1         3         
3      483       580       47044     189       189       219       219       93        1         2         
1      793       887       47045     290       290       257       257       95        1         2         
3      510       246       46980     199       266       294       294       100       1         2         
3      532       171       46977     199       286       318       318       108       1         2         
3      602       483       47035     189       189       326       326       117       1         2         
1      478       505       47056     52        52        158       158       126       1         2         
2      671       582       47053     280       189       264       264       132       1         2         
2      416       376       47055     100       168       145       145       133       1         3         
1      549       779       47016     52        131       254       254       136       1         2         
3      579       621       46893     189       280       428       428       141       1         2         
3      1025      378       47068     291       168       189       189       145       1         2         
1      722       724       47034     290       290       258       258       156       1         3         
1      914       851       47003     291       291       188       188       159       1         3         
1      507       711       47024     189       131       247       247       161       1         2         
1      557       417       47039     189       100       194       194       169       1         4         
2      857       928       47056     290       290       225       225       172       1         3         
1      535       1021      47035     189       291       153       153       173       1         3         
1      139       311       47062     57        87        135       135       182       1         3         
1      778       663       47044     131       131       231       231       189       1         2         
3      419       524       47057     168       52        193       193       190       1         3         
3      532       675       47015     199       189       280       280       201       1         2         
3      992       748       46956     290       290       336       336       202       1         2         
1      393       458       47050     52        52        104       104       206       1         2         
1      616       959       47018     131       291       300       300       216       1         2         
3      609       727       47023     189       290       293       293       222       1         2         
2      860       874       47007     290       291       188       188       236       1         4         
1      1194      724       47021     129       290       172       172       258       1         3         
1      721       598       47061     290       189       211       211       264       1         3         
1      842       484       46997     290       189       244       244       272       1         3         
1      578       673       47064     189       189       220       220       273       1         4         
2      743       812       46934     290       290       353       353       285       1         4         
2      481       433       47035     189       52        223       223       292       1         2         
1      738       573       47019     189       189       272       272       295       1         2         
1      759       646       47020     131       280       270       270       296       1         2         
1      642       776       46986     131       131       333       333       299       1         2         
1      602       534       47059     189       199       265       265       316       1         3         
2      527       116       47053     52        9         235       235       322       1         2         
2      950       526       46957     290       52        308       308       323       1         2         
1      627       556       47043     189       199       241       241       326       1         4         
1      766       1127      47053     290       291       246       246       330       1         3         
3      602       483       47035     189       189       313       313       332       1         3         
1      598       530       47059     189       189       286       286       354       1         2         
1      639       714       47024     131       131       302       302       364       1         2         
1      336       527       46990     277       52        271       271       370       1         2         
3      947       888       47065     290       290       191       191       388       1         3         
2      811       625       47039     290       189       262       262       389       1         3         
1      654       625       47003     189       189       319       319       403       1         2         
2      719       163       47022     189       178       260       260       419       1         4         
1      813       575       47007     290       189       255       255       426       1         3         
1      748       817       47024     290       290       263       263       440       1         2         
1      603       697       47027     189       189       244       244       446       1         4         
1      579       929       47052     189       290       222       222       448       1         4         
1      441       270       47006     168       127       251       251       466       1         2         
3      724       909       47034     290       290       292       292       476       1         2         
3      599       592       46929     280       52        409       409       485       1         2         
2      670       627       47046     280       189       282       282       493       1         3         
2      604       790       47050     189       290       194       194       501       1         3         
1      721       913       47046     290       291       255       255       505       1         3         
3      858       814       46977     290       290       263       263       519       1         3         
1      812       556       47063     290       199       204       204       527       1         3         
1      528       350       46994     52        127       287       287       532       1         2         
3      532       675       47015     199       189       280       280       536       1         2         
1      782       791       46936     291       290       330       330       538       1         2         
1      505       578       47024     52        189       210       210       541       1         2         
2      676       607       47045     189       189       289       289       543       1         2         
1      760       580       47009     291       189       288       288       554       1         2         
1      550       568       46896     189       52        369       369       556       1         2         
1      619       431       47046     131       52        250       250       557       1         2         
2      720       597       47049     290       131       271       271       562       1         3         
3      669       174       46886     280       266       450       450       568       1         2         
1      914       891       47062     291       291       165       165       571       1         2         
1      738       79        47042     189       98        227       227       572       1         3         
1      648       1187      47011     189       291       170       170       573       1         4         
1      291       354       47060     87        119       142       142       575       1         2         
1      532       698       46903     199       189       392       392       579       1         2         
3      834       795       47055     290       290       274       274       580       1         3         
2      824       860       47011     291       290       224       224       581       1         4         
3      581       676       47060     189       189       244       244       582       1         3         
1      1002      1245      47016     291       192       194       194       601       1         3         
1      755       506       47022     131       189       282       282       610       1         4         
1      399       352       47065     168       119       191       191       624       1         2         
2      647       662       46930     280       131       436       436       634       1         2         
1      627       329       46933     189       127       351       351       654       1         3         
1      597       639       46998     131       131       311       311       657       1         2         
3      639       390       46985     131       52        341       341       672       1         2         
1      748       606       47066     290       189       221       221       691       1         3         
1      1089      1189      47054     291       192       136       136       694       1         2         
1      959       1188      47053     291       192       141       141       722       1         3         
3      673       527       46915     189       52        412       412       741       1         2         
2      581       676       47060     189       189       211       211       748       1         2         
3      1011      690       47062     84        131       186       186       759       1         2         
1      687       191       47047     131       266       146       146       768       1         3         
1      1025      1001      47016     291       291       238       238       777       1         3         
1      597       616       46995     131       131       314       314       778       1         3         
1      847       758       47015     291       131       249       249       781       1         2         
1      481       645       46979     189       280       279       279       783       1         3         
1      768       782       46965     290       291       349       349       784       1         2         
1      331       545       47055     127       52        168       168       788       1         2         
3      600       625       46894     280       189       434       434       792       1         2         
1      292       460       47058     87        189       117       117       801       1         3         
3      759       776       47040     131       131       257       257       812       1         2         
3      759       776       47040     131       131       257       257       818       1         2         
4      936       1065      47012     291       291       228       228       832       1         2         
2      479       285       47034     52        299       177       177       833       1         3         
1      579       20        46826     189       98        473       473       835       1         3         
2      481       616       46981     189       131       277       277       840       1         2         
1      718       917       47053     189       291       219       219       847       1         4         
3      947       888       47065     290       290       191       191       865       1         2         
1      864       1032      47032     290       84        201       201       866       1         3         
2      686       80        46966     131       98        383       383       872       1         2         
2      609       727       47023     189       290       292       292       887       1         3         
1      838       698       47013     290       189       285       285       890       1         2         
1      1036      621       47066     84        280       187       187       891       1         2         
3      571       395       47022     52        100       229       229       894       1         3         
1      859       925       47014     290       290       201       201       895       1         3         
1      641       670       47069     131       280       234       234       898       1         4         
1      721       735       47018     290       131       283       283       917       1         4         
1      777       639       47056     131       131       209       209       926       1         2         
1      771       527       46897     290       52        391       391       934       1         4         
1      665       688       47042     131       131       246       246       941       1         2         
2      766       722       47045     290       290       254       254       943       1         2         
3      1025      378       47068     291       168       189       189       949       1         2         
1      627       526       46943     189       52        341       341       955       1         4         
1      549       766       47067     52        290       197       197       957       1         3         
2      718       579       47019     189       189       269       269       959       1         3         
1      675       748       46991     189       290       273       273       963       1         3         
1      568       412       47064     52        52        144       144       965       1         3         
1      771       841       46962     290       290       326       326       973       1         2         
1      624       650       47015     189       189       259       259       977       1         2         
1      837       533       47046     290       199       127       127       979       1         5         
1      887       701       47052     290       290       200       200       983       1         4         
3      654       296       47043     189       277       311       311       988       1         2         
2      65        420       47043     98        168       131       131       990       1         3         
1      858       696       47047     290       189       193       193       994       1         3         
3      885       466       46946     290       199       295       295       995       1         2         
1      647       894       47070     280       291       0         0         0         0         0         
1      350       505       47070     127       52        0         0         0         0         0         
1      376       394       47070     168       100       0         0         0         0         0         
1      810       713       47070     290       131       0         0         0         0         0         
3      309       526       47071     127       52        0         0         0         0         0         
1      668       116       47071     280       9         0         0         0         0         0         
1      948       188       47071     290       286       0         0         0         0         0         
1      577       290       47071     189       127       0         0         0         0         0         
1      766       782       47071     290       291       0         0         0         0         0         
3      309       526       47071     127       52        0         0         0         0         0         
3      234       526       47072     87        52        0         0         0         0         0         
1      714       528       47072     131       52        0         0         0         0         0         
1      314       927       47072     119       290       0         0         0         0         0         
1      534       652       47072     199       189       0         0         0         0         0         
1      137       19        47072     286       98        0         0         0         0         0         
3      768       923       47072     290       290       0         0         0         0         0         
2      768       923       47072     290       290       0         0         0         0         0         
4      897       507       47073     291       189       0         0         0         0         0         
1      557       527       47073     189       52        0         0         0         0         0         
2      737       189       47073     189       286       0         0         0         0         0         
1      291       215       47073     87        178       0         0         0         0         0         
1      329       555       47074     127       199       0         0         0         0         0         
1      746       697       47074     290       189       0         0         0         0         0         
1      390       208       47075     52        286       0         0         0         0         0         
1      31        645       47075     9         280       0         0         0         0         0         
1      727       628       47076     290       189       0         0         0         0         0         
1      349       488       47076     127       199       0         0         0         0         0         
1      507       386       47076     189       299       0         0         0         0         0         
1      508       250       47077     199       127       0         0         0         0         0         
1      272       352       47077     127       119       0         0         0         0         0         
4      189       629       47077     286       189       0         0         0         0         0         
1      644       647       47078     131       280       0         0         0         0         0         
1      171       393       47078     286       52        0         0         0         0         0         
1      768       766       47079     290       290       0         0         0         0         0         
1      696       696       47079     189       189       0         0         0         0         0         
2      136       480       47079     286       52        0         0         0         0         0         
1      841       527       47079     290       52        0         0         0         0         0         
2      601       527       47079     189       52        0         0         0         0         0         
1      670       459       47079     280       189       0         0         0         0         0         
1      31        232       47079     9         266       0         0         0         0         0         
1      1032      609       47080     84        189       0         0         0         0         0         
1      646       776       47080     280       131       0         0         0         0         0         
1      505       718       47080     52        189       0         0         0         0         0         
1      691       1044      47080     131       291       0         0         0         0         0         
1      656       883       47080     290       290       0         0         0         0         0         
2      508       79        47080     199       98        0         0         0         0         0         
3      508       79        47080     199       98        0         0         0         0         0         
3      628       766       47081     189       290       0         0         0         0         0         
1      748       875       47081     290       291       0         0         0         0         0         
1      759       687       47081     131       131       0         0         0         0         0         
1      531       418       47081     189       168       0         0         0         0         0         
1      578       691       47081     189       131       0         0         0         0         0         
1      694       721       47081     189       290       0         0         0         0         0         
1      882       927       47082     290       290       0         0         0         0         0         
1      351       392       47082     52        52        0         0         0         0         0         
1      715       599       47082     131       280       0         0         0         0         0         
2      624       721       47082     189       290       0         0         0         0         0         
1      792       717       47083     290       189       0         0         0         0         0         
1      984       827       47083     291       291       0         0         0         0         0         
1      504       139       47083     52        57        0         0         0         0         0         
2      573       847       47083     189       291       0         0         0         0         0         
1      599       153       47083     280       286       0         0         0         0         0         
4      409       604       47084     52        189       0         0         0         0         0         
3      481       175       47084     189       266       0         0         0         0         0         
1      555       847       47085     199       291       0         0         0         0         0         
2      391       409       47085     52        52        0         0         0         0         0         
1      1043      409       47085     291       52        0         0         0         0         0         
3      285       672       47085     299       189       0         0         0         0         0         
1      915       525       47086     291       52        0         0         0         0         0         
2      677       527       47086     189       52        0         0         0         0         0         
1      484       1003      47086     189       291       0         0         0         0         0         
1      692       535       47086     280       189       0         0         0         0         0         
3      329       209       47087     127       266       0         0         0         0         0         
1      171       544       47087     286       52        0         0         0         0         0         
1      528       639       47087     52        131       0         0         0         0         0         
1      727       234       47087     290       87        0         0         0         0         0         
1      947       673       47087     290       189       0         0         0         0         0         
3      329       209       47087     127       266       0         0         0         0         0         
2      727       632       47088     290       189       0         0         0         0         0         
1      1225      1225      47088     192       192       0         0         0         0         0         
1      776       639       47088     131       131       0         0         0         0         0         
1      849       732       47088     291       131       0         0         0         0         0         
1      824       703       47089     291       290       0         0         0         0         0         
1      850       696       47089     291       189       0         0         0         0         0         
2      749       909       47089     290       290       0         0         0         0         0         
2      527       648       47089     52        189       0         0         0         0         0         
1      692       438       47089     280       100       0         0         0         0         0         
1      718       628       47089     189       189       0         0         0         0         0         
3      749       909       47089     290       290       0         0         0         0         0         
2      395       550       47089     100       189       0         0         0         0         0         
1      571       505       47089     52        52        0         0         0         0         0         
1      836       722       47090     290       290       0         0         0         0         0         
1      437       293       47090     100       87        0         0         0         0         0         
1      176       640       47090     174       131       0         0         0         0         0         
1      865       436       47090     290       100       0         0         0         0         0         
1      349       331       47091     127       127       0         0         0         0         0         
1      556       421       47091     199       168       0         0         0         0         0         
1      416       673       47091     100       189       0         0         0         0         0         
3      702       905       47092     290       290       0         0         0         0         0         
3      702       905       47092     290       290       0         0         0         0         0         
1      639       553       47092     131       189       0         0         0         0         0         
1      21        158       47092     98        174       0         0         0         0         0         
1      327       253       47092     299       206       0         0         0         0         0         
1      629       727       47093     189       290       0         0         0         0         0         
1      248       1043      47093     266       291       0         0         0         0         0         
1      232       195       47093     266       207       0         0         0         0         0         
1      415       721       47093     100       290       0         0         0         0         0         
2      721       835       47094     290       290       0         0         0         0         0         
1      170       284       47094     286       299       0         0         0         0         0         
2      674       373       47094     189       119       0         0         0         0         0         
2      939       782       47094     291       291       0         0         0         0         0         
1      894       1002      47095     291       291       0         0         0         0         0         
2      715       799       47096     131       131       0         0         0         0         0         
2      690       431       47096     131       52        0         0         0         0         0         
1      802       760       47096     291       291       0         0         0         0         0         
1      48        48        47096     98        98        0         0         0         0         0         
2      992       991       47096     290       290       0         0         0         0         0         
1      812       1011      47097     290       84        0         0         0         0         0         
1      549       19        47097     52        98        0         0         0         0         0         
2      776       211       47097     131       266       0         0         0         0         0         
1      699       498       47097     290       52        0         0         0         0         0         
1      621       691       47097     280       131       0         0         0         0         0         
1      345       389       47097     299       299       0         0         0         0         0         
1      507       529       47098     189       189       0         0         0         0         0         
2      527       463       47098     52        168       0         0         0         0         0         
2      393       545       47098     52        52        0         0         0         0         0         
4      608       813       47099     189       290       0         0         0         0         0         
1      896       827       47099     291       291       0         0         0         0         0         
2      557       247       47099     189       266       0         0         0         0         0         
1      229       211       47099     266       266       0         0         0         0         0         
1      873       981       47099     291       291       0         0         0         0         0         
