COLUMNS

passenger_count
pickup_ID
dropoff_ID
request_time_sec
pickup_district
dropoff_district
LDuals
IDuals
vehicle_ID
pick_position
drop_position

REQUESTS_INFO
1      859       674       30288     290       189       239       239       10        1         2         
2      990       936       30220     290       291       332       332       58        1         3         
1      927       1011      30250     290       84        288       288       80        1         2         
4      309       674       30310     127       189       212       212       134       1         2         
1      741       741       30323     50        50        133       133       136       1         2         
3      248       139       30306     266       57        141       141       161       1         2         
1      253       544       30310     206       52        158       158       171       1         4         
2      1187      1128      30295     291       291       205       205       181       1         2         
1      726       885       30292     290       290       230       230       198       1         2         
1      237       396       30274     87        119       220       220       203       1         2         
1      275       267       30329     87        266       216       216       255       1         2         
1      1169      924       30305     291       290       211       211       274       1         2         
3      859       554       30115     290       189       412       412       312       1         3         
1      236       48        30295     87        98        205       205       318       1         2         
1      862       678       30303     290       290       258.5     258.5     373       1         2         
1      794       651       30257     290       189       228.5     228.5     390       1         4         
2      749       817       30284     290       290       260       260       390       2         3         
3      438       533       30329     100       199       113       113       427       1         2         
2      881       909       30243     290       290       294       294       435       1         2         
1      275       671       30318     87        280       205       205       441       1         3         
3      814       1064      30277     290       291       247       247       454       1         2         
1      618       439       30327     131       189       118       118       459       1         2         
2      905       652       30272     290       189       232.5     232.5     471       1         3         
2      793       647       30321     290       280       228       228       487       1         2         
1      840       698       30272     290       189       251       251       494       1         3         
1      791       604       30293     290       189       226       226       501       1         3         
3      457       624       30309     52        189       163       163       503       1         2         
2      907       533       30235     290       199       308       308       513       1         2         
3      781       691       30273     291       131       189       189       521       1         2         
1      285       209       30319     299       266       132       132       566       1         3         
1      396       378       30306     119       168       134       134       572       1         3         
1      396       651       30319     119       189       121       121       572       2         4         
1      311       604       30309     87        189       197       197       575       1         3         
1      884       370       30310     290       52        197.5     197.5     578       1         3         
1      771       394       30259     290       100       233.5     233.5     579       1         4         
3      768       10        30311     290       98        204       204       583       1         2         
1      927       905       30316     290       290       180.5     180.5     616       1         2         
1      817       653       30273     290       189       245.5     245.5     624       1         3         
1      712       1021      30302     131       291       153       153       647       1         2         
1      817       886       30240     290       290       278.5     278.5     659       1         3         
3      839       646       30264     290       280       290       290       691       1         2         
3      837       651       30130     290       189       395       395       695       1         2         
3      814       1064      30277     290       291       247       247       698       1         3         
1      913       1010      30292     291       290       234       234       748       1         2         
1      291       373       30235     87        119       261       261       755       1         2         
3      768       628       30304     290       189       211       211       759       1         2         
1      335       650       30300     119       189       202       202       766       1         3         
1      924       770       30286     290       290       197       197       774       1         3         
3      969       501       30292     290       52        260       260       795       1         3         
1      780       849       30305     291       291       175       175       803       1         3         
1      433       601       30250     52        189       185       185       820       1         4         
1      288       672       30299     127       189       182       182       826       1         3         
2      896       693       30230     291       280       309       309       828       1         2         
1      815       743       30099     290       290       425.5     425.5     837       1         2         
3      948       697       30266     290       189       319       319       841       1         2         
1      408       671       30309     299       280       173       173       847       1         2         
1      914       212       30278     291       266       183.5     183.5     872       1         3         
1      644       604       30317     131       189       146       146       890       1         2         
2      1068      983       30268     291       291       224       224       894       1         2         
1      970       670       30273     290       280       220       220       905       1         3         
3      768       10        30311     290       98        204       204       924       1         2         
1      625       604       30319     189       189       116       116       929       1         2         
1      897       453       30243     291       52        192       192       940       1         3         
1      991       695       30272     290       189       269       269       973       1         2         
3      827       247       30300     291       266       172       172       978       1         3         
1      434       395       30311     52        100       156       156       992       1         2         
1      275       1076      30305     87        84        218       218       1030      1         4         
1      756       629       30327     131       189       119       119       1045      1         2         
1      852       747       30326     291       290       160.5     160.5     1082      1         3         
1      772       416       30313     290       100       180.5     180.5     1089      1         5         
1      772       439       30325     290       189       168.5     168.5     1089      2         4         
1      712       554       30308     131       189       121       121       1091      1         5         
2      882       909       30143     290       290       296       296       1107      1         4         
3      771       1218      30252     290       84        243       243       1126      1         3         
1      1130      1011      30288     291       84        221       221       1128      1         3         
1      1101      1140      30327     84        84        173       173       1144      1         2         
3      771       697       30273     290       189       269       269       1170      1         2         
1      744       551       30309     290       189       133       133       1185      1         5         
1      810       904       30242     290       290       261       261       1221      1         3         
1      839       352       30320     290       119       213.5     213.5     1225      1         4         
2      1107      737       30311     291       189       175       175       1226      1         3         
1      306       604       30328     299       189       173       173       1248      1         4         
2      312       1119      30288     87        84        228       228       1250      1         2         
1      291       532       30329     87        199       167       167       1319      1         3         
1      904       482       30280     290       189       220.5     220.5     1336      1         4         
3      476       208       30326     52        286       190       190       1339      1         3         
2      679       839       30267     290       290       245       245       1340      1         2         
3      766       628       30324     290       189       141       141       1359      1         3         
3      1153      810       30303     50        290       231       231       1361      1         2         
3      968       520       30242     290       52        339       339       1373      1         2         
1      1010      284       30288     290       299       250       250       1389      1         3         
1      813       717       30319     290       189       217       217       1419      1         3         
1      1068      1594      30260     291       296       301       301       1433      1         2         
1      1355      1066      30324     129       291       100       100       1474      1         2         
1      413       694       30324     52        189       96        96        1517      1         2         
3      827       247       30300     291       266       172       172       1580      1         2         
1      860       47        30289     290       98        235       235       1598      1         3         
2      31        557       30324     9         189       79        79        1734      1         3         
3      836       580       30270     290       189       245       245       1736      1         3         
2      839       646       30264     290       280       290       290       1832      1         2         
1      712       759       30281     131       131       174       174       1930      1         2         
1      238       230       30307     87        266       230       230       1939      1         2         
1      906       628       30312     290       189       212       212       1943      1         3         
2      1066      693       30227     291       280       234       234       1960      1         2         
1      907       631       30308     290       189       234.5     234.5     1964      1         3         
1      575       372       30321     189       119       142       142       1979      1         3         
3      251       134       30298     127       9         192       192       1989      1         2         
3      643       346       30301     131       299       159       159       1994      1         2         
3      310       289       30273     127       127       236       236       1996      1         2         
1      794       1192      30189     290       129       269       269       1997      1         3         
1      330       465       30330     127       199       0         0         0         0         0         
1      504       692       30330     52        280       0         0         0         0         0         
1      397       693       30330     168       280       0         0         0         0         0         
1      527       232       30330     52        266       0         0         0         0         0         
1      582       626       30330     189       189       0         0         0         0         0         
1      721       767       30330     290       290       0         0         0         0         0         
1      275       598       30331     87        189       0         0         0         0         0         
1      557       499       30331     189       52        0         0         0         0         0         
3      332       532       30331     87        199       0         0         0         0         0         
2      332       532       30331     87        199       0         0         0         0         0         
2      603       737       30332     189       189       0         0         0         0         0         
1      554       908       30332     189       290       0         0         0         0         0         
1      958       671       30332     291       280       0         0         0         0         0         
2      842       699       30333     290       290       0         0         0         0         0         
3      665       463       30333     131       168       0         0         0         0         0         
1      761       579       30333     50        189       0         0         0         0         0         
1      480       274       30333     52        87        0         0         0         0         0         
3      665       463       30333     131       168       0         0         0         0         0         
1      724       674       30333     290       189       0         0         0         0         0         
3      842       699       30333     290       290       0         0         0         0         0         
1      508       969       30334     199       290       0         0         0         0         0         
1      924       580       30334     290       189       0         0         0         0         0         
1      725       162       30334     290       178       0         0         0         0         0         
1      310       581       30334     127       189       0         0         0         0         0         
1      1111      850       30334     50        291       0         0         0         0         0         
1      889       889       30334     290       290       0         0         0         0         0         
1      860       723       30335     290       290       0         0         0         0         0         
1      646       1542      30335     280       296       0         0         0         0         0         
1      1003      671       30335     291       280       0         0         0         0         0         
1      745       1542      30336     290       296       0         0         0         0         0         
1      134       234       30336     9         87        0         0         0         0         0         
1      1168      1011      30336     291       84        0         0         0         0         0         
1      623       651       30336     280       189       0         0         0         0         0         
1      812       622       30336     290       280       0         0         0         0         0         
1      173       21        30337     286       98        0         0         0         0         0         
1      675       605       30337     189       189       0         0         0         0         0         
1      527       332       30337     52        87        0         0         0         0         0         
1      1031      697       30337     50        189       0         0         0         0         0         
1      673       626       30337     189       189       0         0         0         0         0         
1      716       602       30337     189       189       0         0         0         0         0         
1      485       624       30337     189       189       0         0         0         0         0         
1      981       849       30337     291       291       0         0         0         0         0         
2      250       377       30337     127       168       0         0         0         0         0         
3      250       377       30337     127       168       0         0         0         0         0         
1      556       693       30338     199       280       0         0         0         0         0         
1      579       621       30338     189       280       0         0         0         0         0         
1      626       646       30338     189       280       0         0         0         0         0         
1      408       545       30338     299       52        0         0         0         0         0         
2      1234      1267      30338     129       129       0         0         0         0         0         
1      702       652       30339     290       189       0         0         0         0         0         
1      410       699       30339     52        290       0         0         0         0         0         
1      722       605       30339     290       189       0         0         0         0         0         
1      504       554       30339     52        189       0         0         0         0         0         
2      670       693       30340     280       280       0         0         0         0         0         
1      354       129       30340     119       178       0         0         0         0         0         
1      676       881       30340     189       290       0         0         0         0         0         
1      608       61        30340     189       98        0         0         0         0         0         
1      599       291       30340     280       87        0         0         0         0         0         
1      909       743       30340     290       290       0         0         0         0         0         
2      216       356       30340     178       119       0         0         0         0         0         
3      216       356       30340     178       119       0         0         0         0         0         
2      433       549       30341     52        52        0         0         0         0         0         
1      1168      652       30341     291       189       0         0         0         0         0         
1      835       722       30341     290       290       0         0         0         0         0         
1      506       604       30341     189       189       0         0         0         0         0         
3      904       647       30342     290       280       0         0         0         0         0         
1      527       529       30342     52        189       0         0         0         0         0         
1      481       628       30342     189       189       0         0         0         0         0         
1      688       1187      30343     131       291       0         0         0         0         0         
3      1263      849       30343     192       291       0         0         0         0         0         
1      608       673       30343     189       189       0         0         0         0         0         
3      969       672       30343     290       189       0         0         0         0         0         
3      969       672       30343     290       189       0         0         0         0         0         
1      390       452       30343     52        52        0         0         0         0         0         
1      508       1032      30344     199       84        0         0         0         0         0         
1      860       652       30344     290       189       0         0         0         0         0         
1      668       676       30344     280       189       0         0         0         0         0         
1      1168      720       30344     291       290       0         0         0         0         0         
2      840       699       30345     290       290       0         0         0         0         0         
1      598       627       30345     189       189       0         0         0         0         0         
1      971       922       30345     290       50        0         0         0         0         0         
2      644       720       30345     131       290       0         0         0         0         0         
1      749       1284      30346     290       129       0         0         0         0         0         
1      1233      1225      30346     129       192       0         0         0         0         0         
1      287       626       30346     299       189       0         0         0         0         0         
2      628       621       30346     189       280       0         0         0         0         0         
1      654       482       30346     189       189       0         0         0         0         0         
2      135       289       30346     286       127       0         0         0         0         0         
3      135       289       30346     286       127       0         0         0         0         0         
1      394       651       30346     100       189       0         0         0         0         0         
1      412       268       30346     52        299       0         0         0         0         0         
1      558       672       30346     189       189       0         0         0         0         0         
1      526       602       30346     52        189       0         0         0         0         0         
3      617       189       30347     131       286       0         0         0         0         0         
2      617       189       30347     131       286       0         0         0         0         0         
3      607       463       30347     189       168       0         0         0         0         0         
1      1152      876       30347     291       50        0         0         0         0         0         
1      577       247       30347     189       266       0         0         0         0         0         
1      460       63        30347     189       98        0         0         0         0         0         
4      255       582       30347     87        189       0         0         0         0         0         
1      527       413       30347     52        52        0         0         0         0         0         
3      607       463       30347     189       168       0         0         0         0         0         
1      478       647       30348     52        280       0         0         0         0         0         
1      731       152       30348     131       9         0         0         0         0         0         
1      504       287       30348     52        299       0         0         0         0         0         
1      593       992       30348     52        290       0         0         0         0         0         
1      946       905       30348     290       290       0         0         0         0         0         
1      437       555       30348     100       199       0         0         0         0         0         
1      632       533       30348     189       199       0         0         0         0         0         
1      535       698       30348     189       189       0         0         0         0         0         
1      504       314       30348     52        119       0         0         0         0         0         
2      743       903       30348     290       290       0         0         0         0         0         
1      304       548       30349     299       52        0         0         0         0         0         
1      719       555       30349     189       199       0         0         0         0         0         
1      621       717       30349     280       189       0         0         0         0         0         
1      392       600       30349     52        280       0         0         0         0         0         
1      372       904       30349     119       290       0         0         0         0         0         
1      509       649       30350     199       189       0         0         0         0         0         
1      235       557       30350     87        189       0         0         0         0         0         
2      647       731       30350     280       131       0         0         0         0         0         
1      578       138       30350     189       57        0         0         0         0         0         
3      1036      604       30351     84        189       0         0         0         0         0         
2      1036      604       30351     84        189       0         0         0         0         0         
1      781       833       30351     291       50        0         0         0         0         0         
1      768       557       30351     290       189       0         0         0         0         0         
1      417       208       30351     100       286       0         0         0         0         0         
1      641       189       30351     131       286       0         0         0         0         0         
3      194       139       30351     207       57        0         0         0         0         0         
1      391       416       30351     52        100       0         0         0         0         0         
1      690       626       30352     131       189       0         0         0         0         0         
2      646       458       30352     280       52        0         0         0         0         0         
1      532       417       30352     199       100       0         0         0         0         0         
2      247       413       30352     266       52        0         0         0         0         0         
1      599       686       30352     280       131       0         0         0         0         0         
1      598       558       30352     189       189       0         0         0         0         0         
3      392       521       30353     52        52        0         0         0         0         0         
1      715       765       30353     131       290       0         0         0         0         0         
2      894       961       30353     291       291       0         0         0         0         0         
2      392       521       30353     52        52        0         0         0         0         0         
1      827       631       30353     291       189       0         0         0         0         0         
1      1177      1140      30353     84        84        0         0         0         0         0         
1      887       767       30353     290       290       0         0         0         0         0         
1      134       119       30354     9         286       0         0         0         0         0         
1      907       737       30354     290       189       0         0         0         0         0         
1      768       924       30354     290       290       0         0         0         0         0         
2      769       736       30354     290       131       0         0         0         0         0         
1      772       399       30354     290       168       0         0         0         0         0         
1      455       184       30355     52        87        0         0         0         0         0         
1      198       573       30355     178       189       0         0         0         0         0         
1      980       873       30355     291       291       0         0         0         0         0         
1      680       134       30355     290       9         0         0         0         0         0         
1      835       439       30355     290       189       0         0         0         0         0         
1      408       392       30355     299       52        0         0         0         0         0         
1      523       415       30356     52        100       0         0         0         0         0         
1      781       603       30356     291       189       0         0         0         0         0         
1      949       1245      30357     290       192       0         0         0         0         0         
2      694       554       30357     189       189       0         0         0         0         0         
1      745       578       30357     290       189       0         0         0         0         0         
1      606       439       30357     189       189       0         0         0         0         0         
1      421       672       30357     168       189       0         0         0         0         0         
1      579       716       30357     189       189       0         0         0         0         0         
2      334       417       30358     119       100       0         0         0         0         0         
1      155       269       30358     286       127       0         0         0         0         0         
3      549       430       30358     52        52        0         0         0         0         0         
1      924       78        30358     290       9         0         0         0         0         0         
1      859       602       30359     290       189       0         0         0         0         0         
1      710       696       30359     131       189       0         0         0         0         0         
1      431       552       30359     52        189       0         0         0         0         0         
1      712       351       30359     131       52        0         0         0         0         0         
2      527       437       30359     52        100       0         0         0         0         0         
1      433       744       30359     52        290       0         0         0         0         0         
1      1022      47        30359     291       98        0         0         0         0         0         
1      946       1025      30359     290       291       0         0         0         0         0         
