COLUMNS

passenger_count
pickup_ID
dropoff_ID
request_time_sec
pickup_district
dropoff_district

REQUESTS_INFO
1      1213      859       49020     129       290       
1      812       947       49020     290       290       
2      721       946       49021     290       290       
1      738       828       49021     189       291       
1      325       389       49021     299       299       
3      721       946       49021     290       290       
1      1115      213       49021     84        266       
2      351       211       49021     52        266       
1      1446      643       49021     129       131       
1      507       393       49022     189       52        
1      20        369       49022     98        52        
1      916       1044      49022     291       291       
1      436       554       49022     100       189       
3      723       790       49022     290       290       
2      723       790       49022     290       290       
2      535       664       49023     189       131       
1      78        544       49023     9         52        
1      600       604       49024     280       189       
1      673       368       49024     189       299       
1      746       655       49025     290       189       
1      649       575       49025     189       189       
3      557       675       49026     189       189       
3      557       675       49026     189       189       
3      655       721       49026     189       290       
1      668       782       49026     280       291       
1      622       616       49026     280       131       
1      437       650       49026     100       189       
1      648       739       49026     189       189       
3      655       721       49026     189       290       
1      35        560       49027     98        189       
3      79        10        49027     98        98        
2      79        10        49027     98        98        
1      608       488       49027     189       199       
1      792       412       49028     290       52        
1      609       885       49028     189       290       
1      904       782       49028     290       291       
3      251       219       49028     127       87        
3      251       219       49028     127       87        
1      512       356       49028     199       119       
3      723       116       49029     290       9         
2      723       116       49029     290       9         
1      459       253       49029     189       206       
1      959       720       49029     291       290       
2      386       457       49029     299       52        
1      555       575       49030     199       189       
1      760       626       49030     291       189       
1      534       393       49030     199       52        
1      509       352       49030     199       119       
1      275       249       49031     87        266       
1      1264      1206      49031     192       192       
1      413       549       49031     52        52        
3      646       409       49032     280       52        
3      693       550       49032     280       189       
3      693       550       49032     280       189       
3      646       409       49032     280       52        
1      1148      1155      49032     291       129       
1      598       794       49032     189       290       
1      607       43        49032     189       9         
2      581       481       49033     189       189       
1      745       906       49033     290       290       
1      870       690       49033     291       131       
1      177       650       49034     207       189       
1      1067      972       49034     291       290       
1      794       311       49035     290       87        
1      738       675       49035     189       189       
2      397       760       49035     168       291       
1      189       549       49035     286       52        
1      456       99        49035     52        286       
2      434       390       49035     52        52        
3      434       390       49035     52        52        
2      392       694       49035     52        189       
1      950       839       49036     290       290       
1      716       247       49036     189       266       
4      936       1106      49036     291       291       
1      443       578       49036     168       189       
3      601       719       49037     189       189       
1      604       653       49037     189       189       
3      312       483       49037     87        189       
2      578       673       49037     189       189       
1      523       529       49038     52        189       
1      284       99        49038     299       286       
1      48        556       49038     98        199       
1      858       527       49039     290       52        
1      369       791       49039     52        290       
1      247       409       49040     266       52        
1      536       621       49040     189       280       
1      860       815       49040     290       290       
1      527       394       49040     52        100       
1      925       1026      49040     290       291       
1      328       19        49040     299       98        
2      647       720       49040     280       290       
3      647       720       49040     280       290       
3      393       231       49040     52        266       
3      393       231       49040     52        266       
2      771       696       49041     290       189       
3      771       696       49041     290       189       
3      599       504       49041     280       52        
1      605       47        49042     189       98        
2      217       718       49042     87        189       
2      716       578       49043     189       189       
1      673       771       49043     189       290       
2      532       395       49043     199       100       
1      716       475       49044     189       52        
4      576       672       49044     189       189       
1      606       721       49044     189       290       
1      804       991       49044     291       290       
1      436       499       49046     100       52        
1      504       1105      49046     52        291       
2      619       435       49046     131       52        
1      748       488       49046     290       199       
3      604       721       49047     189       290       
1      327       157       49047     299       54        
2      628       527       49047     189       52        
3      604       721       49047     189       290       
2      556       745       49049     199       290       
1      189       100       49049     286       57        
2      760       621       49049     291       280       
3      760       621       49049     291       280       
1      724       395       49050     290       100       
1      633       486       49050     189       199       
3      571       694       49050     52        189       
3      571       694       49050     52        189       
