COLUMNS

passenger_count
pickup_ID
dropoff_ID
request_time_sec
pickup_district
dropoff_district
LDuals
IDuals
vehicle_ID
pick_position
drop_position

REQUESTS_INFO
1      743       946       30075     290       290       153       153       15        1         3         
1      864       557       29932     290       189       374.75    374.75    28        1         4         
3      841       578       29980     290       189       316.1     316.1     28        2         3         
1      745       435       30064     290       52        152       152       36        1         4         
1      358       903       30067     168       290       223       223       52        1         3         
1      993       651       29971     84        189       308       308       83        1         2         
3      972       639       30073     290       131       221       221       124       1         3         
1      347       627       30019     299       189       284       284       143       1         2         
2      885       759       30078     290       131       213       213       146       1         3         
1      936       742       29944     291       290       299       299       161       1         2         
2      136       549       30070     286       52        120       120       171       1         2         
2      771       791       29966     290       290       286.5     286.5     174       1         3         
1      863       189       30006     290       286       297       297       175       1         3         
1      940       672       30007     291       189       174       174       182       1         3         
4      532       9         30084     199       98        114       114       195       1         2         
2      970       669       30032     290       280       266.45    266.45    202       1         3         
1      418       581       30083     168       189       162       162       247       1         4         
2      418       577       30005     168       189       263       263       247       2         3         
1      236       605       30078     87        189       172       172       257       1         3         
2      674       961       30084     189       291       95        95        330       1         3         
1      373       673       30083     119       189       140       140       339       1         2         
1      771       609       30085     290       189       167.5     167.5     343       1         3         
1      348       647       30052     299       280       257       257       345       1         2         
3      466       578       29996     199       189       221       221       381       1         2         
2      325       410       30067     299       52        213       213       410       1         2         
1      408       624       30077     299       189       160       160       417       1         4         
1      884       507       30047     290       189       274       274       418       1         2         
1      812       676       30038     290       189       226       226       424       1         2         
1      818       481       30078     290       189       218       218       445       1         3         
2      376       552       29914     168       189       378       378       453       1         2         
1      455       570       30043     52        52        173       173       456       1         2         
1      905       836       30088     290       290       190       190       460       1         3         
2      885       628       30084     290       189       189       189       460       2         4         
1      434       602       30040     52        189       231       231       464       1         3         
1      412       116       29873     52        9         444.5     444.5     473       1         2         
1      963       1264      30072     50        192       187       187       485       1         2         
2      451       134       30074     999       9         168       168       513       1         2         
3      527       616       30067     52        131       182       182       515       1         3         
1      527       747       30070     52        290       179       179       515       2         4         
3      390       279       30074     52        87        237.5     237.5     564       1         2         
4      794       526       29772     290       52        507.75    507.75    581       1         2         
1      633       694       30046     189       189       172.5     172.5     585       1         2         
3      1025      582       29879     291       189       444       444       597       1         2         
1      745       510       29990     290       199       262       262       605       1         2         
1      475       597       30025     52        131       244       244       607       1         2         
2      1003      559       29942     291       189       346       346       610       1         2         
1      842       289       29788     290       127       549.75    549.75    612       1         3         
2      1024      1375      30001     291       129       221       221       625       1         3         
1      441       622       30052     168       280       207       207       627       1         2         
2      269       718       30041     127       189       203.5     203.5     639       1         2         
1      818       814       29917     290       290       389.5     389.5     644       1         2         
2      314       305       30038     119       299       235.5     235.5     659       1         2         
1      374       298       30020     119       277       256       256       705       1         2         
3      885       759       30078     290       131       241       241       713       1         3         
3      352       579       30039     119       189       159       159       727       1         3         
1      1106      860       30069     291       290       178       178       732       1         2         
3      349       413       30078     127       52        209.5     209.5     766       1         2         
2      887       649       30039     290       189       276.5     276.5     787       1         2         
3      314       35        30030     119       98        243.5     243.5     789       1         3         
3      218       616       30072     87        131       199       199       804       1         3         
1      991       859       30082     290       290       169       169       812       1         3         
1      741       940       30015     50        291       216       216       822       1         2         
3      390       279       30074     52        87        237.5     237.5     823       1         3         
1      990       1308      29869     290       129       430       430       825       1         4         
1      365       416       30064     299       100       170       170       826       1         2         
1      509       604       30061     199       189       142       142       829       1         3         
1      433       371       30040     52        52        188       188       831       1         2         
1      889       139       30031     290       57        230       230       842       1         4         
2      887       1308      29958     290       129       357.5     357.5     848       1         3         
1      415       509       29973     100       199       303       303       851       1         2         
3      885       628       30084     290       189       235       235       858       1         3         
1      862       650       30075     290       189       246       246       858       2         4         
1      710       483       30068     131       189       144       144       865       1         3         
1      894       718       30061     291       189       164       164       873       1         3         
1      887       372       30029     290       119       286       286       879       1         4         
1      842       606       30060     290       189       246.1     246.1     889       1         3         
3      325       228       30073     299       266       207       207       894       1         2         
4      726       722       30070     290       290       188.5     188.5     898       1         2         
2      950       905       30085     290       290       194       194       907       1         2         
1      907       949       29784     290       290       544.65    544.65    927       1         3         
1      907       788       30067     290       290       252.1     252.1     927       2         4         
3      946       671       30003     290       280       329       329       945       1         2         
1      662       574       30061     131       189       121       121       951       1         2         
2      939       431       29659     291       52        638       638       959       1         2         
1      865       602       30032     290       189       291.75    291.75    978       1         2         
1      963       580       29930     50        189       329       329       980       1         3         
2      937       640       30005     291       131       226       226       986       1         4         
2      527       616       30067     52        131       182       182       991       1         3         
1      929       791       30003     290       290       290       290       996       1         2         
1      960       1208      30081     291       192       174       174       1002      1         4         
3      961       894       30071     291       291       197       197       1002      2         3         
3      876       674       29889     50        189       349       349       1028      1         2         
3      850       627       30063     291       189       177       177       1044      1         2         
4      418       230       29949     168       266       325       325       1045      1         2         
2      439       651       30065     189       189       154       154       1047      1         3         
3      835       440       30067     290       168       187.55    187.55    1052      1         2         
2      961       894       30071     291       291       185       185       1066      1         3         
1      1117      1003      30085     84        291       120       120       1067      1         3         
2      1045      489       30063     291       199       189       189       1070      1         4         
1      950       116       30047     290       9         143       143       1116      1         4         
1      632       768       30034     189       290       172.5     172.5     1123      1         2         
1      745       1032      30071     290       84        154.55    154.55    1130      1         3         
1      583       971       30053     189       290       150.5     150.5     1133      1         2         
3      1025      1208      30029     291       192       294       294       1149      1         3         
1      509       409       30082     199       52        142       142       1165      1         3         
3      923       695       29926     290       189       400       400       1169      1         2         
1      1047      717       30009     291       189       170       170       1196      1         4         
3      924       1053      30074     290       84        237.45    237.45    1206      1         2         
2      860       748       30007     290       290       298.1     298.1     1222      1         2         
1      1089      896       30079     291       291       193       193       1243      1         2         
1      991       1218      29984     290       84        290.45    290.45    1248      1         3         
3      924       1053      30074     290       84        237.45    237.45    1258      1         2         
2      462       285       30061     189       299       160       160       1264      1         5         
1      440       416       30071     168       100       155       155       1264      2         3         
1      474       576       30045     52        189       200       200       1272      1         2         
1      804       574       30039     291       189       190       190       1281      1         2         
2      702       580       30041     290       189       161       161       1313      1         4         
2      923       627       29894     290       189       418.55    418.55    1316      1         4         
2      841       578       29980     290       189       316.1     316.1     1329      1         3         
3      970       1199      29988     290       84        319       319       1404      1         2         
1      371       626       30081     52        189       126       126       1445      1         4         
1      236       354       30044     87        119       221       221       1504      1         2         
1      788       651       30083     290       189       167       167       1751      1         2         
3      572       481       30073     131       189       158       158       1762      1         2         
1      756       594       30071     131       131       119       119       1831      1         2         
2      971       415       29733     290       100       570       570       1833      1         2         
3      1045      489       30063     291       199       221       221       1840      1         2         
1      969       1269      30061     290       129       191       191       1841      1         4         
1      330       155       30082     127       286       220.5     220.5     1861      1         2         
1      378       601       30083     168       189       157       157       1865      1         3         
1      356       534       30033     119       199       231       231       1890      1         3         
3      325       228       30073     299       266       207       207       1900      1         2         
1      436       549       30036     100       52        183       183       1921      1         3         
2      291       604       30033     87        189       183       183       1924      1         3         
1      389       553       30074     299       189       169       169       1931      1         3         
3      314       35        30030     119       98        234       234       1957      1         3         
1      336       483       30058     277       189       237       237       1961      1         2         
2      743       1209      30086     290       192       142       142       1966      1         3         
1      295       356       30065     87        119       166       166       1973      1         3         
1      337       553       30081     277       189       179       179       1973      2         5         
1      328       913       30090     299       291       0         0         0         0         0         
2      305       352       30090     299       119       0         0         0         0         0         
1      624       81        30090     189       98        0         0         0         0         0         
4      597       675       30090     131       189       0         0         0         0         0         
1      308       604       30090     127       189       0         0         0         0         0         
1      924       859       30090     290       290       0         0         0         0         0         
1      962       646       30091     291       280       0         0         0         0         0         
4      461       652       30091     189       189       0         0         0         0         0         
1      295       267       30091     87        266       0         0         0         0         0         
1      816       836       30092     290       290       0         0         0         0         0         
1      418       228       30092     168       266       0         0         0         0         0         
1      929       337       30092     290       277       0         0         0         0         0         
1      213       606       30093     266       189       0         0         0         0         0         
1      619       393       30093     131       52        0         0         0         0         0         
1      482       296       30093     189       277       0         0         0         0         0         
3      740       650       30094     50        189       0         0         0         0         0         
3      740       650       30094     50        189       0         0         0         0         0         
1      284       409       30094     299       52        0         0         0         0         0         
1      527       696       30094     52        189       0         0         0         0         0         
2      488       747       30094     199       290       0         0         0         0         0         
1      915       693       30094     291       280       0         0         0         0         0         
1      355       504       30094     119       52        0         0         0         0         0         
1      545       352       30094     52        119       0         0         0         0         0         
1      266       189       30094     266       286       0         0         0         0         0         
1      533       414       30095     199       100       0         0         0         0         0         
1      556       35        30095     199       98        0         0         0         0         0         
1      925       862       30095     290       290       0         0         0         0         0         
1      622       11        30095     280       999       0         0         0         0         0         
1      1024      35        30095     291       98        0         0         0         0         0         
2      608       624       30095     189       189       0         0         0         0         0         
3      608       624       30095     189       189       0         0         0         0         0         
1      1001      937       30095     291       291       0         0         0         0         0         
1      452       675       30096     52        189       0         0         0         0         0         
1      770       350       30096     290       127       0         0         0         0         0         
1      143       377       30097     54        168       0         0         0         0         0         
1      252       252       30097     206       206       0         0         0         0         0         
1      550       627       30097     189       189       0         0         0         0         0         
1      549       580       30097     52        189       0         0         0         0         0         
1      789       640       30097     290       131       0         0         0         0         0         
3      599       416       30097     280       100       0         0         0         0         0         
2      949       1180      30097     290       84        0         0         0         0         0         
1      629       663       30097     189       131       0         0         0         0         0         
3      308       247       30097     127       266       0         0         0         0         0         
3      308       247       30097     127       266       0         0         0         0         0         
2      457       741       30098     52        50        0         0         0         0         0         
1      34        465       30098     98        199       0         0         0         0         0         
1      723       604       30098     290       189       0         0         0         0         0         
3      527       544       30099     52        52        0         0         0         0         0         
1      628       597       30099     189       131       0         0         0         0         0         
1      926       134       30099     290       9         0         0         0         0         0         
1      717       578       30099     189       189       0         0         0         0         0         
2      747       743       30099     290       290       0         0         0         0         0         
1      722       722       30099     290       290       0         0         0         0         0         
3      527       544       30099     52        52        0         0         0         0         0         
1      529       616       30100     189       131       0         0         0         0         0         
1      609       651       30100     189       189       0         0         0         0         0         
1      736       497       30100     131       999       0         0         0         0         0         
1      905       669       30101     290       280       0         0         0         0         0         
1      904       698       30101     290       189       0         0         0         0         0         
1      233       556       30101     206       199       0         0         0         0         0         
1      32        615       30101     98        131       0         0         0         0         0         
4      527       828       30102     52        291       0         0         0         0         0         
1      286       544       30102     299       52        0         0         0         0         0         
1      555       439       30102     199       189       0         0         0         0         0         
2      778       780       30102     131       291       0         0         0         0         0         
1      961       527       30103     291       52        0         0         0         0         0         
1      925       721       30103     290       290       0         0         0         0         0         
1      827       626       30103     291       189       0         0         0         0         0         
1      795       698       30103     290       189       0         0         0         0         0         
3      510       625       30104     199       189       0         0         0         0         0         
3      510       625       30104     199       189       0         0         0         0         0         
1      603       738       30104     189       189       0         0         0         0         0         
2      599       19        30104     280       98        0         0         0         0         0         
4      575       575       30104     189       189       0         0         0         0         0         
1      837       696       30104     290       189       0         0         0         0         0         
1      1605      347       30104     296       299       0         0         0         0         0         
1      645       416       30104     280       100       0         0         0         0         0         
1      908       679       30104     290       290       0         0         0         0         0         
2      655       530       30104     189       189       0         0         0         0         0         
1      295       287       30104     87        299       0         0         0         0         0         
1      971       985       30104     290       50        0         0         0         0         0         
1      78        310       30105     9         127       0         0         0         0         0         
1      816       461       30105     290       189       0         0         0         0         0         
1      862       873       30105     290       291       0         0         0         0         0         
1      702       536       30105     290       189       0         0         0         0         0         
1      597       627       30105     131       189       0         0         0         0         0         
1      963       650       30106     50        189       0         0         0         0         0         
1      533       488       30106     199       199       0         0         0         0         0         
1      529       580       30106     189       189       0         0         0         0         0         
1      528       593       30106     52        52        0         0         0         0         0         
3      347       458       30107     299       52        0         0         0         0         0         
1      621       671       30107     280       280       0         0         0         0         0         
3      347       458       30107     299       52        0         0         0         0         0         
1      690       346       30107     131       299       0         0         0         0         0         
1      436       498       30107     100       52        0         0         0         0         0         
1      332       228       30107     87        266       0         0         0         0         0         
1      666       777       30108     131       131       0         0         0         0         0         
1      501       788       30108     52        290       0         0         0         0         0         
1      700       533       30108     290       199       0         0         0         0         0         
2      504       593       30108     52        52        0         0         0         0         0         
4      556       670       30108     199       280       0         0         0         0         0         
1      506       616       30108     189       131       0         0         0         0         0         
1      675       527       30108     189       52        0         0         0         0         0         
1      143       79        30109     54        98        0         0         0         0         0         
1      726       895       30109     290       291       0         0         0         0         0         
1      1053      741       30109     84        50        0         0         0         0         0         
1      598       740       30109     189       50        0         0         0         0         0         
1      874       804       30109     291       291       0         0         0         0         0         
1      605       421       30109     189       168       0         0         0         0         0         
1      1044      914       30110     291       291       0         0         0         0         0         
1      863       722       30110     290       290       0         0         0         0         0         
1      863       116       30110     290       9         0         0         0         0         0         
1      328       527       30110     299       52        0         0         0         0         0         
1      886       1053      30111     290       84        0         0         0         0         0         
1      476       357       30111     52        277       0         0         0         0         0         
1      366       688       30111     299       131       0         0         0         0         0         
1      733       693       30111     131       280       0         0         0         0         0         
1      527       137       30111     52        286       0         0         0         0         0         
1      227       617       30111     266       131       0         0         0         0         0         
1      583       621       30112     189       280       0         0         0         0         0         
2      509       232       30112     199       266       0         0         0         0         0         
1      389       605       30112     299       189       0         0         0         0         0         
1      481       558       30113     189       189       0         0         0         0         0         
1      650       646       30113     189       280       0         0         0         0         0         
1      153       21        30113     286       98        0         0         0         0         0         
1      629       463       30113     189       168       0         0         0         0         0         
1      308       604       30113     127       189       0         0         0         0         0         
1      915       430       30113     291       52        0         0         0         0         0         
2      716       507       30113     189       189       0         0         0         0         0         
3      418       581       30113     168       189       0         0         0         0         0         
3      418       581       30113     168       189       0         0         0         0         0         
2      679       675       30114     290       189       0         0         0         0         0         
1      578       78        30114     189       9         0         0         0         0         0         
2      556       599       30114     199       280       0         0         0         0         0         
1      48        558       30114     98        189       0         0         0         0         0         
1      862       698       30115     290       189       0         0         0         0         0         
3      1089      1227      30115     291       192       0         0         0         0         0         
2      863       395       30115     290       100       0         0         0         0         0         
1      646       740       30115     280       50        0         0         0         0         0         
1      594       431       30115     131       52        0         0         0         0         0         
3      721       393       30115     290       52        0         0         0         0         0         
3      533       597       30116     199       131       0         0         0         0         0         
3      533       597       30116     199       131       0         0         0         0         0         
1      253       629       30116     206       189       0         0         0         0         0         
2      602       409       30116     189       52        0         0         0         0         0         
1      665       481       30116     131       189       0         0         0         0         0         
1      527       918       30116     52        50        0         0         0         0         0         
1      311       254       30117     87        87        0         0         0         0         0         
1      295       369       30117     87        52        0         0         0         0         0         
1      559       116       30117     189       9         0         0         0         0         0         
1      1199      1140      30117     84        84        0         0         0         0         0         
1      336       676       30117     277       189       0         0         0         0         0         
1      508       673       30117     199       189       0         0         0         0         0         
1      1025      651       30117     291       189       0         0         0         0         0         
1      333       1032      30117     119       84        0         0         0         0         0         
1      118       544       30118     286       52        0         0         0         0         0         
1      739       416       30118     189       100       0         0         0         0         0         
1      837       948       30118     290       290       0         0         0         0         0         
1      455       526       30118     52        52        0         0         0         0         0         
1      766       719       30118     290       189       0         0         0         0         0         
1      291       20        30118     87        98        0         0         0         0         0         
1      691       616       30118     131       131       0         0         0         0         0         
1      849       1090      30118     291       291       0         0         0         0         0         
3      618       1227      30119     131       192       0         0         0         0         0         
2      618       1227      30119     131       192       0         0         0         0         0         
1      722       884       30119     290       290       0         0         0         0         0         
1      816       632       30119     290       189       0         0         0         0         0         
1      655       233       30119     189       206       0         0         0         0         0         
