COLUMNS

passenger_count
pickup_ID
dropoff_ID
request_time_sec
pickup_district
dropoff_district
LDuals
IDuals
vehicle_ID
pick_position
drop_position

REQUESTS_INFO
1      758       747       28862     131       290       112       112       19        1         3         
1      337       416       28871     277       100       125       125       53        1         2         
2      293       651       28840     87        189       164       164       107       1         3         
2      946       859       28854     290       290       127       127       381       1         2         
3      620       726       28888     131       290       130       130       408       1         3         
3      418       603       28852     168       189       136       136       499       1         2         
1      435       189       28877     52        286       123       123       554       1         2         
1      135       64        28858     286       98        116       116       556       1         2         
1      1044      597       28833     291       131       183       183       698       1         3         
2      1066      968       28861     291       290       173       173       710       1         2         
1      1129      1066      28877     291       291       133       133       711       1         2         
1      1107      981       28860     291       291       145       145       737       1         2         
3      1149      766       28775     291       290       314       314       743       1         3         
1      395       580       28890     100       189       0         0         0         0         0         
1      1044      1032      28891     291       84        0         0         0         0         0         
1      479       597       28892     52        131       0         0         0         0         0         
2      601       62        28892     189       98        0         0         0         0         0         
1      582       527       28892     189       52        0         0         0         0         0         
1      1310      838       28893     84        290       0         0         0         0         0         
1      374       573       28893     119       189       0         0         0         0         0         
1      666       556       28894     131       199       0         0         0         0         0         
2      885       767       28894     290       290       0         0         0         0         0         
2      416       615       28894     100       131       0         0         0         0         0         
1      838       574       28895     290       189       0         0         0         0         0         
1      635       635       28896     257       257       0         0         0         0         0         
1      549       1603      28897     52        296       0         0         0         0         0         
1      747       535       28898     290       189       0         0         0         0         0         
1      331       651       28898     127       189       0         0         0         0         0         
1      692       747       28898     280       290       0         0         0         0         0         
1      510       553       28899     199       189       0         0         0         0         0         
1      487       171       28899     199       286       0         0         0         0         0         
1      467       510       28901     999       199       0         0         0         0         0         
1      793       584       28902     290       189       0         0         0         0         0         
1      814       508       28903     290       199       0         0         0         0         0         
1      1022      722       28903     291       290       0         0         0         0         0         
1      884       629       28903     290       189       0         0         0         0         0         
3      650       724       28904     189       290       0         0         0         0         0         
1      1005      959       28904     50        291       0         0         0         0         0         
1      1010      672       28904     290       189       0         0         0         0         0         
1      507       436       28904     189       100       0         0         0         0         0         
1      726       836       28904     290       290       0         0         0         0         0         
1      619       526       28904     131       52        0         0         0         0         0         
1      277       557       28904     87        189       0         0         0         0         0         
1      598       647       28906     189       280       0         0         0         0         0         
1      161       620       28906     178       131       0         0         0         0         0         
1      356       582       28906     119       189       0         0         0         0         0         
3      1014      10        28907     84        98        0         0         0         0         0         
1      735       438       28907     131       100       0         0         0         0         0         
4      870       31        28907     291       9         0         0         0         0         0         
2      1014      10        28907     84        98        0         0         0         0         0         
1      604       386       28908     189       299       0         0         0         0         0         
2      236       655       28908     87        189       0         0         0         0         0         
1      480       853       28909     52        50        0         0         0         0         0         
1      1044      1010      28910     291       290       0         0         0         0         0         
1      748       578       28910     290       189       0         0         0         0         0         
1      505       459       28911     52        189       0         0         0         0         0         
3      906       1032      28912     290       84        0         0         0         0         0         
2      906       1032      28912     290       84        0         0         0         0         0         
1      723       578       28912     290       189       0         0         0         0         0         
1      1098      1094      28913     84        84        0         0         0         0         0         
3      714       399       28913     131       168       0         0         0         0         0         
2      738       622       28913     189       280       0         0         0         0         0         
1      1137      557       28914     84        189       0         0         0         0         0         
2      865       812       28914     290       290       0         0         0         0         0         
2      440       417       28914     168       100       0         0         0         0         0         
1      925       770       28915     290       290       0         0         0         0         0         
1      961       489       28916     291       199       0         0         0         0         0         
1      717       791       28917     189       290       0         0         0         0         0         
1      258       218       28917     87        87        0         0         0         0         0         
1      771       1218      28917     290       84        0         0         0         0         0         
1      817       748       28919     290       290       0         0         0         0         0         
1      413       522       28919     52        52        0         0         0         0         0         
1      757       531       28919     131       189       0         0         0         0         0         
2      269       351       28919     127       52        0         0         0         0         0         
