COLUMNS

passenger_count
pickup_ID
dropoff_ID
request_time_sec
pickup_district
dropoff_district
LDuals
IDuals
vehicle_ID
pick_position
drop_position

REQUESTS_INFO
3      390       267       30161     52        266       208       208       7         1         2         
1      330       265       30187     127       299       211       211       25        1         3         
1      925       643       30178     290       131       250.5     250.5     76        1         2         
3      325       390       30168     299       52        182       182       111       1         2         
1      189       628       30189     286       189       127       127       143       1         2         
1      317       460       30206     277       189       174       174       169       1         2         
4      332       238       30153     87        87        229       229       180       1         2         
1      887       815       30173     290       290       222       222       181       1         2         
1      297       34        30176     277       98        185       185       185       1         3         
4      351       409       30125     52        52        291       291       250       1         2         
1      183       189       30203     178       286       140       140       256       1         2         
2      995       559       30083     84        189       346       346       259       1         2         
1      294       632       30069     87        189       313       313       274       1         3         
1      748       580       30069     290       189       308       308       380       1         2         
2      325       390       30168     299       52        182       182       389       1         2         
1      716       722       30194     189       290       125       125       393       1         3         
1      791       874       30187     290       291       136       136       407       1         4         
1      99        559       30193     286       189       105       105       415       1         3         
1      846       620       30208     291       131       184       184       432       1         2         
1      837       527       30180     290       52        207       207       433       1         3         
1      850       579       30203     291       189       140       140       449       1         3         
1      915       892       30185     291       291       115       115       494       1         2         
1      772       528       30167     290       52        219       219       496       1         3         
1      837       599       30136     290       280       251       251       513       1         5         
3      1193      1025      30181     129       291       192       192       515       1         3         
3      909       770       30119     290       290       312       312       516       1         2         
2      946       929       30103     290       290       329       329       524       1         2         
3      332       477       30188     87        52        194       194       560       1         2         
2      794       968       30194     290       290       184       184       577       1         2         
1      861       996       30172     290       84        194       194       584       1         2         
1      925       767       30159     290       290       269.5     269.5     592       1         2         
1      842       835       29950     290       290       457       457       601       1         2         
3      794       968       30194     290       290       199       199       606       1         3         
1      795       716       30196     290       189       204       204       606       2         4         
3      909       777       30151     290       131       280       280       610       1         2         
2      839       527       30083     290       52        337       337       611       1         2         
1      1078      483       30133     84        189       200.5     200.5     620       1         3         
2      884       842       30162     290       290       245       245       624       1         2         
2      950       815       30156     290       290       240       240       626       1         3         
2      909       777       30151     290       131       280       280       626       2         4         
1      818       393       30156     290       52        261       261       658       1         3         
1      237       328       30193     87        299       165       165       674       1         3         
3      992       738       30124     290       189       294       294       691       1         2         
4      413       293       30201     52        87        126       126       695       1         2         
1      929       816       30092     290       290       326       326       703       1         2         
3      937       1045      30203     291       291       131       131       722       1         3         
3      839       527       30083     290       52        337       337       735       1         2         
2      968       913       30162     290       291       273       273       747       1         2         
2      905       460       30200     290       189       153       153       749       1         4         
1      905       557       30174     290       189       182       182       795       1         3         
1      836       510       30210     290       199       0         0         0         0         0         
3      882       346       30210     290       299       0         0         0         0         0         
2      882       346       30210     290       299       0         0         0         0         0         
1      743       526       30211     290       52        0         0         0         0         0         
1      731       526       30211     131       52        0         0         0         0         0         
1      185       602       30211     87        189       0         0         0         0         0         
1      441       231       30212     168       266       0         0         0         0         0         
2      813       699       30212     290       290       0         0         0         0         0         
3      813       699       30212     290       290       0         0         0         0         0         
1      1001      739       30212     291       189       0         0         0         0         0         
2      198       369       30213     178       52        0         0         0         0         0         
3      216       369       30213     178       52        0         0         0         0         0         
3      216       369       30213     178       52        0         0         0         0         0         
2      458       556       30213     52        199       0         0         0         0         0         
3      458       556       30213     52        199       0         0         0         0         0         
2      1370      1246      30213     129       192       0         0         0         0         0         
1      837       716       30213     290       189       0         0         0         0         0         
1      306       353       30213     299       119       0         0         0         0         0         
1      738       116       30214     189       9         0         0         0         0         0         
1      715       906       30214     131       290       0         0         0         0         0         
1      330       482       30214     127       189       0         0         0         0         0         
1      812       949       30215     290       290       0         0         0         0         0         
1      314       47        30215     119       98        0         0         0         0         0         
1      247       345       30216     266       299       0         0         0         0         0         
1      409       265       30216     52        299       0         0         0         0         0         
1      795       605       30216     290       189       0         0         0         0         0         
1      767       233       30217     290       206       0         0         0         0         0         
1      937       839       30217     291       290       0         0         0         0         0         
1      887       858       30218     290       290       0         0         0         0         0         
1      330       473       30219     127       52        0         0         0         0         0         
1      527       556       30220     52        199       0         0         0         0         0         
1      950       724       30220     290       290       0         0         0         0         0         
2      551       434       30220     189       52        0         0         0         0         0         
1      896       507       30221     291       189       0         0         0         0         0         
1      1001      696       30221     291       189       0         0         0         0         0         
1      170       940       30221     286       291       0         0         0         0         0         
1      669       527       30222     280       52        0         0         0         0         0         
1      746       295       30224     290       87        0         0         0         0         0         
1      782       849       30224     291       291       0         0         0         0         0         
2      983       476       30224     291       52        0         0         0         0         0         
1      498       265       30224     52        299       0         0         0         0         0         
3      1142      700       30224     84        290       0         0         0         0         0         
2      1142      700       30224     84        290       0         0         0         0         0         
3      789       678       30225     290       290       0         0         0         0         0         
1      1012      535       30225     84        189       0         0         0         0         0         
1      817       420       30226     290       168       0         0         0         0         0         
1      499       61        30227     52        98        0         0         0         0         0         
3      484       593       30228     189       52        0         0         0         0         0         
3      484       593       30228     189       52        0         0         0         0         0         
1      766       812       30228     290       290       0         0         0         0         0         
4      906       969       30229     290       290       0         0         0         0         0         
1      991       1015      30230     290       84        0         0         0         0         0         
3      894       680       30230     291       290       0         0         0         0         0         
3      894       680       30230     291       290       0         0         0         0         0         
1      356       272       30230     119       127       0         0         0         0         0         
1      327       155       30231     299       286       0         0         0         0         0         
1      1227      983       30232     192       291       0         0         0         0         0         
1      744       699       30232     290       290       0         0         0         0         0         
1      745       884       30232     290       290       0         0         0         0         0         
1      160       81        30232     54        98        0         0         0         0         0         
1      984       936       30232     291       291       0         0         0         0         0         
1      605       926       30233     189       290       0         0         0         0         0         
1      325       409       30233     299       52        0         0         0         0         0         
1      397       700       30233     168       290       0         0         0         0         0         
3      646       174       30234     280       266       0         0         0         0         0         
1      372       355       30234     119       119       0         0         0         0         0         
1      254       527       30234     87        52        0         0         0         0         0         
2      374       504       30235     119       52        0         0         0         0         0         
1      532       503       30236     199       52        0         0         0         0         0         
4      46        288       30236     98        127       0         0         0         0         0         
1      1140      699       30236     84        290       0         0         0         0         0         
1      722       722       30237     290       290       0         0         0         0         0         
1      389       410       30237     299       52        0         0         0         0         0         
1      463       581       30239     168       189       0         0         0         0         0         
2      731       596       30239     131       131       0         0         0         0         0         
