COLUMNS

passenger_count
pickup_ID
dropoff_ID
ready_time_sec
pickup_district
dropoff_district
LDuals
IDuals
vehicle_ID
pick_position
drop_position

REQUESTS_INFO
3      558       834       49055     189       290       279.82    279.82    2         2         4         
3      582       582       49064     189       189       269.6     269.6     5         2         3         
2      828       984       48935     291       291       357       357       13        2         4         
1      827       675       49066     291       189       247.8     247.8     17        1         3         
1      240       389       48955     87        299       275       275       19        1         4         
2      240       313       48990     87        87        287       287       19        2         3         
2      863       858       49061     290       290       225.55    225.55    21        1         3         
1      651       623       49046     189       280       242       242       24        1         4         
1      438       673       48958     100       189       376       376       26        1         3         
4      505       620       48961     52        131       431       431       27        1         2         
3      672       510       48902     189       199       480.6     480.6     31        2         3         
1      623       20        49016     280       98        328.4     328.4     40        1         5         
1      623       47        49076     280       98        283.65    283.65    40        2         4         
1      276       271       49052     87        127       227       227       42        1         3         
1      310       389       49023     127       299       257       257       43        1         3         
1      632       697       49035     189       189       277.05    277.05    50        2         4         
2      556       352       48906     199       119       415       415       51        1         3         
2      442       298       49013     168       277       376.82    376.82    55        1         3         
1      719       174       48874     189       266       392.6     392.6     56        1         4         
4      805       526       48805     291       52        593.6     593.6     59        1         2         
3      578       699       48836     189       290       562       562       65        2         4         
1      338       782       48914     277       291       413       413       67        1         4         
3      338       816       49037     277       290       348       348       67        2         3         
1      549       984       49029     52        291       236.705   236.705   68        1         4         
1      937       882       49029     291       290       231.3     231.3     73        2         5         
3      915       1026      48958     291       291       363.6     363.6     73        3         4         
1      462       352       49046     189       119       313       313       76        1         3         
1      694       665       48775     189       131       561.2     561.2     79        1         3         
3      596       305       48677     131       299       764       764       80        1         2         
2      672       698       48996     189       189       323.6     323.6     91        1         4         
4      629       812       48446     189       290       949.05    949.05    97        1         2         
1      757       549       48983     131       52        301       301       98        1         2         
1      792       651       49024     290       189       210.4     210.4     105       1         4         
1      814       557       48960     290       189       293       293       105       2         5         
1      180       22        49024     178       98        251       251       110       1         2         
3      624       981       49014     189       291       353.6     353.6     116       2         4         
1      790       697       49067     290       189       222       222       121       2         4         
1      439       557       49078     189       189       229       229       125       2         4         
4      531       694       48013     189       189       1379.7    1379.7    127       2         3         
2      690       527       48697     131       52        665.705   665.705   128       1         3         
2      550       616       49006     189       131       315       315       132       1         3         
2      596       431       48953     131       52        488       488       132       2         4         
1      981       1025      49032     291       291       248.6     248.6     136       1         3         
4      738       676       47507     189       189       1846.6    1846.6    137       2         3         
1      529       556       48902     189       199       479       479       141       1         2         
2      616       434       48818     131       52        597.41    597.41    144       1         2         
1      466       557       48981     199       189       374.23    374.23    145       2         4         
3      466       714       48894     199       131       478.82    478.82    145       3         5         
2      621       647       49053     280       280       323.705   323.705   147       1         3         
3      558       834       49055     189       290       279.82    279.82    151       1         3         
1      916       602       48940     291       189       364       364       157       1         3         
1      1001      1001      49064     291       291       185       185       162       1         2         
4      735       571       48638     131       52        749.6     749.6     169       1         2         
3      628       437       49035     189       100       306.05    306.05    170       2         4         
1      559       529       48894     189       189       477.05    477.05    173       1         3         
3      297       553       48740     277       189       625       625       178       1         3         
1      280       433       49071     277       52        281       281       178       2         4         
1      738       507       49049     189       189       237.6     237.6     179       1         2         
3      739       852       49029     189       291       311       311       190       1         3         
1      291       354       49071     87        119       195       195       197       1         3         
3      394       354       49050     100       119       301       301       199       1         2         
3      697       652       48836     189       189       486.6     486.6     200       1         3         
3      483       575       48923     189       189       481       481       203       1         3         
1      483       626       49059     189       189       305       305       203       2         4         
4      599       461       48396     280       189       1021.7    1021.7    204       1         2         
2      873       1064      48909     291       291       367.8     367.8     216       1         4         
3      481       671       48881     189       280       478.38    478.38    217       1         2         
3      665       116       49007     131       9         375.6     375.6     227       2         4         
1      580       598       49000     189       189       339       339       228       2         5         
1      723       714       49052     290       131       237       237       233       1         3         
1      533       413       48910     199       52        407.41    407.41    241       1         3         
1      533       218       49045     199       87        272.41    272.41    241       2         5         
1      348       389       49074     299       299       173       173       242       1         2         
3      621       535       49065     280       189       328       328       244       2         3         
3      691       874       49038     131       291       332       332       246       1         3         
1      295       960       49067     87        291       224       224       247       1         3         
4      958       755       49044     291       131       289.6     289.6     248       1         2         
1      690       115       48989     131       9         364       364       251       1         4         
1      457       553       49020     52        189       291       291       252       1         2         
1      755       394       48988     131       100       298       298       259       1         3         
1      507       626       48703     189       189       630.2     630.2     264       2         4         
1      504       409       49064     52        52        299.41    299.41    272       1         3         
1      369       509       49057     52        199       190       190       273       1         4         
3      394       354       49050     100       119       301       301       273       2         3         
4      671       760       48259     280       291       1104.6    1104.6    275       2         3         
3      794       862       49003     290       290       272.05    272.05    284       1         2         
3      693       527       48472     280       52        904       904       287       2         3         
2      251       475       49074     127       52        153       153       294       1         3         
1      700       724       49024     290       290       276.05    276.05    296       1         2         
4      393       575       48727     52        189       614       614       297       1         2         
3      698       213       48882     189       266       469.6     469.6     300       1         3         
3      433       232       48951     52        266       330       330       302       1         3         
1      457       247       49024     52        266       275       275       302       2         4         
1      352       291       49009     119       87        284       284       304       1         3         
1      815       654       48908     290       189       362.7     362.7     309       1         4         
3      442       298       49013     168       277       376.82    376.82    318       1         4         
1      442       488       48975     168       199       397.23    397.23    318       2         3         
2      698       247       48880     189       266       372       372       319       2         5         
1      694       1374      49072     189       129       239.2     239.2     331       1         3         
3      691       485       48947     131       189       423       423       332       1         3         
3      578       749       48877     189       290       521       521       339       2         4         
2      858       649       49004     290       189       262.4     262.4     343       1         2         
1      433       782       49065     52        291       196       196       344       1         3         
1      1048      924       48945     291       290       323       323       345       1         3         
1      369       552       49049     52        189       198       198       346       1         3         
1      717       957       48591     189       291       740.2     740.2     356       1         3         
3      717       915       48551     189       291       797.6     797.6     356       2         4         
1      134       20        48945     9         98        251       251       357       1         2         
3      874       676       48972     291       189       329.8     329.8     358       1         3         
1      850       528       49078     291       52        240.8     240.8     358       2         4         
1      573       668       49028     189       280       307.41    307.41    364       1         3         
2      1090      810       49024     291       290       298       298       366       1         2         
1      462       285       49070     189       299       122       122       367       1         4         
2      723       884       49028     290       290       280.2     280.2     369       1         4         
4      780       894       47824     291       291       1534.6    1534.6    371       1         2         
1      980       850       49038     291       291       224       224       372       1         2         
1      743       837       49067     290       290       244.4     244.4     373       1         2         
3      722       1054      48906     290       84        429.4     429.4     377       1         3         
1      846       526       48990     291       52        449.6     449.6     378       2         3         
4      532       310       48981     199       127       393.82    393.82    385       1         2         
3      483       504       48846     189       52        558       558       396       1         3         
2      709       475       48991     131       52        457       457       399       1         2         
1      272       267       49030     127       266       208       208       410       1         2         
3      621       647       49053     280       280       340       340       413       2         4         
1      578       463       48947     189       168       418.2     418.2     414       1         4         
1      578       460       48975     189       189       390.2     390.2     414       2         5         
1      463       375       48866     168       119       504       504       417       1         2         
3      874       676       48972     291       189       329.8     329.8     422       1         3         
2      213       392       48920     266       52        315       315       424       1         2         
1      835       674       49031     290       189       257.6     257.6     426       1         2         
3      960       1107      48982     291       291       319.6     319.6     429       1         2         
1      643       530       49046     131       189       332.705   332.705   434       1         3         
1      668       571       48631     280       52        636       636       444       1         4         
4      372       408       48945     119       299       384       384       445       1         2         
3      505       545       48605     52        52        772       772       446       1         3         
2      674       694       48899     189       189       446.6     446.6     447       1         3         
1      624       642       48958     189       131       399.2     399.2     451       1         4         
3      858       649       49004     290       189       262.4     262.4     452       1         3         
2      577       653       48956     189       189       360       360       455       2         4         
1      626       483       48955     189       189       381.067   381.067   457       2         4         
4      624       325       48389     189       299       1023.6    1023.6    460       2         3         
1      529       737       48905     189       189       394       394       464       1         4         
1      619       801       49033     131       291       304.705   304.705   467       1         3         
1      712       849       49049     131       291       258       258       468       1         4         
3      354       295       49071     119       87        242       242       480       1         3         
3      331       309       49021     127       127       305       305       488       1         2         
2      981       670       48950     291       280       342       342       495       2         4         
1      722       946       49023     290       290       189       189       496       1         4         
3      668       912       48949     280       291       425.6     425.6     498       2         4         
2      816       928       48957     290       290       319.05    319.05    502       1         3         
1      696       414       49014     189       100       265.6     265.6     509       1         3         
2      645       505       48980     280       52        365       365       511       1         4         
3      653       795       48856     189       290       490.75    490.75    514       1         4         
1      631       560       48882     189       189       442.05    442.05    514       2         3         
3      466       714       48894     199       131       478.82    478.82    518       2         3         
1      645       915       49025     280       291       323.705   323.705   524       1         3         
3      771       925       49008     290       290       251       251       527       1         2         
4      720       621       48474     290       280       908.6     908.6     529       1         2         
4      549       645       47267     52        280       2120      2120      535       1         2         
1      507       788       48927     189       290       406.2     406.2     536       1         3         
3      438       650       48918     100       189       448       448       548       1         2         
1      749       1288      49027     290       129       226       226       552       1         5         
2      795       951       49037     290       290       205.05    205.05    552       2         4         
3      510       768       48822     199       290       562.82    562.82    555       1         3         
4      549       802       48936     52        291       451       451       561       1         2         
1      894       758       48972     291       131       327       327       569       1         2         
4      350       368       49017     127       299       318       318       572       1         2         
2      624       981       49014     189       291       353.6     353.6     579       1         4         
2      624       647       49075     189       280       292.6     292.6     579       2         3         
1      927       527       49041     290       52        205.55    205.55    585       1         3         
3      602       509       48602     189       199       809.2     809.2     593       1         2         
1      720       551       49035     290       189       277.6     277.6     596       1         4         
1      603       834       49024     189       290       306.2     306.2     598       1         6         
1      603       720       49072     189       290       204.4     204.4     598       2         4         
1      713       526       48957     131       52        357       357       600       1         3         
4      804       722       48596     291       290       796.6     796.6     601       1         2         
1      619       546       49073     131       52        268.705   268.705   612       1         3         
1      680       727       48990     290       290       307.05    307.05    616       1         2         
1      894       852       49067     291       291       198       198       617       1         3         
2      578       782       48799     189       291       582.6     582.6     623       1         3         
2      134       347       49051     9         299       145       145       624       1         2         
1      439       386       49048     189       299       241       241       629       1         4         
3      558       736       48745     189       131       589.82    589.82    632       1         3         
3      672       510       48902     189       199       480.6     480.6     636       2         3         
1      574       345       48991     189       299       323.41    323.41    642       1         3         
1      655       839       48964     189       290       358.05    358.05    646       1         3         
3      655       781       48448     189       291       886.05    886.05    646       2         4         
1      1089      1148      49008     291       291       267.6     267.6     648       1         2         
1      349       434       49038     127       52        230       230       653       1         3         
3      771       768       48906     290       290       386.05    386.05    654       1         2         
1      621       678       49060     280       290       302.6     302.6     656       1         3         
2      722       106       48910     290       178       393.8     393.8     662       1         4         
3      529       884       48939     189       290       423.38    423.38    663       1         3         
3      461       511       49006     189       199       361       361       665       2         4         
2      605       527       48987     189       52        373.6     373.6     668       1         3         
2      503       311       48945     52        87        285       285       671       1         3         
1      836       632       49024     290       189       236.7     236.7     677       1         3         
1      438       697       49057     100       189       277       277       681       2         3         
1      608       247       49079     189       266       250.05    250.05    684       1         3         
1      356       536       49038     119       189       340       340       689       1         2         
1      804       727       49028     291       290       269.8     269.8     690       2         5         
1      576       554       48985     189       189       363.6     363.6     691       1         4         
1      576       536       49060     189       189       288.6     288.6     691       2         5         
2      578       699       48836     189       290       545.6     545.6     691       3         6         
3      980       805       48855     291       291       449.6     449.6     694       1         2         
3      596       431       48953     131       52        488       488       696       2         3         
3      439       529       48965     189       189       391       391       699       1         3         
3      875       906       49065     291       290       289       289       709       2         4         
4      482       455       47629     189       52        1762      1762      712       2         3         
2      439       557       49019     189       189       337       337       717       1         3         
2      461       331       49016     189       127       351       351       717       2         4         
3      553       350       48986     189       127       372       372       719       1         3         
2      442       335       49059     168       119       313.23    313.23    723       1         4         
1      718       1032      49037     189       84        245.2     245.2     724       1         4         
3      701       293       48989     290       87        319.05    319.05    726       1         3         
3      1000      770       48883     291       290       420.6     420.6     729       1         4         
1      980       1010      49029     291       290       256.6     256.6     729       2         3         
1      578       770       48987     189       290       370.6     370.6     731       1         5         
2      578       749       48877     189       290       504.6     504.6     731       2         4         
1      870       894       49048     291       291       306.8     306.8     734       1         2         
2      174       44        49027     266       98        207       207       735       1         2         
1      481       697       49017     189       189       231       231       739       1         3         
2      859       112       49024     290       178       224.7     224.7     744       1         5         
1      859       626       49076     290       189       172.7     172.7     744       2         4         
1      533       139       49038     199       57        279.41    279.41    747       2         5         
1      477       415       49010     52        100       311.41    311.41    761       1         2         
1      579       527       48916     189       52        439.6     439.6     779       1         4         
1      746       720       49027     290       290       261       261       787       1         2         
1      626       653       49050     189       189       286.067   286.067   788       1         3         
3      694       811       48606     189       290       735.2     735.2     791       2         4         
1      859       89        48978     290       178       270.7     270.7     795       1         4         
3      837       906       48969     290       290       307.4     307.4     795       2         3         
2      216       481       49063     178       189       227       227       796       1         2         
2      842       557       48784     290       189       483.55    483.55    799       2         4         
2      175       555       48872     266       199       371       371       800       1         2         
3      354       295       49071     119       87        242       242       803       1         3         
2      969       669       49029     290       280       171       171       811       1         4         
1      418       1094      49036     168       84        306       306       812       1         3         
3      532       675       49025     199       189       321.82    321.82    813       2         4         
3      374       483       48999     119       189       353       353       817       1         3         
2      607       723       48829     189       290       516.2     516.2     820       1         3         
2      654       717       49030     189       189       269       269       827       2         4         
3      387       459       49056     299       189       280       280       828       1         2         
1      599       479       48772     280       52        564.705   564.705   831       2         4         
1      883       813       49036     290       290       224.4     224.4     837       1         3         
3      1168      718       49028     291       189       195.6     195.6     840       1         3         
1      892       892       49022     291       291       316.8     316.8     842       1         2         
1      555       674       49029     199       189       204       204       845       1         3         
1      836       1433      49018     290       129       242.7     242.7     849       2         5         
3      647       606       48767     280       189       631.6     631.6     852       1         4         
1      647       780       49054     280       291       313.2     313.2     852       2         3         
1      415       296       49025     100       277       320       320       856       1         3         
2      433       232       48951     52        266       328       328       861       1         3         
2      457       213       48949     52        266       382       382       861       2         4         
2      665       116       49007     131       9         375.6     375.6     875       1         3         
1      247       503       49027     266       52        202       202       882       1         3         
3      837       875       48939     290       291       337.4     337.4     886       1         2         
3      647       721       49076     280       290       322.6     322.6     901       1         3         
2      416       578       48863     100       189       477       477       909       1         3         
1      937       1530      49034     291       296       176       176       918       1         2         
3      698       213       48882     189       266       469.6     469.6     919       1         3         
1      949       575       49066     290       189       140       140       924       1         3         
1      874       722       49032     291       290       250.8     250.8     928       1         5         
1      827       719       49040     291       189       238.2     238.2     928       2         3         
1      663       437       49012     131       100       270.6     270.6     930       1         3         
1      747       357       49078     290       277       213.05    213.05    931       1         3         
3      444       479       48793     168       52        591.82    591.82    932       1         3         
3      598       870       48654     189       291       740.705   740.705   934       1         3         
1      691       649       49056     131       189       273       273       935       1         2         
2      216       145       48966     178       178       324       324       947       1         3         
1      813       948       49071     290       290       212.4     212.4     948       2         4         
4      81        141       49060     98        54        143       143       951       1         2         
1      557       789       49078     189       290       204.22    204.22    952       1         3         
1      720       850       48909     290       291       429.2     429.2     954       1         3         
3      720       772       48988     290       290       394.6     394.6     954       2         4         
2      97        430       49037     9         52        150       150       955       1         2         
1      621       500       49078     280       52        284.6     284.6     958       2         4         
1      419       272       49061     168       127       313       313       966       1         3         
3      533       82        48882     199       98        404.82    404.82    967       1         3         
2      552       421       48898     189       168       469       469       971       1         3         
3      441       482       48961     168       189       446.82    446.82    972       1         2         
1      462       597       49047     189       131       306       306       977       1         5         
1      462       506       49067     189       189       229.82    229.82    977       2         3         
4      529       349       48971     189       127       397       397       978       2         3         
2      484       627       49047     189       189       296.38    296.38    979       1         3         
2      462       534       48944     189       199       426.82    426.82    979       2         4         
3      366       479       48962     299       52        336       336       983       1         3         
3      338       816       49037     277       290       348       348       986       1         3         
2      485       268       49017     189       299       333       333       987       1         4         
1      248       534       49067     266       199       133       133       993       1         3         
2      720       231       49039     290       266       311       311       998       2         4         
1      65        672       49070     98        189       147       147       1013      1         2         
1      325       133       49074     299       9         143       143       1015      1         3         
1      355       412       48967     119       52        396       396       1022      1         3         
4      415       47        48844     100       98        501       501       1023      2         3         
1      674       556       48986     189       199       313.6     313.6     1028      1         2         
3      602       438       49055     189       100       356.2     356.2     1033      1         2         
2      837       656       49035     290       290       236.4     236.4     1041      1         2         
1      680       513       49028     290       199       269.05    269.05    1056      1         3         
2      374       526       49057     119       52        295       295       1059      1         3         
2      701       293       48989     290       87        319.05    319.05    1061      1         4         
2      701       699       49061     290       290       247.05    247.05    1061      2         3         
1      885       725       49063     290       290       170       170       1069      1         3         
3      720       436       48848     290       100       518.6     518.6     1070      1         3         
2      366       479       48962     299       52        336       336       1072      1         2         
3      628       437       49035     189       100       306.05    306.05    1073      1         3         
1      914       1021      49031     291       291       265.8     265.8     1074      1         3         
1      914       1026      49035     291       291       205.2     205.2     1074      2         4         
2      218       408       48900     87        299       433       433       1080      1         2         
1      504       671       48891     52        280       482       482       1083      1         3         
1      626       662       48927     189       131       302       302       1087      2         5         
3      795       951       49037     290       290       247.05    247.05    1089      1         2         
3      847       1001      48885     291       291       505.6     505.6     1093      2         3         
2      858       769       49080     290       290       0         0         0         0         0         
3      858       769       49080     290       290       0         0         0         0         0         
1      532       721       49080     199       290       0         0         0         0         0         
1      573       675       49080     189       189       0         0         0         0         0         
1      960       744       49080     291       290       0         0         0         0         0         
1      1273      1268      49080     84        129       0         0         0         0         0         
1      579       835       49080     189       290       0         0         0         0         0         
1      969       604       49080     290       189       0         0         0         0         0         
2      765       456       49081     290       52        0         0         0         0         0         
1      530       556       49081     189       199       0         0         0         0         0         
1      578       415       49081     189       100       0         0         0         0         0         
1      526       573       49081     52        189       0         0         0         0         0         
1      767       858       49081     290       290       0         0         0         0         0         
2      836       696       49081     290       189       0         0         0         0         0         
1      581       527       49082     189       52        0         0         0         0         0         
1      860       1024      49082     290       291       0         0         0         0         0         
1      805       1180      49082     291       84        0         0         0         0         0         
2      959       1003      49083     291       291       0         0         0         0         0         
1      1053      1229      49083     84        129       0         0         0         0         0         
3      959       1003      49083     291       291       0         0         0         0         0         
1      372       461       49083     119       189       0         0         0         0         0         
2      97        473       49083     9         52        0         0         0         0         0         
1      439       1034      49083     189       84        0         0         0         0         0         
1      760       509       49083     291       199       0         0         0         0         0         
2      928       1055      49083     290       84        0         0         0         0         0         
3      96        399       49083     9         168       0         0         0         0         0         
1      349       250       49083     127       127       0         0         0         0         0         
1      479       235       49083     52        87        0         0         0         0         0         
3      581       760       49084     189       291       0         0         0         0         0         
2      581       760       49084     189       291       0         0         0         0         0         
1      505       267       49084     52        266       0         0         0         0         0         
1      652       671       49084     189       280       0         0         0         0         0         
1      873       914       49084     291       291       0         0         0         0         0         
1      435       191       49084     52        266       0         0         0         0         0         
1      687       616       49084     131       131       0         0         0         0         0         
1      969       604       49085     290       189       0         0         0         0         0         
1      628       396       49085     189       119       0         0         0         0         0         
1      481       628       49086     189       189       0         0         0         0         0         
2      817       367       49086     290       299       0         0         0         0         0         
1      778       572       49086     131       131       0         0         0         0         0         
1      1066      46        49086     291       98        0         0         0         0         0         
1      189       436       49087     286       100       0         0         0         0         0         
1      718       504       49087     189       52        0         0         0         0         0         
1      602       500       49087     189       52        0         0         0         0         0         
2      760       431       49087     291       52        0         0         0         0         0         
1      742       881       49087     290       290       0         0         0         0         0         
1      287       191       49087     299       266       0         0         0         0         0         
1      1065      739       49088     291       189       0         0         0         0         0         
1      839       768       49088     290       290       0         0         0         0         0         
1      455       742       49088     52        290       0         0         0         0         0         
1      247       432       49088     266       52        0         0         0         0         0         
3      78        9         49089     9         98        0         0         0         0         0         
2      78        9         49089     9         98        0         0         0         0         0         
1      884       1048      49089     290       291       0         0         0         0         0         
1      505       602       49090     52        189       0         0         0         0         0         
1      742       1010      49090     290       290       0         0         0         0         0         
1      579       694       49090     189       189       0         0         0         0         0         
1      894       687       49090     291       131       0         0         0         0         0         
1      312       509       49090     87        199       0         0         0         0         0         
1      440       715       49090     168       131       0         0         0         0         0         
1      336       671       49091     277       280       0         0         0         0         0         
1      742       749       49091     290       290       0         0         0         0         0         
1      480       582       49091     52        189       0         0         0         0         0         
1      9         116       49091     98        9         0         0         0         0         0         
1      369       573       49091     52        189       0         0         0         0         0         
1      690       628       49092     131       189       0         0         0         0         0         
2      409       198       49092     52        178       0         0         0         0         0         
2      804       555       49092     291       199       0         0         0         0         0         
1      713       578       49092     131       189       0         0         0         0         0         
1      651       98        49092     189       98        0         0         0         0         0         
2      649       739       49093     189       189       0         0         0         0         0         
1      576       504       49093     189       52        0         0         0         0         0         
1      436       412       49093     100       52        0         0         0         0         0         
1      748       655       49093     290       189       0         0         0         0         0         
1      654       580       49094     189       189       0         0         0         0         0         
2      190       81        49094     286       98        0         0         0         0         0         
2      852       946       49094     291       290       0         0         0         0         0         
2      947       698       49094     290       189       0         0         0         0         0         
1      697       858       49094     189       290       0         0         0         0         0         
1      465       331       49094     199       127       0         0         0         0         0         
1      670       649       49095     280       189       0         0         0         0         0         
1      679       1226      49095     290       192       0         0         0         0         0         
3      597       689       49096     131       131       0         0         0         0         0         
2      597       689       49096     131       131       0         0         0         0         0         
1      523       434       49096     52        52        0         0         0         0         0         
1      230       199       49096     266       178       0         0         0         0         0         
1      532       459       49096     199       189       0         0         0         0         0         
2      715       646       49096     131       280       0         0         0         0         0         
2      875       1066      49097     291       291       0         0         0         0         0         
1      804       554       49097     291       189       0         0         0         0         0         
1      673       924       49097     189       290       0         0         0         0         0         
1      417       20        49097     100       98        0         0         0         0         0         
2      907       770       49097     290       290       0         0         0         0         0         
1      737       696       49098     189       189       0         0         0         0         0         
1      505       465       49098     52        199       0         0         0         0         0         
3      687       35        49098     131       98        0         0         0         0         0         
1      555       673       49099     199       189       0         0         0         0         0         
1      526       551       49099     52        189       0         0         0         0         0         
1      133       848       49099     9         291       0         0         0         0         0         
1      336       444       49099     277       168       0         0         0         0         0         
1      505       995       49099     52        84        0         0         0         0         0         
1      790       580       49099     290       189       0         0         0         0         0         
1      791       272       49100     290       127       0         0         0         0         0         
3      665       1356      49100     131       129       0         0         0         0         0         
3      665       1356      49100     131       129       0         0         0         0         0         
3      698       415       49101     189       100       0         0         0         0         0         
1      694       461       49101     189       189       0         0         0         0         0         
2      804       765       49102     291       290       0         0         0         0         0         
1      596       286       49102     131       299       0         0         0         0         0         
1      348       139       49102     299       57        0         0         0         0         0         
1      551       227       49102     189       266       0         0         0         0         0         
2      651       417       49103     189       100       0         0         0         0         0         
1      745       717       49103     290       189       0         0         0         0         0         
1      701       510       49103     290       199       0         0         0         0         0         
1      767       675       49103     290       189       0         0         0         0         0         
2      415       576       49103     100       189       0         0         0         0         0         
1      48        120       49104     98        57        0         0         0         0         0         
1      937       1002      49104     291       291       0         0         0         0         0         
2      415       31        49104     100       9         0         0         0         0         0         
1      980       719       49104     291       189       0         0         0         0         0         
2      415       718       49104     100       189       0         0         0         0         0         
1      688       917       49104     131       291       0         0         0         0         0         
1      78        137       49105     9         286       0         0         0         0         0         
1      739       527       49105     189       52        0         0         0         0         0         
1      654       696       49105     189       189       0         0         0         0         0         
1      189       536       49106     286       189       0         0         0         0         0         
2      232       21        49106     266       98        0         0         0         0         0         
1      723       812       49106     290       290       0         0         0         0         0         
1      717       676       49106     189       189       0         0         0         0         0         
1      481       624       49106     189       189       0         0         0         0         0         
1      722       838       49106     290       290       0         0         0         0         0         
1      782       1128      49107     291       291       0         0         0         0         0         
2      1208      690       49107     192       131       0         0         0         0         0         
1      456       414       49107     52        100       0         0         0         0         0         
1      889       673       49108     290       189       0         0         0         0         0         
1      527       284       49108     52        299       0         0         0         0         0         
1      416       503       49108     100       52        0         0         0         0         0         
2      767       850       49108     290       291       0         0         0         0         0         
1      913       487       49108     291       199       0         0         0         0         0         
1      782       915       49108     291       291       0         0         0         0         0         
1      527       579       49109     52        189       0         0         0         0         0         
1      668       175       49109     280       266       0         0         0         0         0         
2      602       393       49109     189       52        0         0         0         0         0         
1      722       726       49109     290       290       0         0         0         0         0         
1      533       416       49109     199       100       0         0         0         0         0         
1      557       674       49109     189       189       0         0         0         0         0         
1      1106      913       49109     291       291       0         0         0         0         0         
1      622       650       49109     280       189       0         0         0         0         0         
1      527       270       49109     52        127       0         0         0         0         0         
1      249       151       49109     266       9         0         0         0         0         0         
