COLUMNS

passenger_count
pickup_ID
dropoff_ID
request_time_sec
pickup_district
dropoff_district
LDuals
IDuals
vehicle_ID
pick_position
drop_position

REQUESTS_INFO
2      787       828       30432     50        291       169       169       9         1         3         
3      1047      839       30441     291       290       174       174       17        1         2         
3      349       461       30440     127       189       155       155       136       1         2         
1      439       603       30429     189       189       128       128       159       1         2         
1      353       651       30390     119       189       199       199       166       1         2         
1      457       576       30442     52        189       133       133       248       1         3         
2      903       719       30424     290       189       220.5     220.5     290       1         2         
1      248       671       30447     266       280       111       111       303       1         2         
1      882       722       30436     290       290       185.5     185.5     311       1         3         
1      375       35        30425     119       98        185       185       328       1         2         
1      504       414       30401     52        100       199       199       334       1         2         
1      726       48        30438     290       98        117       117       338       1         3         
1      78        529       30426     9         189       127       127       396       1         3         
1      248       578       30439     266       189       119       119       405       1         4         
3      723       770       30439     290       290       131       131       412       1         2         
4      390       305       30377     52        299       245       245       414       1         2         
1      1128      1264      30441     291       192       180       180       459       1         3         
2      1128      1090      30429     291       291       192       192       459       2         4         
1      837       116       30411     290       9         194.5     194.5     462       1         4         
1      862       412       30284     290       52        349.5     349.5     497       1         3         
2      349       461       30440     127       189       155       155       504       1         3         
1      907       698       30307     290       189       371.5     371.5     517       1         2         
1      904       533       30446     290       199       175.5     175.5     518       1         3         
1      371       475       30400     52        52        188       188       526       1         3         
1      816       373       30439     290       119       123.5     123.5     554       1         5         
3      386       309       30449     299       127       214       214       568       1         2         
1      600       694       30399     280       189       149       149       675       1         2         
2      336       488       30438     277       199       150       150       686       1         2         
3      894       1206      30444     291       192       188       188       713       1         2         
1      745       499       30422     290       52        156.5     156.5     744       1         4         
1      864       247       30434     290       266       126.5     126.5     750       1         4         
1      437       252       30423     100       206       146       146       798       1         2         
3      838       698       30416     290       189       217       217       815       1         2         
2      1047      839       30441     291       290       174       174       820       1         2         
3      386       309       30449     299       127       214       214       822       1         2         
1      950       1175      30414     290       129       205.5     205.5     832       1         2         
1      839       608       30431     290       189       210.5     210.5     837       1         4         
3      907       925       30430     290       290       212       212       839       1         2         
1      389       456       30390     299       52        213       213       845       1         2         
2      549       488       30429     52        199       132       132       846       1         3         
1      887       696       30440     290       189       187.5     187.5     866       1         4         
1      860       652       30238     290       189       394.5     394.5     879       1         2         
3      723       770       30439     290       290       131       131       894       1         3         
3      372       461       30398     119       189       212       212       896       1         2         
1      876       605       30419     50        189       191       191       899       1         2         
1      726       675       30433     290       189       122       122       908       1         2         
1      804       622       30431     291       280       168       168       916       1         2         
1      1128      749       30437     291       290       184       184       933       1         4         
2      814       670       30437     290       280       151.5     151.5     942       1         3         
1      813       851       30438     290       291       171.5     171.5     942       2         4         
2      1001      171       30285     291       286       311       311       964       1         3         
2      745       581       30398     290       189       203       203       965       1         2         
1      905       909       30428     290       290       175       175       967       1         2         
1      396       134       30431     119       9         140       140       969       1         4         
1      376       350       30428     168       127       213       213       969       2         3         
1      929       906       30434     290       290       157       157       972       1         2         
1      848       643       30428     291       131       202       202       974       1         3         
1      870       137       30416     291       286       161       161       1009      1         3         
2      1044      709       30424     291       131       168       168       1022      1         2         
1      841       722       30426     290       290       197       197       1023      1         3         
1      991       531       30442     290       189       118.5     118.5     1033      1         4         
3      916       714       30373     291       131       282       282       1042      1         2         
1      733       691       30428     131       131       137       137       1058      1         2         
1      356       479       30441     119       52        188       188       1080      1         2         
1      865       925       30398     290       290       237.5     237.5     1081      1         2         
1      926       609       30425     290       189       176.5     176.5     1104      1         4         
4      947       783       30242     290       50        369       369       1113      1         2         
3      907       925       30430     290       290       212       212       1139      1         2         
2      665       779       30368     131       131       210       210       1146      1         2         
1      1088      1320      30444     291       129       151       151       1179      1         2         
1      768       531       30449     290       189       121       121       1184      1         4         
1      485       417       30408     189       100       150       150       1202      1         2         
3      864       483       30372     290       189       275       275       1300      1         2         
1      883       604       30446     290       189       196.5     196.5     1309      1         2         
2      435       573       30442     52        189       150       150       1321      1         3         
2      860       720       30432     290       290       200.5     200.5     1339      1         3         
2      1012      948       30252     84        290       348       348       1361      1         2         
2      860       46        30399     290       98        233.5     233.5     1372      1         3         
1      936       574       30405     291       189       229       229       1729      1         2         
1      887       905       30403     290       290       232       232       1750      1         3         
3      894       1206      30444     291       192       188       188       1844      1         3         
1      959       1530      30390     291       296       154       154       1853      1         3         
1      927       605       30331     290       189       324.5     324.5     1894      1         2         
1      499       674       30436     52        189       137       137       1900      1         2         
3      916       714       30373     291       131       282       282       1913      1         2         
3      743       629       30442     290       189       129       129       1929      1         3         
1      1169      718       30447     291       189       152       152       1948      1         3         
1      860       652       30443     290       189       189.5     189.5     1964      1         3         
1      294       580       30394     87        189       0         0         1965      1         3         
1      816       389       30449     290       299       113.5     113.5     1976      1         4         
1      915       1010      30450     291       290       0         0         0         0         0         
1      277       483       30450     87        189       0         0         0         0         0         
1      768       671       30451     290       280       0         0         0         0         0         
1      632       814       30451     189       290       0         0         0         0         0         
1      852       1022      30451     291       291       0         0         0         0         0         
1      621       769       30451     280       290       0         0         0         0         0         
1      527       535       30452     52        189       0         0         0         0         0         
1      478       522       30452     52        52        0         0         0         0         0         
1      418       98        30452     168       98        0         0         0         0         0         
1      743       651       30452     290       189       0         0         0         0         0         
1      913       922       30452     291       50        0         0         0         0         0         
1      134       10        30452     9         98        0         0         0         0         0         
1      479       737       30452     52        189       0         0         0         0         0         
1      600       828       30453     280       291       0         0         0         0         0         
2      984       925       30453     291       290       0         0         0         0         0         
1      688       626       30453     131       189       0         0         0         0         0         
2      487       571       30453     199       52        0         0         0         0         0         
3      487       571       30453     199       52        0         0         0         0         0         
3      923       63        30453     290       98        0         0         0         0         0         
3      923       63        30453     290       98        0         0         0         0         0         
1      171       252       30454     286       206       0         0         0         0         0         
4      865       1556      30454     290       296       0         0         0         0         0         
1      850       720       30454     291       290       0         0         0         0         0         
1      620       826       30456     131       291       0         0         0         0         0         
1      621       647       30456     280       280       0         0         0         0         0         
1      984       720       30456     291       290       0         0         0         0         0         
1      621       581       30457     280       189       0         0         0         0         0         
1      374       438       30457     119       100       0         0         0         0         0         
1      945       720       30458     50        290       0         0         0         0         0         
1      48        560       30458     98        189       0         0         0         0         0         
2      746       630       30458     290       189       0         0         0         0         0         
1      743       790       30458     290       290       0         0         0         0         0         
1      1192      880       30458     129       50        0         0         0         0         0         
1      527       545       30458     52        52        0         0         0         0         0         
2      527       882       30459     52        290       0         0         0         0         0         
2      1475      1605      30459     296       296       0         0         0         0         0         
3      1475      1605      30459     296       296       0         0         0         0         0         
3      527       882       30459     52        290       0         0         0         0         0         
1      559       268       30459     189       299       0         0         0         0         0         
1      668       718       30459     280       189       0         0         0         0         0         
1      631       905       30459     189       290       0         0         0         0         0         
1      655       699       30459     189       290       0         0         0         0         0         
1      555       533       30459     199       199       0         0         0         0         0         
1      771       907       30460     290       290       0         0         0         0         0         
2      692       940       30460     280       291       0         0         0         0         0         
1      314       527       30460     119       52        0         0         0         0         0         
1      158       372       30460     174       119       0         0         0         0         0         
1      950       533       30460     290       199       0         0         0         0         0         
1      369       98        30460     52        98        0         0         0         0         0         
1      745       649       30460     290       189       0         0         0         0         0         
2      670       508       30460     280       199       0         0         0         0         0         
1      1128      672       30460     291       189       0         0         0         0         0         
1      834       720       30461     290       290       0         0         0         0         0         
1      863       905       30461     290       290       0         0         0         0         0         
2      257       527       30461     87        52        0         0         0         0         0         
1      724       738       30461     290       189       0         0         0         0         0         
1      556       693       30462     199       280       0         0         0         0         0         
1      653       788       30462     189       290       0         0         0         0         0         
1      199       1078      30462     178       84        0         0         0         0         0         
1      971       593       30462     290       52        0         0         0         0         0         
1      392       473       30462     52        52        0         0         0         0         0         
1      294       648       30463     87        189       0         0         0         0         0         
3      549       1378      30463     52        129       0         0         0         0         0         
3      549       1378      30463     52        129       0         0         0         0         0         
1      793       560       30463     290       189       0         0         0         0         0         
1      529       421       30463     189       168       0         0         0         0         0         
1      457       416       30463     52        100       0         0         0         0         0         
3      345       457       30464     299       52        0         0         0         0         0         
1      373       651       30464     119       189       0         0         0         0         0         
1      258       369       30464     87        52        0         0         0         0         0         
1      390       326       30464     52        299       0         0         0         0         0         
1      663       351       30464     131       52        0         0         0         0         0         
1      397       573       30464     168       189       0         0         0         0         0         
1      304       757       30464     299       131       0         0         0         0         0         
1      377       116       30464     168       9         0         0         0         0         0         
1      794       722       30464     290       290       0         0         0         0         0         
1      812       652       30465     290       189       0         0         0         0         0         
1      314       578       30465     119       189       0         0         0         0         0         
1      438       372       30465     100       119       0         0         0         0         0         
1      551       487       30465     189       199       0         0         0         0         0         
1      559       630       30465     189       189       0         0         0         0         0         
4      486       576       30465     199       189       0         0         0         0         0         
1      413       580       30465     52        189       0         0         0         0         0         
1      1045      646       30466     291       280       0         0         0         0         0         
4      936       984       30466     291       291       0         0         0         0         0         
1      378       535       30466     168       189       0         0         0         0         0         
1      621       648       30466     280       189       0         0         0         0         0         
1      48        652       30467     98        189       0         0         0         0         0         
1      626       350       30467     189       127       0         0         0         0         0         
1      760       674       30467     291       189       0         0         0         0         0         
1      556       596       30467     199       131       0         0         0         0         0         
1      549       578       30467     52        189       0         0         0         0         0         
1      805       438       30467     291       100       0         0         0         0         0         
3      892       287       30467     291       299       0         0         0         0         0         
1      1132      748       30467     291       290       0         0         0         0         0         
1      557       331       30467     189       127       0         0         0         0         0         
1      549       756       30468     52        131       0         0         0         0         0         
1      905       675       30468     290       189       0         0         0         0         0         
1      439       651       30468     189       189       0         0         0         0         0         
2      21        417       30468     98        100       0         0         0         0         0         
1      158       285       30469     174       299       0         0         0         0         0         
2      768       1078      30469     290       84        0         0         0         0         0         
1      387       619       30469     299       131       0         0         0         0         0         
1      836       534       30469     290       199       0         0         0         0         0         
1      722       717       30469     290       189       0         0         0         0         0         
1      863       544       30469     290       52        0         0         0         0         0         
1      531       480       30469     189       52        0         0         0         0         0         
1      947       695       30469     290       189       0         0         0         0         0         
1      375       511       30469     119       199       0         0         0         0         0         
1      598       805       30469     189       291       0         0         0         0         0         
2      629       746       30470     189       290       0         0         0         0         0         
3      888       698       30470     290       189       0         0         0         0         0         
3      629       746       30470     189       290       0         0         0         0         0         
1      85        78        30470     287       9         0         0         0         0         0         
1      527       46        30470     52        98        0         0         0         0         0         
1      835       909       30471     290       290       0         0         0         0         0         
1      924       1032      30471     290       84        0         0         0         0         0         
1      376       627       30471     168       189       0         0         0         0         0         
2      35        557       30471     98        189       0         0         0         0         0         
1      847       720       30472     291       290       0         0         0         0         0         
1      778       881       30472     131       290       0         0         0         0         0         
1      529       529       30472     189       189       0         0         0         0         0         
1      793       508       30472     290       199       0         0         0         0         0         
3      695       408       30473     189       299       0         0         0         0         0         
1      465       396       30473     199       119       0         0         0         0         0         
1      603       672       30473     189       189       0         0         0         0         0         
1      875       651       30473     291       189       0         0         0         0         0         
1      255       356       30473     87        119       0         0         0         0         0         
1      597       460       30473     131       189       0         0         0         0         0         
1      183       723       30473     178       290       0         0         0         0         0         
3      693       603       30474     280       189       0         0         0         0         0         
2      693       603       30474     280       189       0         0         0         0         0         
2      238       116       30474     87        9         0         0         0         0         0         
1      78        648       30474     9         189       0         0         0         0         0         
1      743       811       30474     290       290       0         0         0         0         0         
1      548       115       30474     52        9         0         0         0         0         0         
1      717       584       30475     189       189       0         0         0         0         0         
1      888       650       30475     290       189       0         0         0         0         0         
1      739       770       30475     189       290       0         0         0         0         0         
1      782       848       30475     291       291       0         0         0         0         0         
1      527       674       30475     52        189       0         0         0         0         0         
1      277       1121      30475     87        84        0         0         0         0         0         
1      902       460       30476     50        189       0         0         0         0         0         
2      504       416       30476     52        100       0         0         0         0         0         
1      970       695       30476     290       189       0         0         0         0         0         
1      796       35        30476     290       98        0         0         0         0         0         
2      1025      765       30476     291       290       0         0         0         0         0         
3      504       416       30476     52        100       0         0         0         0         0         
1      512       192       30477     199       266       0         0         0         0         0         
1      557       522       30477     189       52        0         0         0         0         0         
1      701       10        30477     290       98        0         0         0         0         0         
1      293       416       30477     87        100       0         0         0         0         0         
1      608       904       30477     189       290       0         0         0         0         0         
2      416       139       30478     100       57        0         0         0         0         0         
1      654       672       30478     189       189       0         0         0         0         0         
3      416       139       30478     100       57        0         0         0         0         0         
2      463       394       30478     168       100       0         0         0         0         0         
1      905       554       30478     290       189       0         0         0         0         0         
1      1207      749       30478     192       290       0         0         0         0         0         
3      463       394       30478     168       100       0         0         0         0         0         
3      368       481       30479     299       189       0         0         0         0         0         
1      513       655       30479     199       189       0         0         0         0         0         
2      277       535       30479     87        189       0         0         0         0         0         
1      395       485       30479     100       189       0         0         0         0         0         
1      618       606       30479     131       189       0         0         0         0         0         
1      527       603       30479     52        189       0         0         0         0         0         
