COLUMNS

passenger_count
pickup_ID
dropoff_ID
request_time_sec
pickup_district
LDuals
IDuals
vehicle_ID
pick_position
drop_position
REQUESTS_INFO
1      652       253       68341     189       226       226       11        1         3         
4      438       723       68073     100       507       507       19        1         2         
1      699       873       68360     290       165       165       68        1         2         
1      647       394       68285     280       291       291       71        1         3         
1      628       721       68288     189       279       279       74        1         2         
1      695       676       68296     189       253.5     253.5     107       1         2         
1      536       793       68286     189       276       276       127       1         2         
3      624       889       68353     189       215       215       152       1         3         
2      419       307       68338     168       227       227       154       1         2         
2      528       645       68354     52        207       207       175       1         3         
1      666       365       68350     131       213       213       181       1         2         
1      461       464       68362     189       179       179       208       1         2         
2      627       531       68357     189       217       217       212       1         3         
1      434       500       68357     52        171       171       218       1         2         
3      554       251       68209     189       419       419       245       1         2         
1      45        377       68348     98        115       115       253       1         3         
3      373       576       68347     119       158       158       267       1         3         
1      580       671       68240     189       352       352       270       1         3         
2      530       248       68295     189       336       336       272       1         4         
1      552       556       68369     189       222       222       272       2         3         
1      760       694       68341     291       190       190       276       1         3         
1      668       782       68360     280       211       211       323       1         2         
1      671       655       68354     280       194       194       391       1         4         
1      583       455       68361     189       199       199       413       1         4         
3      600       895       68315     280       289       289       427       1         3         
1      414       249       68329     100       190       190       450       1         2         
3      669       214       68282     280       327       327       467       1         3         
1      669       89        68343     280       189       189       467       2         4         
1      718       850       68363     189       163       163       488       1         4         
3      621       1187      68250     280       334       334       491       1         3         
2      533       623       68294     199       295       295       511       1         2         
4      621       535       68333     280       260       260       568       1         2         
2      738       442       68363     189       141       141       596       1         4         
3      436       662       68271     100       272       272       605       1         2         
1      727       580       68345     290       134       134       613       1         3         
1      699       925       68346     290       170       170       634       1         3         
2      598       649       68291     189       323       323       640       1         3         
1      599       643       68353     280       253       253       640       2         4         
1      485       254       68298     189       222       222       675       1         4         
3      481       459       68359     189       229       229       688       1         2         
1      578       465       68329     189       278       278       702       1         3         
1      599       460       68322     280       284       284       702       2         4         
3      485       298       68353     189       175       175       713       1         3         
1      696       908       68367     189       148       148       753       1         4         
3      603       700       68073     189       542       542       763       1         2         
4      533       235       68367     199       226       226       777       1         2         
1      484       724       68300     189       219       219       780       1         3         
1      652       551       68360     189       212       212       801       1         3         
3      771       841       68355     290       99        99        807       1         3         
2      408       545       68354     299       133       133       832       1         2         
1      719       575       68319     189       226.5     226.5     833       1         2         
1      438       326       68344     100       224       224       869       1         3         
1      646       693       68316     280       269       269       902       1         2         
1      651       788       68352     189       208       208       909       1         3         
1      534       926       68317     199       280       280       917       1         3         
4      602       697       68200     189       429       429       941       1         2         
3      526       286       68347     52        200       200       963       1         3         
3      559       464       68339     189       231       231       975       1         3         
3      483       437       68295     189       315       315       979       1         2         
3      554       676       68206     189       411       411       989       1         2         
1      602       597       68308     189       313       313       993       1         2         
1      556       367       68270     199       313       313       1008      1         4         
2      499       894       68314     52        189       189       1091      1         2         
1      674       43        68356     189       167       167       1105      1         4         
1      697       811       68297     189       264       264       1135      1         2         
3      700       1001      68328     290       197       197       1141      1         3         
1      675       873       68340     189       159       159       1143      1         3         
2      652       1066      68275     189       298       298       1144      1         4         
1      697       838       68339     189       225       225       1165      1         2         
1      648       647       68368     189       192       192       1166      1         3         
1      647       861       68348     280       214       214       1166      2         5         
1      599       290       68358     280       152       152       1203      1         4         
1      749       781       68347     290       123       123       1216      1         4         
4      532       804       68171     199       450       450       1241      1         2         
3      696       873       68361     189       195       195       1244      1         3         
3      738       442       68363     189       141       141       1249      1         3         
1      693       415       68335     280       259       259       1254      1         2         
1      415       352       68310     100       241       241       1255      1         3         
1      440       220       68362     168       154       154       1265      1         3         
2      698       835       68352     189       185       185       1275      1         2         
1      663       478       68349     131       168       168       1317      1         3         
1      483       333       68272     189       251       251       1327      1         4         
1      484       651       68333     189       203       203       1338      1         3         
1      487       355       68282     199       314       314       1375      1         3         
4      696       923       68176     189       383       383       1393      1         2         
1      535       352       68275     189       302       302       1399      1         2         
1      633       907       68340     189       137       137       1404      1         3         
2      511       923       68284     199       219       219       1420      1         3         
1      652       827       68200     189       364       364       1426      1         3         
3      652       1066      68275     189       318       318       1426      2         4         
1      466       726       68338     199       197       197       1459      1         2         
2      527       198       68314     52        303       303       1494      1         3         
4      571       503       68295     52        298       298       1503      1         2         
1      695       670       68340     189       158       158       1515      1         2         
2      535       489       68153     189       331       331       1524      1         3         
3      558       528       68362     189       211       211       1526      1         4         
1      535       461       68204     189       373       373       1526      2         3         
3      738       390       68364     189       140       140       1527      1         3         
1      504       217       68282     52        336       336       1549      1         2         
2      673       291       68351     189       192       192       1563      1         4         
1      458       865       68351     52        164       164       1568      1         3         
1      742       526       68354     290       175       175       1625      1         3         
1      629       718       68358     189       201.5     201.5     1626      1         2         
1      605       804       68283     189       265       265       1646      1         4         
2      629       827       68282     189       277.5     277.5     1697      1         4         
3      671       981       68355     280       214       214       1714      1         2         
4      696       605       68290     189       269       269       1723      1         2         
3      499       275       68361     52        142       142       1726      1         3         
2      609       599       68323     189       196       196       1788      1         3         
1      651       791       68225     189       362       362       1814      1         3         
3      651       395       68258     189       305       305       1814      2         4         
3      599       551       68193     280       413       413       1834      1         2         
3      712       394       68362     131       170       170       1938      1         2         
3      693       479       68359     280       224       224       1951      1         3         
3      558       528       68362     189       211       211       1962      1         3         
2      461       272       68308     189       233       233       1972      1         3         
1      655       842       68312     189       240       240       1976      1         2         
1      483       606       68358     189       178       178       1996      1         4         
1      506       593       68247     189       252       252       2000      1         3         
3      675       431       68364     189       168       168       2021      1         3         
2      810       862       68345     290       155       155       2052      1         2         
2      579       181       68324     189       157       157       2060      1         4         
1      744       130       68366     290       151       151       2061      1         2         
3      481       624       68184     189       410       410       2070      1         2         
2      568       388       68311     52        242       242       2079      1         3         
1      602       531       68361     189       260       260       2087      1         4         
3      696       873       68361     189       195       195       2140      1         3         
3      499       275       68361     52        142       142       2185      1         3         
2      723       884       68238     290       238       238       2188      1         3         
4      416       82        68296     100       243       243       2215      1         2         
3      331       525       68347     127       175       175       2270      1         3         
1      554       772       68345     189       193       193       2339      1         2         
1      604       442       68336     189       252       252       2340      1         2         
1      501       662       68273     52        275       275       2357      1         3         
1      574       555       68275     189       287       287       2389      1         4         
3      574       597       68294     189       285       285       2389      2         3         
1      477       231       68353     52        197       197       2423      1         3         
2      506       142       68320     189       166       166       2438      1         4         
1      812       1053      68370     290       0         0         0         0         0         
2      813       924       68370     290       0         0         0         0         0         
1      171       304       68370     286       0         0         0         0         0         
1      721       906       68370     290       0         0         0         0         0         
1      805       914       68370     291       0         0         0         0         0         
3      483       357       68370     189       0         0         0         0         0         
1      842       295       68370     290       0         0         0         0         0         
2      962       1271      68370     291       0         0         0         0         0         
1      874       760       68370     291       0         0         0         0         0         
1      198       230       68371     178       0         0         0         0         0         
1      559       602       68371     189       0         0         0         0         0         
1      916       850       68371     291       0         0         0         0         0         
1      395       347       68371     100       0         0         0         0         0         
1      857       694       68372     290       0         0         0         0         0         
1      369       431       68372     52        0         0         0         0         0         
1      398       201       68372     168       0         0         0         0         0         
1      693       19        68372     280       0         0         0         0         0         
3      947       811       68372     290       0         0         0         0         0         
3      947       811       68372     290       0         0         0         0         0         
2      483       387       68372     189       0         0         0         0         0         
3      483       387       68372     189       0         0         0         0         0         
1      268       218       68373     299       0         0         0         0         0         
1      436       664       68373     100       0         0         0         0         0         
1      330       276       68374     127       0         0         0         0         0         
1      461       674       68374     189       0         0         0         0         0         
1      677       465       68374     189       0         0         0         0         0         
1      1001      1169      68374     291       0         0         0         0         0         
1      842       992       68374     290       0         0         0         0         0         
3      584       766       68374     189       0         0         0         0         0         
3      584       766       68374     189       0         0         0         0         0         
1      436       395       68374     100       0         0         0         0         0         
1      835       304       68374     290       0         0         0         0         0         
1      1087      983       68375     291       0         0         0         0         0         
1      667       547       68375     131       0         0         0         0         0         
1      578       305       68375     189       0         0         0         0         0         
1      695       852       68375     189       0         0         0         0         0         
1      766       672       68375     290       0         0         0         0         0         
1      940       691       68375     291       0         0         0         0         0         
1      727       268       68376     290       0         0         0         0         0         
1      416       603       68376     100       0         0         0         0         0         
2      527       695       68376     52        0         0         0         0         0         
3      527       695       68376     52        0         0         0         0         0         
3      621       747       68376     280       0         0         0         0         0         
3      621       747       68376     280       0         0         0         0         0         
1      698       935       68376     189       0         0         0         0         0         
3      882       698       68377     290       0         0         0         0         0         
1      675       893       68377     189       0         0         0         0         0         
1      672       606       68377     189       0         0         0         0         0         
1      458       462       68377     52        0         0         0         0         0         
2      393       133       68377     52        0         0         0         0         0         
1      194       624       68377     207       0         0         0         0         0         
1      839       859       68378     290       0         0         0         0         0         
1      1068      1024      68378     291       0         0         0         0         0         
1      654       292       68378     189       0         0         0         0         0         
1      291       369       68379     87        0         0         0         0         0         
3      508       626       68379     199       0         0         0         0         0         
1      896       607       68379     291       0         0         0         0         0         
1      556       577       68379     199       0         0         0         0         0         
1      481       333       68379     189       0         0         0         0         0         
1      158       216       68379     174       0         0         0         0         0         
3      142       804       68379     54        0         0         0         0         0         
2      692       743       68379     280       0         0         0         0         0         
1      668       1044      68379     280       0         0         0         0         0         
2      508       626       68379     199       0         0         0         0         0         
1      580       330       68380     189       0         0         0         0         0         
1      305       291       68380     299       0         0         0         0         0         
1      557       630       68380     189       0         0         0         0         0         
3      1137      1140      68380     84        0         0         0         0         0         
3      1137      1140      68380     84        0         0         0         0         0         
1      631       372       68381     189       0         0         0         0         0         
1      512       336       68381     199       0         0         0         0         0         
1      371       504       68381     52        0         0         0         0         0         
1      649       692       68381     189       0         0         0         0         0         
2      173       180       68381     286       0         0         0         0         0         
2      859       581       68382     290       0         0         0         0         0         
3      580       440       68382     189       0         0         0         0         0         
1      696       962       68382     189       0         0         0         0         0         
1      560       285       68382     189       0         0         0         0         0         
1      561       676       68382     189       0         0         0         0         0         
4      782       804       68382     291       0         0         0         0         0         
1      713       269       68382     131       0         0         0         0         0         
1      1002      1120      68383     291       0         0         0         0         0         
1      479       356       68383     52        0         0         0         0         0         
1      909       924       68383     290       0         0         0         0         0         
1      672       483       68383     189       0         0         0         0         0         
1      464       199       68383     168       0         0         0         0         0         
1      621       929       68384     280       0         0         0         0         0         
2      62        644       68384     98        0         0         0         0         0         
1      696       348       68384     189       0         0         0         0         0         
1      723       864       68384     290       0         0         0         0         0         
1      285       212       68384     299       0         0         0         0         0         
1      368       596       68384     299       0         0         0         0         0         
1      461       327       68384     189       0         0         0         0         0         
1      604       437       68385     189       0         0         0         0         0         
1      654       557       68385     189       0         0         0         0         0         
1      668       9         68385     280       0         0         0         0         0         
1      720       804       68385     290       0         0         0         0         0         
1      717       710       68385     189       0         0         0         0         0         
1      288       1405      68385     127       0         0         0         0         0         
4      99        503       68386     286       0         0         0         0         0         
1      191       305       68386     266       0         0         0         0         0         
2      905       605       68386     290       0         0         0         0         0         
1      392       478       68386     52        0         0         0         0         0         
1      556       1106      68386     199       0         0         0         0         0         
4      699       417       68387     290       0         0         0         0         0         
2      531       914       68387     189       0         0         0         0         0         
1      504       578       68387     52        0         0         0         0         0         
1      721       961       68387     290       0         0         0         0         0         
2      673       483       68387     189       0         0         0         0         0         
1      171       285       68387     286       0         0         0         0         0         
1      174       227       68387     266       0         0         0         0         0         
2      481       747       68387     189       0         0         0         0         0         
1      499       733       68387     52        0         0         0         0         0         
2      367       232       68388     299       0         0         0         0         0         
1      673       649       68388     189       0         0         0         0         0         
1      578       771       68388     189       0         0         0         0         0         
1      717       275       68388     189       0         0         0         0         0         
1      778       620       68389     131       0         0         0         0         0         
1      850       1168      68389     291       0         0         0         0         0         
3      581       724       68389     189       0         0         0         0         0         
1      505       573       68390     52        0         0         0         0         0         
1      748       603       68390     290       0         0         0         0         0         
2      959       1068      68390     291       0         0         0         0         0         
1      626       393       68391     189       0         0         0         0         0         
1      662       760       68391     131       0         0         0         0         0         
1      400       680       68391     168       0         0         0         0         0         
1      906       937       68391     290       0         0         0         0         0         
3      135       663       68391     286       0         0         0         0         0         
2      135       663       68391     286       0         0         0         0         0         
2      137       310       68391     286       0         0         0         0         0         
2      527       947       68391     52        0         0         0         0         0         
1      874       814       68392     291       0         0         0         0         0         
1      256       828       68392     87        0         0         0         0         0         
1      766       913       68392     290       0         0         0         0         0         
1      583       577       68392     189       0         0         0         0         0         
1      417       238       68393     100       0         0         0         0         0         
2      662       801       68393     131       0         0         0         0         0         
3      662       801       68393     131       0         0         0         0         0         
3      576       1001      68393     189       0         0         0         0         0         
1      397       250       68394     168       0         0         0         0         0         
1      960       1218      68394     291       0         0         0         0         0         
1      628       351       68394     189       0         0         0         0         0         
1      718       721       68394     189       0         0         0         0         0         
1      602       884       68394     189       0         0         0         0         0         
1      674       860       68394     189       0         0         0         0         0         
1      674       903       68395     189       0         0         0         0         0         
1      504       411       68395     52        0         0         0         0         0         
1      574       662       68395     189       0         0         0         0         0         
1      605       948       68395     189       0         0         0         0         0         
1      1106      1001      68395     291       0         0         0         0         0         
1      721       949       68395     290       0         0         0         0         0         
1      748       254       68396     290       0         0         0         0         0         
1      716       644       68396     189       0         0         0         0         0         
1      483       666       68396     189       0         0         0         0         0         
1      929       644       68396     290       0         0         0         0         0         
1      521       619       68397     52        0         0         0         0         0         
1      399       556       68397     168       0         0         0         0         0         
1      649       817       68397     189       0         0         0         0         0         
2      499       850       68398     52        0         0         0         0         0         
1      644       433       68398     131       0         0         0         0         0         
1      739       864       68398     189       0         0         0         0         0         
1      376       331       68398     168       0         0         0         0         0         
3      439       556       68398     189       0         0         0         0         0         
1      274       527       68398     87        0         0         0         0         0         
1      571       418       68398     52        0         0         0         0         0         
3      621       727       68398     280       0         0         0         0         0         
3      480       645       68399     52        0         0         0         0         0         
2      480       645       68399     52        0         0         0         0         0         
1      649       906       68399     189       0         0         0         0         0         
1      1069      805       68399     291       0         0         0         0         0         
1      630       239       68399     189       0         0         0         0         0         
2      373       439       68399     119       0         0         0         0         0         
1      552       509       68399     189       0         0         0         0         0         
