COLUMNS

passenger_count
pickup_ID
dropoff_ID
request_time_sec
pickup_district
dropoff_district

REQUESTS_INFO
1      604       698       29040     189       189       
1      513       20        29040     199       98        
1      720       64        29040     290       98        
1      621       692       29040     280       280       
1      584       675       29040     189       189       
1      598       433       29041     189       52        
1      690       513       29041     131       199       
1      464       675       29042     168       189       
1      864       480       29042     290       52        
1      782       767       29042     291       290       
1      533       511       29042     199       199       
1      789       647       29042     290       280       
2      1300      620       29042     192       131       
2      816       652       29042     290       189       
2      816       699       29043     290       290       
3      816       699       29043     290       290       
1      389       715       29043     299       131       
1      1022      847       29043     291       291       
1      598       580       29043     189       189       
2      629       748       29043     189       290       
3      466       628       29044     199       189       
3      466       628       29044     199       189       
1      791       859       29044     290       290       
1      712       602       29044     131       189       
3      712       545       29044     131       52        
1      597       626       29044     131       189       
1      438       291       29044     100       87        
2      325       483       29045     299       189       
3      325       483       29045     299       189       
2      366       247       29045     299       266       
3      366       247       29045     299       266       
1      598       602       29045     189       189       
1      617       47        29045     131       98        
1      923       720       29045     290       290       
1      527       604       29045     52        189       
1      793       605       29045     290       189       
1      527       438       29046     52        100       
1      813       649       29046     290       189       
1      679       697       29046     290       189       
1      356       511       29046     119       199       
3      804       649       29046     291       189       
2      804       649       29046     291       189       
2      189       99        29047     286       286       
2      873       735       29047     291       131       
1      535       238       29047     189       87        
1      395       695       29047     100       189       
1      354       558       29047     119       189       
1      991       48        29047     290       98        
1      928       557       29047     290       189       
2      349       599       29047     127       280       
3      349       599       29047     127       280       
1      653       532       29048     189       199       
1      560       557       29048     189       189       
1      655       721       29048     189       290       
1      578       552       29048     189       189       
1      766       904       29049     290       290       
1      1034      377       29049     84        168       
2      817       651       29050     290       189       
3      817       651       29050     290       189       
1      913       1250      29050     291       129       
1      883       551       29050     290       189       
1      486       694       29050     199       189       
1      462       604       29050     189       189       
1      604       697       29051     189       189       
1      632       718       29051     189       189       
3      721       602       29051     290       189       
1      1233      1208      29051     129       192       
1      398       253       29051     168       206       
2      240       232       29051     87        266       
3      721       602       29051     290       189       
1      394       862       29051     100       290       
2      485       414       29052     189       100       
1      523       714       29052     52        131       
1      839       576       29052     290       189       
1      914       1263      29052     291       192       
1      464       484       29053     168       189       
1      794       599       29053     290       280       
1      722       601       29054     290       189       
1      760       669       29054     291       280       
3      795       651       29054     290       189       
3      795       651       29054     290       189       
1      1045      1188      29055     291       192       
1      815       580       29055     290       189       
1      1168      599       29055     291       280       
2      958       671       29056     291       280       
2      504       291       29056     52        87        
1      837       780       29056     290       291       
1      732       603       29056     131       189       
1      817       116       29056     290       9         
1      766       651       29056     290       189       
3      958       671       29056     291       280       
1      771       828       29057     290       291       
1      1010      695       29057     290       189       
1      771       396       29057     290       119       
4      355       329       29058     119       127       
3      870       648       29058     291       189       
3      870       648       29058     291       189       
1      349       553       29058     127       189       
1      923       650       29058     290       189       
2      48        374       29058     98        119       
1      722       1054      29058     290       84        
1      374       604       29058     119       189       
1      694       430       29058     189       52        
1      484       395       29059     189       100       
1      915       649       29059     291       189       
3      331       417       29060     127       100       
2      331       417       29060     127       100       
1      232       748       29060     266       290       
1      461       504       29060     189       52        
1      970       99        29060     290       286       
2      627       394       29060     189       100       
1      621       669       29061     280       280       
1      746       607       29061     290       189       
1      722       628       29061     290       189       
1      486       602       29061     199       189       
1      397       579       29061     168       189       
1      882       991       29061     290       290       
1      950       599       29061     290       280       
1      837       905       29062     290       290       
2      1090      1181      29062     291       84        
1      680       535       29062     290       189       
1      455       668       29063     52        280       
2      189       506       29063     286       189       
2      837       905       29063     290       290       
1      478       716       29064     52        189       
1      691       737       29064     131       189       
1      599       551       29064     280       189       
1      860       624       29064     290       189       
2      1127      437       29065     291       100       
1      152       189       29065     9         286       
3      725       604       29066     290       189       
1      504       616       29066     52        131       
1      454       416       29066     52        100       
1      527       577       29066     52        189       
3      725       604       29066     290       189       
2      510       330       29067     199       127       
1      607       184       29067     189       87        
1      375       230       29068     119       266       
1      506       651       29068     189       189       
1      871       674       29068     291       189       
1      896       673       29068     291       189       
1      1022      718       29068     291       189       
1      393       48        29068     52        98        
2      195       235       29068     207       87        
1      760       801       29068     291       291       
1      861       675       29068     290       189       
3      714       232       29069     131       266       
3      714       232       29069     131       266       
1      794       782       29069     290       291       
4      886       1685      29069     290       142       
1      703       485       29069     290       189       
1      549       545       29069     52        52        
1      757       149       29069     131       178       
1      745       1187      29069     290       291       
1      839       399       29069     290       168       
3      950       983       29070     290       291       
2      841       628       29070     290       189       
1      619       412       29070     131       52        
1      527       531       29070     52        189       
