COLUMNS

passenger_count
pickup_ID
dropoff_ID
request_time_sec
pickup_time_sec
pickup_depart_sec
vehicle_ID
pickup_district
dropoff_district
position

REQUESTS_INFO
1      35        718       29936     30014     30044     0              98             189            1              
2      47        906       29950     30031     30061     36             98             290            1              
1      80        598       29969     30031     30061     80             98             189            1              
1      505       647       29827     29977     30007     95             52             280            1              
3      505       421       29898     30007     30037     95             52             168            2              
1      925       527       29812     29850     29880     143            290            52             1              
1      177       212       29965     30019     30049     160            207            266            1              
1      170       1596      29915     29970     30000     170            286            296            1              
2      34        369       29931     30011     30041     173            98             52             1              
1      356       20        29946     30098     30128     174            119            98             1              
3      581       649       29954     30034     30064     194            189            189            1              
1      298       280       29952     30045     30075     204            277            277            1              
3      236       928       29725     29772     29802     235            87             290            1              
1      256       332       29935     29990     30020     237            87             87             1              
1      276       885       29955     30039     30069     237            87             290            2              
3      580       1268      29739     29840     29870     252            189            129            1              
1      815       573       29929     30003     30033     277            290            189            1              
1      699       671       29943     30031     30061     293            290            280            1              
3      817       489       29967     30026     30056     294            290            199            1              
1      1168      551       29909     29974     30004     295            291            189            1              
1      478       727       29727     29770     29800     297            52             290            1              
1      505       829       29840     29959     29989     298            52             50             1              
1      314       399       29766     29834     29864     315            119            168            1              
2      838       497       29901     29987     30017     321            290            999            1              
2      623       116       29896     29969     29999     326            280            9              1              
1      549       627       29955     30005     30035     332            52             189            1              
1      336       504       29945     30065     30095     338            277            52             1              
1      366       655       29624     29716     29746     345            299            189            1              
1      331       601       29948     30056     30086     349            127            189            1              
2      311       545       29848     29945     29975     350            87             52             1              
2      441       615       29948     30068     30098     354            168            131            1              
1      721       550       29869     29910     29940     365            290            189            1              
1      745       482       29892     30000     30030     365            290            189            2              
1      369       829       29650     29748     29778     371            52             50             1              
1      368       1188      29725     29849     29879     371            299            192            2              
1      373       252       29752     29841     29871     372            119            206            1              
1      395       556       29887     30003     30033     373            100            199            1              
1      374       527       29724     29837     29867     375            119            52             1              
1      598       31        29896     29998     30028     382            189            9              1              
1      415       811       29897     30011     30041     392            100            290            1              
1      434       209       29911     30022     30052     414            52             266            1              
1      533       506       29944     30000     30030     417            199            189            1              
1      442       434       29846     29918     29948     421            168            52             1              
1      430       239       29962     30000     30030     428            52             87             1              
3      217       63        29957     30001     30031     431            87             98             1              
1      720       1372      29948     30042     30072     436            290            129            1              
3      436       685       29793     29880     29910     437            100            999            1              
1      460       689       29841     29880     29910     460            189            131            1              
2      439       828       29800     29905     29935     461            189            291            1              
1      463       62        29612     29708     29738     462            168            98             1              
1      463       528       29958     30000     30030     463            168            52             3              
2      463       352       29872     29942     29972     464            168            119            1              
2      646       527       29886     30014     30044     465            280            52             1              
1      772       1032      29807     29852     29882     467            290            84             1              
3      740       116       29934     30008     30038     468            50             9              1              
1      457       349       29921     30029     30059     479            52             127            1              
2      374       280       29899     30041     30071     480            119            277            1              
1      621       716       29887     29945     29975     489            280            189            1              
3      623       505       29937     30034     30064     489            280            52             2              
1      475       529       29702     29790     29820     500            52             189            1              
1      456       578       29882     29952     29982     500            52             189            2              
1      723       829       29956     30047     30077     503            290            50             1              
3      702       560       29965     30040     30070     507            290            189            1              
1      506       556       29941     30057     30087     508            189            199            1              
2      506       556       29941     30036     30066     512            189            199            1              
2      623       505       29937     30047     30077     525            280            52             1              
1      390       556       29927     30035     30065     528            52             199            1              
1      529       968       29959     30000     30030     529            189            290            1              
1      509       748       29959     30034     30064     533            199            290            1              
2      693       849       29851     29958     29988     538            280            291            1              
1      654       827       29941     30000     30030     540            189            291            1              
3      646       640       29940     30021     30051     553            280            131            1              
1      646       640       29857     29991     30021     553            280            131            2              
3      645       556       29897     30000     30030     563            280            199            1              
1      556       527       29950     30025     30055     576            199            52             1              
1      527       556       29756     29790     29820     580            52             199            1              
1      699       557       29916     30020     30050     613            290            189            1              
3      713       643       29902     30000     30030     622            131            131            1              
2      581       649       29954     30025     30055     630            189            189            1              
1      608       578       29935     30003     30033     632            189            189            1              
3      702       560       29965     30035     30065     634            290            189            1              
1      731       598       29934     30019     30049     639            131            189            1              
2      644       719       29900     29940     29970     644            131            189            1              
1      598       754       29927     30045     30075     644            189            999            2              
2      605       527       29718     29808     29838     653            189            52             1              
4      731       648       29917     30009     30039     662            131            189            1              
1      692       873       29941     30022     30052     690            280            291            1              
1      692       835       29891     29992     30022     690            280            290            2              
1      668       61        29731     29828     29858     691            280            98             1              
1      668       459       29740     29839     29869     692            280            189            1              
2      697       702       29915     29975     30005     700            189            290            1              
1      697       906       29922     30005     30035     700            189            290            2              
1      680       527       29887     29975     30005     701            290            52             1              
1      731       527       29810     29880     29910     711            131            52             1              
2      731       557       29881     29940     29970     711            131            189            2              
1      779       685       29782     29883     29913     713            131            999            1              
1      715       782       29915     29970     30000     715            131            291            1              
1      715       477       29957     30000     30030     715            131            52             2              
1      715       727       29724     29803     29833     718            131            290            1              
3      765       527       29919     30025     30055     718            290            52             2              
3      769       828       29848     29931     29961     725            290            291            1              
1      504       1235      29965     30028     30058     737            52             84             1              
2      781       1227      29813     29897     29927     738            291            192            1              
3      311       545       29848     29888     29918     743            87             52             1              
1      792       276       29877     29955     29985     744            290            87             1              
1      737       697       29958     30037     30067     759            189            189            1              
1      737       527       29922     30007     30037     759            189            52             2              
3      578       605       29965     30051     30081     764            189            189            1              
2      813       906       29886     30019     30049     769            290            290            1              
1      771       721       29952     30001     30031     771            290            290            1              
3      556       350       29938     29970     30000     782            199            127            1              
1      504       617       29876     29920     29950     784            52             131            1              
1      835       906       29948     30027     30057     787            290            290            1              
1      443       144       29945     30000     30030     807            168            54             1              
2      817       489       29967     30000     30030     817            290            199            1              
1      842       721       29860     29948     29978     820            290            290            1              
1      718       1002      29760     29825     29855     823            189            291            1              
2      578       605       29965     30052     30082     825            189            189            1              
1      601       20        29918     29995     30025     825            189            98             2              
1      828       850       29962     30000     30030     828            291            291            1              
1      794       884       29814     29859     29889     844            290            290            1              
3      813       906       29886     30006     30036     857            290            290            1              
1      731       715       29795     29869     29899     861            131            131            1              
1      689       1066      29933     30022     30052     861            131            291            2              
1      862       527       29934     30016     30046     862            290            52             1              
1      864       1010      29965     30049     30079     863            290            290            1              
1      862       399       29899     29960     29990     865            290            168            1              
1      862       275       29845     29930     29960     865            290            87             2              
1      860       488       29884     29977     30007     882            290            199            1              
1      883       527       29942     30000     30030     883            290            52             1              
1      862       874       29968     30055     30085     884            290            291            1              
1      896       894       29948     30000     30030     896            291            291            1              
3      881       174       29755     29790     29820     901            290            266            1              
1      902       833       29957     30026     30056     902            50             50             1              
2      765       527       29919     30034     30064     906            290            52             1              
1      927       792       29967     30021     30051     907            290            290            1              
1      906       607       29892     29977     30007     907            290            189            2              
1      971       685       29962     30026     30056     910            290            999            1              
1      622       688       29901     29971     30001     912            280            131            1              
1      553       686       29957     30048     30078     912            189            131            2              
1      927       852       29870     29942     29972     926            290            291            1              
1      937       1044      29948     30030     30060     935            291            291            1              
1      941       669       29955     30017     30047     940            50             280            1              
1      963       829       29942     30016     30046     942            50             50             1              
2      904       666       29964     30038     30068     944            290            131            1              
1      991       628       29963     30026     30056     947            290            189            1              
2      1014      679       29727     29787     29817     952            84             290            1              
1      959       1044      29926     30009     30039     958            291            291            1              
1      923       725       29742     29790     29820     966            290            290            1              
1      907       461       29691     29756     29786     967            290            189            1              
1      916       1148      29915     30002     30032     982            291            291            1              
1      1011      810       29969     30027     30057     988            84             290            1              
2      950       1016      29963     30022     30052     998            290            84             1              
3      1034      885       29928     30028     30058     1013           84             290            1              
1      906       558       29721     29787     29817     1016           290            189            1              
3      1034      885       29928     30012     30042     1034           84             290            1              
1      1076      989       29965     30040     30070     1056           84             50             1              
2      1078      598       29941     30049     30079     1058           84             189            1              
1      838       676       29863     29914     29944     1076           290            189            1              
1      838       535       29811     29884     29914     1076           290            189            2              
1      738       847       29965     30018     30048     1077           189            291            1              
1      1153      891       29943     30034     30064     1111           50             291            1              
2      1128      970       29945     30014     30044     1148           291            290            1              
1      781       526       29910     30036     30066     1151           291            52             1              
3      904       666       29964     30026     30056     1187           290            131            1              
2      1187      991       29831     29910     29940     1208           291            290            1              
3      532       709       29861     29937     29967     1377           199            131            1              
1      1475      1693      29949     30020     30050     1474           296            142            1              
1      621       737       29884     29940     29970     1799           280            189            1              
1      623       10        29880     30029     30059     1799           280            98             2              
1      158       593       29949     30000     30030     1876           174            52             1              
1      527       31        29861     29910     29940     1891           52             9              1              
3      217       63        29957     30020     30050     1916           87             98             1              
1      505       441       29823     29932     29962     1931           52             168            1              
