COLUMNS

passenger_count
pickup_ID
dropoff_ID
request_time_sec
pickup_district
dropoff_district

REQUESTS_INFO
2      1002      873       49980     291       291       
3      1002      873       49980     291       291       
2      914       1065      49980     291       291       
3      914       1065      49980     291       291       
3      1022      1042      49980     291       291       
3      1022      1042      49980     291       291       
1      527       396       49980     52        119       
1      441       1140      49980     168       84        
2      1068      1001      49981     291       291       
1      726       960       49981     290       291       
2      959       850       49981     291       291       
3      959       850       49981     291       291       
1      578       629       49981     189       189       
1      415       376       49981     100       168       
2      884       632       49981     290       189       
3      415       396       49981     100       119       
4      720       940       49982     290       291       
1      737       711       49982     189       131       
1      713       826       49982     131       291       
2      217       505       49982     87        52        
2      837       1194      49983     290       129       
4      116       140       49984     9         54        
1      578       675       49985     189       189       
1      604       291       49985     189       87        
1      229       253       49985     266       206       
1      577       415       49986     189       100       
1      768       597       49986     290       131       
1      969       630       49986     290       189       
1      138       230       49986     57        266       
1      926       992       49987     290       290       
1      232       386       49987     266       299       
1      745       834       49987     290       290       
1      295       389       49987     87        299       
2      698       859       49987     189       290       
1      1263      1234      49987     192       129       
3      858       621       49988     290       280       
2      858       621       49988     290       280       
1      859       745       49988     290       290       
3      771       909       49988     290       290       
2      771       909       49988     290       290       
3      923       959       49988     290       291       
3      923       959       49988     290       291       
1      437       596       49988     100       131       
2      1066      887       49989     291       290       
3      1066      887       49989     291       290       
2      331       583       49989     127       189       
1      939       810       49989     291       290       
1      229       556       49989     266       199       
1      834       699       49989     290       290       
1      860       246       49989     290       266       
1      629       727       49989     189       290       
1      526       440       49989     52        168       
2      412       81        49990     52        98        
1      905       1032      49990     290       84        
1      253       436       49990     206       100       
3      719       351       49990     189       52        
3      719       351       49990     189       52        
2      651       373       49990     189       119       
3      651       373       49990     189       119       
1      647       670       49990     280       280       
2      662       838       49991     131       290       
3      662       838       49991     131       290       
1      940       782       49991     291       291       
2      236       557       49991     87        189       
1      771       1543      49991     290       296       
1      744       842       49991     290       290       
1      351       601       49991     52        189       
1      409       473       49992     52        52        
1      504       35        49992     52        98        
2      174       171       49992     266       286       
1      555       533       49992     199       199       
2      793       394       49992     290       100       
1      35        160       49992     98        54        
1      923       1227      49993     290       192       
2      628       527       49993     189       52        
2      145       837       49994     178       290       
1      651       948       49994     189       290       
1      886       1047      49994     290       291       
3      145       837       49994     178       290       
1      662       571       49995     131       52        
1      1047      686       49995     291       131       
1      604       721       49995     189       290       
2      768       947       49995     290       290       
1      886       910       49995     290       290       
2      97        689       49996     9         131       
3      97        689       49996     9         131       
2      20        651       49996     98        189       
3      20        651       49996     98        189       
1      583       333       49997     189       119       
2      714       596       49997     131       131       
1      409       393       49997     52        52        
1      693       782       49998     280       291       
3      599       331       49998     280       127       
1      193       123       49998     266       54        
3      273       556       49998     206       199       
1      818       675       49998     290       189       
1      816       834       49998     290       290       
3      393       33        49999     52        98        
3      393       33        49999     52        98        
1      61        629       49999     98        189       
1      356       556       49999     119       199       
1      749       1067      49999     290       291       
1      723       793       49999     290       290       
1      1023      1047      50000     291       291       
1      62        217       50000     98        87        
1      578       629       50000     189       189       
1      505       505       50000     52        52        
1      825       652       50000     291       189       
1      1169      814       50000     291       290       
1      457       717       50001     52        189       
1      760       550       50001     291       189       
3      674       439       50001     189       189       
1      483       372       50001     189       119       
1      627       1677      50001     189       142       
1      173       212       50002     286       266       
1      860       936       50002     290       291       
1      711       851       50002     131       291       
1      163       177       50002     178       207       
3      443       583       50002     168       189       
1      434       461       50002     52        189       
3      443       583       50002     168       189       
1      632       725       50002     189       290       
3      395       296       50003     100       277       
1      533       417       50003     199       100       
2      395       296       50003     100       277       
4      512       529       50003     199       189       
2      458       600       50004     52        280       
1      791       889       50004     290       290       
1      314       527       50004     119       52        
1      701       209       50004     290       266       
1      332       529       50005     87        189       
1      626       373       50006     189       119       
1      440       529       50006     168       189       
1      662       665       50006     131       131       
1      328       230       50006     299       266       
1      476       351       50008     52        52        
1      631       969       50008     189       290       
2      545       390       50008     52        52        
1      768       884       50009     290       290       
2      97        211       50009     9         266       
3      1264      557       50009     192       189       
1      814       946       50009     290       290       
1      253       528       50010     206       52        
3      418       599       50010     168       280       
1      981       894       50010     291       291       
1      250       372       50010     127       119       
1      184       557       50010     87        189       
1      908       627       50010     290       189       
