COLUMNS

passenger_count
pickup_ID
dropoff_ID
request_time_sec
pickup_district
dropoff_district

REQUESTS_INFO
1      308       125       45720     127       54        
2      393       251       45720     100       127       
1      286       250       45720     299       127       
1      687       170       45720     131       286       
2      375       513       45721     168       189       
1      597       727       45721     131       290       
1      531       396       45722     189       189       
1      617       459       45722     131       52        
1      443       699       45722     168       290       
1      749       768       45722     290       290       
1      505       804       45722     52        291       
3      710       386       45722     131       299       
3      710       386       45722     131       299       
1      951       970       45723     290       290       
2      1068      791       45723     291       290       
3      1068      791       45723     291       290       
1      674       484       45724     189       189       
1      436       670       45724     189       189       
1      575       697       45724     280       189       
1      419       557       45724     168       189       
1      668       709       45724     131       131       
2      701       412       45724     290       52        
2      287       375       45724     299       168       
1      1090      1168      45724     291       291       
1      816       1102      45724     290       84        
1      173       452       45725     266       52        
1      701       353       45725     290       119       
1      210       134       45725     266       286       
1      387       436       45726     52        189       
1      573       663       45726     131       131       
1      34        249       45726     98        127       
4      137       158       45726     286       266       
1      265       287       45726     299       299       
1      331       275       45726     52        87        
1      982       1199      45726     291       84        
1      693       527       45727     189       189       
1      60        621       45727     9         280       
1      269       393       45727     127       100       
2      721       1044      45727     290       291       
3      721       1044      45727     290       291       
1      389       692       45728     52        189       
1      716       667       45728     189       131       
1      1044      615       45728     291       131       
1      961       351       45728     291       52        
1      178       141       45728     178       174       
1      727       864       45728     290       290       
1      527       534       45729     189       199       
1      116       408       45729     9         52        
2      858       884       45729     290       290       
1      717       386       45729     189       299       
1      355       235       45730     168       87        
2      906       690       45731     290       131       
1      420       313       45731     168       119       
1      489       925       45731     189       290       
1      948       744       45731     290       290       
2      882       699       45731     290       290       
1      532       504       45732     189       52        
1      233       526       45732     206       52        
3      266       434       45732     299       52        
1      78        326       45732     9         299       
3      827       697       45733     291       189       
1      499       526       45733     52        52        
2      183       413       45733     87        52        
1      483       804       45733     189       291       
1      894       870       45733     291       291       
1      22        643       45734     98        131       
2      142       503       45734     178       52        
1      420       195       45734     168       207       
1      906       816       45734     290       290       
2      1005      1171      45734     291       192       
1      668       1606      45734     131       296       
1      296       672       45735     277       189       
2      914       572       45735     291       131       
1      336       487       45735     119       199       
2      735       368       45735     131       52        
3      735       368       45735     131       52        
1      640       390       45735     131       52        
1      136       452       45735     286       52        
3      512       332       45735     189       119       
2      669       332       45735     280       119       
1      354       937       45735     119       291       
3      767       772       45736     290       290       
3      767       772       45736     290       290       
3      839       768       45736     290       290       
3      839       768       45736     290       290       
2      850       1020      45736     291       291       
2      599       287       45736     280       299       
1      623       551       45737     280       189       
2      481       606       45737     52        189       
3      481       606       45737     52        189       
1      815       607       45737     290       189       
1      581       371       45737     189       100       
1      887       906       45737     290       290       
1      925       948       45737     290       290       
2      694       892       45737     189       291       
1      863       937       45737     290       291       
1      412       408       45738     52        52        
1      345       455       45738     299       52        
1      862       554       45739     290       189       
1      694       735       45739     189       131       
1      528       308       45739     189       127       
2      918       888       45739     291       290       
3      918       888       45739     291       290       
3      716       849       45739     189       291       
3      716       849       45739     189       291       
1      873       1088      45739     291       291       
1      119       293       45739     286       87        
1      884       78        45739     290       9         
2      673       527       45740     189       189       
3      673       527       45740     189       189       
1      1046      961       45740     291       291       
1      1106      827       45740     291       291       
1      819       327       45740     290       299       
1      232       626       45741     127       189       
1      905       529       45741     290       189       
1      313       390       45741     119       52        
2      332       193       45741     119       266       
1      1177      1005      45741     129       291       
1      47        217       45741     98        87        
1      115       179       45741     9         178       
1      375       454       45742     168       52        
1      893       1127      45742     291       291       
1      461       346       45742     189       299       
1      366       621       45743     52        280       
1      373       621       45743     100       280       
1      349       191       45743     52        266       
1      850       804       45743     291       291       
2      744       971       45743     290       84        
1      722       605       45744     290       189       
2      279       485       45744     277       199       
1      626       408       45744     189       52        
2      191       505       45745     266       52        
3      191       505       45745     266       52        
1      749       722       45745     290       290       
1      232       233       45746     127       206       
1      812       771       45746     290       290       
1      861       949       45746     290       290       
1      874       938       45746     291       291       
3      980       306       45746     291       299       
2      648       31        45746     280       98        
2      666       371       45747     131       100       
3      666       371       45747     131       100       
2      790       850       45747     290       291       
1      850       891       45747     291       291       
2      388       479       45748     52        52        
3      388       479       45748     52        52        
1      963       816       45748     291       290       
1      311       442       45749     119       199       
1      746       699       45749     290       290       
1      97        273       45749     9         87        
