COLUMNS

passenger_count
pickup_ID
dropoff_ID
request_time_sec
pickup_district
dropoff_district

REQUESTS_INFO
1      530       668       45180     189       131       
1      462       480       45180     189       52        
1      350       441       45180     52        168       
1      886       836       45180     290       290       
1      631       850       45180     189       291       
2      526       668       45181     52        131       
1      918       686       45181     291       131       
1      760       669       45181     291       280       
1      461       526       45181     189       52        
1      1001      913       45181     291       291       
2      874       913       45181     291       291       
3      769       49        45181     290       98        
3      769       49        45181     290       98        
4      781       1578      45181     291       296       
1      645       507       45182     280       189       
2      626       712       45182     189       131       
1      735       597       45182     131       131       
2      571       642       45182     131       131       
3      571       642       45182     131       131       
1      214       393       45182     206       100       
1      622       230       45182     280       127       
1      436       213       45182     189       266       
2      81        212       45182     286       266       
1      841       700       45182     290       290       
1      180       149       45182     178       178       
1      304       396       45183     299       189       
1      858       600       45183     290       280       
2      526       534       45183     52        199       
2      476       349       45183     52        52        
1      268       172       45183     299       286       
3      858       1004      45183     290       291       
3      248       257       45183     299       87        
1      909       578       45184     290       189       
1      669       408       45184     280       52        
1      894       122       45184     291       54        
1      549       816       45184     131       290       
1      838       903       45184     290       290       
1      961       969       45184     291       290       
3      191       22        45184     266       98        
1      886       249       45185     290       127       
1      417       233       45185     189       206       
1      499       214       45185     52        206       
2      936       871       45185     291       291       
3      936       871       45185     291       291       
3      1022      779       45185     291       291       
3      1022      779       45185     291       291       
3      437       32        45185     189       98        
3      437       32        45185     189       98        
1      369       333       45186     52        119       
1      699       328       45186     290       299       
1      601       44        45186     280       98        
1      736       461       45187     131       189       
2      645       627       45187     280       189       
1      733       597       45187     131       131       
1      533       419       45187     199       168       
1      229       192       45187     266       266       
1      174       80        45187     266       286       
2      377       793       45187     168       290       
1      948       794       45187     290       290       
1      894       858       45187     291       290       
1      896       699       45187     291       290       
2      1187      983       45187     192       291       
2      271       161       45187     127       178       
1      464       408       45188     199       52        
1      80        311       45188     286       119       
2      390       171       45188     52        286       
2      627       699       45188     189       290       
3      627       699       45188     189       290       
2      851       990       45188     291       290       
1      1011      925       45188     84        290       
1      849       873       45188     291       291       
1      582       557       45189     189       189       
1      840       332       45189     290       119       
1      415       174       45189     189       266       
1      948       913       45189     290       291       
1      152       200       45189     286       87        
1      893       804       45190     291       291       
2      680       652       45191     290       189       
1      412       499       45191     52        52        
1      926       170       45191     290       286       
2      1089      1025      45191     291       291       
1      827       294       45191     291       87        
1      161       9         45191     178       98        
4      859       604       45192     290       189       
2      1076      598       45192     84        280       
2      648       291       45192     280       127       
1      755       914       45192     131       291       
3      231       325       45192     127       299       
3      231       325       45192     127       299       
1      457       482       45193     52        189       
1      663       621       45193     131       280       
2      497       358       45193     52        168       
2      48        45        45193     98        98        
1      580       440       45194     189       189       
4      366       461       45194     52        189       
1      768       651       45194     290       189       
2      599       176       45194     280       266       
1      526       136       45194     52        286       
2      413       527       45195     52        189       
1      881       626       45195     290       189       
1      555       154       45195     189       286       
1      584       909       45195     189       290       
1      909       835       45195     290       290       
3      1172      925       45195     129       290       
1      386       804       45195     299       291       
1      772       811       45196     290       290       
1      865       789       45196     290       290       
1      533       1026      45196     199       291       
1      352       462       45197     119       189       
3      237       504       45197     87        52        
3      237       504       45197     87        52        
1      234       394       45197     206       100       
1      499       1087      45197     52        291       
1      329       666       45198     127       131       
4      700       924       45198     290       290       
1      463       215       45198     199       87        
1      97        577       45199     9         189       
1      804       666       45199     291       131       
2      946       1010      45199     290       84        
3      946       1010      45199     290       84        
1      134       168       45200     286       87        
1      864       580       45201     290       189       
3      9         433       45201     98        52        
1      463       395       45201     199       100       
1      607       308       45201     189       127       
1      717       81        45201     189       286       
1      946       935       45201     290       291       
2      1002      692       45202     291       189       
3      1002      692       45202     291       189       
3      871       709       45202     291       131       
1      349       413       45202     52        52        
2      576       676       45202     280       290       
3      1046      698       45202     291       290       
3      1046      698       45202     291       290       
1      65        1023      45203     98        291       
3      437       603       45204     189       189       
1      455       376       45204     52        168       
1      815       582       45205     290       189       
2      1225      507       45205     192       189       
3      760       715       45205     291       131       
3      760       715       45205     291       131       
1      850       573       45205     291       131       
1      121       347       45205     54        299       
1      297       293       45205     277       87        
1      992       293       45205     84        87        
2      408       1011      45205     52        84        
3      884       971       45205     290       84        
1      435       271       45206     52        127       
1      332       279       45206     119       277       
2      434       721       45206     52        290       
1      597       940       45206     131       291       
1      963       850       45206     291       291       
1      528       593       45207     189       131       
1      367       231       45207     52        127       
1      884       816       45207     290       290       
3      247       31        45207     299       98        
3      247       31        45207     299       98        
1      291       535       45208     127       189       
1      527       699       45208     189       290       
2      1044      874       45208     291       291       
1      367       65        45208     52        98        
1      554       992       45208     189       84        
2      782       894       45209     291       291       
3      782       894       45209     291       291       
