COLUMNS

passenger_count
pickup_ID
dropoff_ID
request_time_sec
pickup_district
dropoff_district

REQUESTS_INFO
1      947       1263      31800     290       192       
1      315       122       31800     277       54        
1      842       742       31801     290       290       
1      791       968       31801     290       290       
1      278       278       31801     87        87        
2      356       526       31801     119       52        
1      718       312       31801     189       87        
1      441       456       31801     168       52        
1      772       631       31802     290       189       
1      971       1032      31802     290       84        
1      880       371       31802     50        52        
1      527       724       31802     52        290       
1      652       484       31802     189       189       
3      984       1263      31802     291       192       
2      984       1263      31802     291       192       
1      633       421       31803     189       168       
1      1130      1128      31803     291       291       
1      841       924       31803     290       290       
1      1127      922       31804     291       50        
1      771       674       31804     290       189       
1      958       1065      31804     291       291       
2      236       749       31804     87        290       
1      897       737       31804     291       189       
2      137       292       31805     286       87        
1      508       745       31805     199       290       
3      137       292       31805     286       87        
2      442       968       31805     168       290       
3      442       968       31805     168       290       
1      603       61        31805     189       98        
2      349       651       31805     127       189       
1      991       905       31806     290       290       
1      191       289       31806     266       127       
2      507       269       31806     189       127       
1      352       328       31806     119       299       
1      312       156       31806     87        286       
1      501       81        31807     52        98        
1      527       1068      31807     52        291       
3      747       863       31807     290       290       
1      927       984       31807     290       291       
1      718       438       31808     189       100       
1      559       253       31808     189       206       
1      161       331       31808     178       127       
2      644       504       31808     131       52        
1      647       579       31809     280       189       
2      174       350       31810     266       127       
3      155       413       31810     286       52        
3      527       697       31810     52        189       
1      99        364       31810     286       299       
1      483       616       31810     189       131       
3      46        32        31810     98        98        
3      46        32        31810     98        98        
1      721       859       31811     290       290       
1      716       31        31811     189       9         
1      742       881       31811     290       290       
1      162       505       31812     178       52        
2      858       885       31812     290       290       
1      556       526       31812     199       52        
1      171       273       31812     286       206       
3      700       817       31812     290       290       
1      719       212       31813     189       266       
1      926       858       31813     290       290       
1      1043      838       31813     291       290       
2      579       630       31813     189       189       
1      78        680       31813     9         290       
1      236       897       31813     87        291       
3      483       791       31814     189       290       
1      303       739       31814     299       189       
1      1023      460       31815     291       189       
1      523       1021      31815     52        291       
1      627       250       31815     189       127       
1      949       925       31815     290       290       
1      1005      972       31815     50        290       
1      801       638       31815     291       131       
1      334       219       31815     119       87        
1      817       905       31816     290       290       
1      550       722       31817     189       290       
1      336       697       31817     277       189       
1      1101      916       31817     84        291       
1      963       1111      31817     50        50        
1      199       252       31817     178       206       
1      802       1065      31817     291       291       
2      143       378       31817     54        168       
1      1207      1149      31818     192       291       
1      841       745       31819     290       290       
1      315       696       31820     277       189       
3      545       532       31820     52        199       
2      545       532       31820     52        199       
3      1022      1229      31821     291       129       
2      1022      1229      31821     291       129       
1      840       744       31821     290       290       
1      1054      1341      31821     84        129       
3      768       861       31822     290       290       
1      1066      772       31822     291       290       
1      851       739       31822     291       189       
1      936       1044      31822     291       291       
2      791       1102      31823     290       84        
1      862       504       31823     290       52        
1      647       714       31823     280       131       
1      368       416       31823     299       100       
2      1036      770       31823     84        290       
3      1036      770       31823     84        290       
2      909       925       31823     290       290       
3      909       925       31823     290       290       
1      259       311       31824     87        87        
1      394       455       31824     100       52        
1      738       527       31824     189       52        
1      760       702       31824     291       290       
1      861       948       31824     290       290       
1      690       594       31825     131       131       
3      700       925       31825     290       290       
3      700       925       31825     290       290       
1      883       621       31825     290       280       
1      925       835       31826     290       290       
1      333       771       31826     119       290       
1      485       414       31826     189       100       
1      1067      1212      31827     291       129       
1      620       710       31827     131       131       
3      1048      550       31827     291       189       
2      1048      550       31827     291       189       
1      415       209       31828     100       266       
3      366       597       31828     299       131       
1      701       79        31828     290       98        
1      703       669       31829     290       280       
1      771       896       31830     290       291       
2      889       430       31830     290       52        
1      881       946       31830     290       290       
