COLUMNS

passenger_count
pickup_ID
dropoff_ID
request_time_sec
pickup_district
dropoff_district
LDuals
IDuals
vehicle_ID
pick_position
drop_position

REQUESTS_INFO
3      885       743       31482     290       290       810.73    810.73    3         1         4         
1      885       724       31800     290       290       438       438       3         2         3         
2      747       554       31870     290       189       342.615   342.615   4         1         3         
3      218       367       31813     87        299       238       238       15        1         2         
1      434       279       31841     52        87        256       256       20        1         2         
1      532       152       31871     199       9         163       163       21        1         4         
2      511       337       31861     199       277       284       284       29        1         3         
2      1044      735       31841     291       131       412.5     412.5     30        1         2         
4      937       691       31666     291       131       581.5     581.5     33        1         2         
2      770       1107      31691     290       291       525.23    525.23    35        1         4         
1      770       875       31733     290       291       503.5     503.5     35        2         3         
1      723       883       31881     290       290       282.885   282.885   38        1         4         
3      818       882       31285     290       290       1017.23   1017.23   38        2         3         
4      739       232       31640     189       266       569       569       41        1         2         
1      1002      924       31885     291       290       342.5     342.5     42        1         4         
3      1000      1065      31846     291       291       392.5     392.5     42        2         3         
1      949       792       31765     290       290       450.41    450.41    46        1         4         
1      827       1010      31803     291       290       350.5     350.5     50        1         4         
1      696       411       31843     189       52        203       203       57        1         3         
3      476       182       31757     52        178       356       356       60        1         3         
2      1058      464       31834     84        168       474.23    474.23    61        1         2         
1      758       480       31862     131       52        257       257       64        1         3         
1      836       679       31861     290       290       311       311       66        1         5         
1      882       748       31884     290       290       276.115   276.115   66        2         4         
1      1128      1026      31760     291       291       460       460       69        1         3         
3      1044      836       31839     291       290       417.5     417.5     69        2         4         
1      694       1002      31792     189       291       281       281       72        1         3         
2      912       666       31835     291       131       351.5     351.5     81        1         4         
2      913       687       31693     291       131       526.5     526.5     81        2         3         
3      555       970       31831     199       290       289       289       90        1         3         
3      291       674       31866     87        189       234       234       98        1         3         
4      881       969       31786     290       290       503.115   503.115   104       1         2         
1      759       477       31813     131       52        354       354       107       1         3         
2      288       317       31770     127       277       325       325       109       1         2         
1      337       674       31832     277       189       229       229       121       1         3         
1      314       949       31798     119       290       379       379       123       1         2         
3      527       721       31798     52        290       334       334       130       1         2         
2      771       904       31883     290       290       333       333       133       1         3         
2      865       925       31870     290       290       372       372       138       1         2         
1      1592      1201      31781     296       84        257       257       140       1         3         
1      1245      771       31871     192       290       242.25    242.25    142       1         3         
1      216       31        31870     178       9         153       153       144       1         4         
3      476       182       31757     52        178       363       363       145       1         2         
1      485       372       31797     189       119       303       303       154       1         3         
1      347       232       31875     299       266       193       193       156       1         3         
2      534       581       31866     199       189       277       277       160       1         2         
1      356       632       31837     119       189       354       354       161       1         2         
1      971       1056      31860     290       84        255       255       165       1         3         
1      680       511       31793     290       199       425       425       185       1         3         
3      772       598       31499     290       189       750.23    750.23    185       2         4         
2      549       694       31818     52        189       251       251       188       1         3         
4      1066      958       31477     291       291       794.44    794.44    195       1         2         
3      1012      597       31273     84        131       1040.44   1040.44   199       1         2         
1      671       779       31804     280       131       313       313       200       1         4         
1      628       484       31805     189       189       180       180       201       1         4         
2      626       577       31810     189       189       417       417       201       2         5         
2      432       499       31856     52        52        228       228       205       1         2         
1      645       990       31779     280       290       333       333       208       1         4         
1      862       937       31813     290       291       477.5     477.5     230       1         3         
3      863       551       31781     290       189       528.23    528.23    230       2         4         
1      228       434       31865     266       52        181       181       231       1         2         
1      888       727       31869     290       290       358.615   358.615   236       1         3         
1      888       677       31877     290       189       350.615   350.615   236       2         4         
1      1015      928       31777     84        290       456.41    456.41    243       1         2         
2      948       768       31583     290       290       705       705       244       1         3         
1      870       935       31793     291       291       404.5     404.5     245       1         4         
2      1000      1065      31846     291       291       392.5     392.5     245       2         3         
1      908       838       31824     290       290       446.615   446.615   255       1         3         
1      398       408       31880     168       299       215       215       260       1         3         
1      481       374       31854     189       119       218       218       267       1         2         
2      559       602       31786     189       189       422       422       275       1         2         
3      972       770       31858     290       290       452.23    452.23    279       1         3         
1      972       527       31793     290       52        421.41    421.41    279       2         4         
2      605       458       31819     189       52        308       308       281       1         5         
1      605       439       31885     189       189       242       242       281       2         4         
1      1131      894       31754     291       291       380.25    380.25    286       1         3         
2      947       696       31370     290       189       900       900       288       1         2         
4      874       557       31210     291       189       1016.5    1016.5    302       1         2         
2      480       293       31754     52        87        355       355       304       1         2         
1      297       314       31888     277       119       293.5     293.5     309       1         2         
1      840       573       31852     290       189       378       378       311       1         3         
3      863       551       31781     290       189       528.23    528.23    311       2         4         
1      645       61        31794     280       98        210       210       312       1         3         
1      442       884       31843     168       290       155       155       318       1         4         
4      731       668       31809     131       280       350       350       319       1         2         
1      601       646       31822     189       280       323       323       320       1         2         
4      836       373       31509     290       119       748.115   748.115   322       1         2         
2      556       719       31873     199       189       234       234       323       1         3         
1      287       556       31817     299       199       248       248       325       1         3         
1      691       579       31868     131       189       212       212       333       1         3         
1      1191      873       31812     129       291       388.25    388.25    347       1         3         
4      841       652       31080     290       189       1246.23   1246.23   348       1         2         
1      527       904       31887     52        290       164       164       350       1         3         
4      627       79        31726     189       98        419       419       354       1         2         
4      400       598       31804     168       189       425       425       355       1         2         
2      903       1218      31874     290       84        418.115   418.115   371       1         4         
2      948       909       31640     290       290       629.115   629.115   371       2         3         
1      991       789       31800     290       290       305       305       378       1         3         
1      839       82        31766     290       98        438.615   438.615   382       1         4         
1      990       1265      31821     290       192       197       197       387       1         4         
2      556       621       31849     199       280       276       276       388       1         3         
1      442       520       31800     168       52        374       374       391       1         3         
2      927       1200      31660     290       84        325       325       399       1         4         
1      1417      1371      31524     129       129       680.5     680.5     406       1         2         
1      689       696       31786     131       189       290       290       410       1         4         
1      689       669       31888     131       280       172       172       410       2         3         
1      760       675       31876     291       189       220       220       415       1         2         
4      817       46        31115     290       98        1169.23   1169.23   418       1         2         
3      959       881       31887     291       290       366.5     366.5     420       1         2         
2      1142      746       31835     84        290       293       293       422       1         4         
1      882       925       31666     290       290       511       511       431       1         3         
3      582       620       31668     189       131       522       522       434       1         2         
2      703       442       31698     290       168       345       345       435       1         3         
4      697       818       31601     189       290       607       607       449       1         2         
1      390       284       31845     52        299       294       294       456       1         2         
2      1192      1056      31875     129       84        303.25    303.25    458       1         3         
1      702       858       31747     290       290       466       466       464       1         4         
1      863       885       31716     290       290       524.615   524.615   468       1         2         
2      1042      550       31574     291       189       690       690       471       1         2         
1      479       327       31816     52        299       247       247       472       1         2         
2      1403      1302      31842     129       129       345.5     345.5     478       1         3         
2      1417      574       31865     129       189       329.5     329.5     478       2         4         
1      1048      813       31873     291       290       370.5     370.5     482       1         3         
2      1207      982       31805     192       291       349       349       486       1         3         
1      257       79        31883     87        98        231       231       490       1         3         
1      307       311       31873     127       87        221       221       491       1         2         
1      1107      968       31865     291       290       211       211       494       1         3         
4      679       992       31721     290       290       513.23    513.23    499       1         2         
1      1355      1325      31887     129       129       268.5     268.5     502       1         3         
1      287       695       31884     299       189       181       181       509       1         3         
3      912       666       31835     291       131       351.5     351.5     512       1         3         
3      667       414       31757     131       100       428       428       519       1         2         
2      840       1023      31564     290       291       683       683       521       1         4         
2      840       909       31814     290       290       448.23    448.23    521       2         3         
3      291       674       31866     87        189       234       234       522       1         3         
1      1248      1432      31875     129       129       277.25    277.25    527       1         3         
1      1066      693       31720     291       280       483.5     483.5     530       1         4         
1      1011      905       31870     84        290       301.41    301.41    531       1         3         
2      410       526       31870     52        52        126       126       546       1         3         
3      793       655       31417     290       189       793       793       551       1         3         
2      352       143       31860     119       54        249       249       555       1         4         
1      596       747       31815     131       290       332       332       557       1         2         
1      630       372       31857     189       119       168       168       558       1         3         
1      561       573       31880     189       189       249       249       564       1         3         
1      817       909       31786     290       290       419.615   419.615   569       1         2         
3      1544      1592      31768     296       296       371.5     371.5     571       1         2         
1      815       727       31844     290       290       359       359       575       1         3         
3      863       1199      31470     290       84        845.23    845.23    575       2         4         
1      1158      1305      31815     84        129       283       283       581       1         3         
3      582       620       31668     189       131       522       522       583       1         3         
1      583       326       31816     189       299       313       313       583       2         4         
3      1044      836       31839     291       290       393.5     393.5     590       1         3         
1      270       526       31844     127       52        201       201       591       1         2         
1      688       430       31873     131       52        238       238       592       1         3         
1      817       884       31871     290       290       334.615   334.615   593       1         2         
3      836       527       31848     290       52        340.115   340.115   594       1         3         
1      804       946       31633     291       290       518       518       602       1         3         
1      434       578       31748     52        189       281       281       603       1         3         
3      840       909       31814     290       290       465.23    465.23    605       1         3         
1      887       1053      31823     290       84        439       439       605       2         4         
1      670       1067      31838     280       291       290       290       618       1         3         
1      333       653       31722     119       189       265       265       619       1         3         
1      297       376       31579     277       168       602.5     602.5     631       1         2         
3      959       881       31887     291       290       366.5     366.5     634       1         3         
3      1211      981       31848     129       291       363.25    363.25    639       1         3         
1      1047      937       31863     291       291       393.5     393.5     639       2         4         
1      721       627       31878     290       189       227       227       640       1         3         
3      605       458       31819     189       52        318       318       643       1         3         
3      527       606       31865     52        189       267       267       644       1         2         
4      768       903       31835     290       290       411.115   411.115   647       1         2         
1      295       1273      31879     87        84        224       224       648       1         3         
1      179       47        31841     178       98        214       214       655       1         2         
2      990       1026      31747     290       291       584.44    584.44    661       1         2         
1      421       928       31827     168       290       381       381       671       1         2         
1      1068      526       31604     291       52        665       665       681       1         4         
1      1068      894       31804     291       291       469.5     469.5     681       2         3         
2      141       125       31834     54        54        224       224       682       1         2         
1      466       506       31865     199       189       262       262       685       1         3         
3      1142      746       31835     84        290       423.23    423.23    688       1         2         
1      738       621       31881     189       280       200       200       696       1         2         
1      1021      858       31807     291       290       412.5     412.5     700       1         3         
1      1025      957       31616     291       291       646.5     646.5     711       1         2         
2      795       909       31794     290       290       472.23    472.23    717       1         3         
2      842       881       31215     290       290       1041      1041      717       2         4         
1      836       904       31801     290       290       384.5     384.5     720       1         3         
3      336       123       31875     277       54        338       338       726       1         2         
1      1370      780       31849     129       291       365.5     365.5     727       1         2         
4      791       996       31581     290       84        670.115   670.115   729       1         2         
1      1265      1087      31869     192       291       268.25    268.25    731       1         3         
3      715       696       31752     131       189       489       489       736       1         2         
1      747       720       31802     290       290       410.615   410.615   744       1         3         
1      747       971       31832     290       290       379       379       744       2         4         
1      251       325       31845     127       299       201       201       746       1         3         
3      296       498       31680     277       52        507       507       747       1         2         
1      905       575       31855     290       189       374.115   374.115   748       1         4         
2      923       724       31835     290       290       463.23    463.23    748       2         3         
1      556       435       31835     199       52        224       224       767       1         4         
1      654       581       31848     189       189       324.885   324.885   768       1         3         
1      737       675       31885     189       189       185       185       770       1         4         
1      704       654       31833     290       189       343       343       780       1         2         
4      1149      443       31633     291       168       597.44    597.44    782       1         2         
3      886       162       31371     290       178       945.73    945.73    791       1         2         
1      605       527       31887     189       52        240       240       792       1         3         
3      990       1026      31747     290       291       584.44    584.44    0         0         0         
3      1053      970       31879     84        290       430.811   430.811   0         0         0         
1      759       622       31890     131       280       0         0         0         0         0         
2      749       897       31890     290       291       0         0         0         0         0         
2      1148      962       31890     291       291       0         0         0         0         0         
1      653       673       31891     189       189       0         0         0         0         0         
1      236       671       31891     87        280       0         0         0         0         0         
1      368       171       31891     299       286       0         0         0         0         0         
1      368       119       31891     299       286       0         0         0         0         0         
1      894       805       31893     291       291       0         0         0         0         0         
2      694       535       31893     189       189       0         0         0         0         0         
1      279       653       31893     87        189       0         0         0         0         0         
1      143       310       31894     54        127       0         0         0         0         0         
1      780       862       31895     291       290       0         0         0         0         0         
1      1556      1386      31895     296       129       0         0         0         0         0         
1      849       1245      31895     291       192       0         0         0         0         0         
1      621       649       31895     280       189       0         0         0         0         0         
1      1606      1003      31895     296       291       0         0         0         0         0         
1      1088      1170      31896     291       291       0         0         0         0         0         
2      412       230       31896     52        266       0         0         0         0         0         
1      770       677       31896     290       189       0         0         0         0         0         
1      618       649       31896     131       189       0         0         0         0         0         
2      1207      1169      31897     192       291       0         0         0         0         0         
1      438       170       31897     100       286       0         0         0         0         0         
1      813       858       31897     290       290       0         0         0         0         0         
1      419       631       31899     168       189       0         0         0         0         0         
2      461       568       31899     189       52        0         0         0         0         0         
2      175       739       31899     266       189       0         0         0         0         0         
3      461       568       31899     189       52        0         0         0         0         0         
2      1025      1167      31900     291       291       0         0         0         0         0         
1      457       415       31901     52        100       0         0         0         0         0         
2      694       559       31901     189       189       0         0         0         0         0         
1      459       351       31902     189       52        0         0         0         0         0         
1      433       712       31902     52        131       0         0         0         0         0         
2      914       716       31903     291       189       0         0         0         0         0         
1      1088      1286      31903     291       129       0         0         0         0         0         
1      462       410       31904     189       52        0         0         0         0         0         
2      527       308       31904     52        127       0         0         0         0         0         
3      874       1066      31904     291       291       0         0         0         0         0         
1      903       925       31905     290       290       0         0         0         0         0         
1      839       674       31905     290       189       0         0         0         0         0         
1      723       860       31906     290       290       0         0         0         0         0         
1      689       778       31906     131       131       0         0         0         0         0         
1      397       526       31907     168       52        0         0         0         0         0         
1      527       396       31907     52        119       0         0         0         0         0         
1      549       61        31907     52        98        0         0         0         0         0         
3      839       889       31908     290       290       0         0         0         0         0         
1      624       779       31908     189       131       0         0         0         0         0         
1      527       732       31908     52        131       0         0         0         0         0         
1      923       544       31908     290       52        0         0         0         0         0         
1      410       526       31909     52        52        0         0         0         0         0         
2      556       527       31909     199       52        0         0         0         0         0         
1      287       995       31910     299       84        0         0         0         0         0         
1      1107      1066      31911     291       291       0         0         0         0         0         
2      759       777       31911     131       131       0         0         0         0         0         
3      759       777       31911     131       131       0         0         0         0         0         
2      924       814       31913     290       290       0         0         0         0         0         
1      925       817       31913     290       290       0         0         0         0         0         
1      457       190       31913     52        286       0         0         0         0         0         
2      276       352       31913     87        119       0         0         0         0         0         
1      1267      897       31913     129       291       0         0         0         0         0         
1      580       768       31913     189       290       0         0         0         0         0         
1      858       604       31913     290       189       0         0         0         0         0         
1      760       325       31914     291       299       0         0         0         0         0         
1      645       715       31914     280       131       0         0         0         0         0         
1      527       292       31914     52        87        0         0         0         0         0         
2      1128      937       31915     291       291       0         0         0         0         0         
1      484       119       31915     189       286       0         0         0         0         0         
1      369       460       31916     52        189       0         0         0         0         0         
1      905       858       31916     290       290       0         0         0         0         0         
1      557       459       31916     189       189       0         0         0         0         0         
1      718       253       31916     189       206       0         0         0         0         0         
1      233       533       31916     206       199       0         0         0         0         0         
1      643       386       31917     131       299       0         0         0         0         0         
2      1000      526       31917     291       52        0         0         0         0         0         
3      1000      526       31917     291       52        0         0         0         0         0         
1      256       720       31917     87        290       0         0         0         0         0         
1      99        250       31917     286       127       0         0         0         0         0         
1      863       923       31917     290       290       0         0         0         0         0         
1      984       834       31918     291       290       0         0         0         0         0         
1      556       804       31918     199       291       0         0         0         0         0         
1      505       1115      31918     52        84        0         0         0         0         0         
2      608       364       31919     189       299       0         0         0         0         0         
3      608       364       31919     189       299       0         0         0         0         0         
1      884       992       31919     290       290       0         0         0         0         0         
