COLUMNS

passenger_count
pickup_ID
dropoff_ID
ready_time_sec
pickup_district
dropoff_district
LDuals
IDuals
vehicle_ID
pick_position
drop_position

REQUESTS_INFO
2      463       482       48389     168       189       128       128       10        1         2         
4      699       599       48296     290       280       286       286       12        1         2         
3      814       795       48360     290       290       233       233       38        1         2         
3      431       326       48370     52        299       225       225       43        1         2         
2      437       759       48373     100       131       206       206       66        1         2         
2      413       415       48384     52        100       156       156       67        1         2         
1      696       578       48373     189       189       145       145       75        1         3         
3      859       847       48317     290       291       239       239       88        2         3         
2      620       914       48380     131       291       197       197       106       1         3         
3      458       674       48139     52        189       433       433       112       1         3         
3      441       456       48298     168       52        265       265       119       1         3         
1      671       718       48371     280       189       100       100       121       1         2         
1      816       812       48375     290       290       213       213       123       1         2         
1      523       503       48376     52        52        201       201       133       1         2         
1      781       597       48367     291       131       198       198       139       1         3         
1      812       651       48341     290       189       198       198       151       1         4         
1      602       507       48311     189       189       211.5     211.5     152       1         4         
3      697       669       48314     189       280       238       238       157       1         3         
1      875       794       48386     291       290       151       151       164       1         3         
1      622       527       48377     280       52        162       162       182       1         3         
2      621       525       48360     280       52        188       188       182       2         4         
1      925       1172      48360     290       129       196       196       190       1         3         
3      481       534       48371     189       199       217       217       191       1         2         
1      409       268       48352     52        299       200       200       216       1         3         
3      864       745       48341     290       290       258       258       219       1         3         
4      811       860       48350     290       290       252       252       221       1         2         
3      712       555       48289     131       199       256       256       226       1         3         
3      960       852       48351     291       291       161       161       232       1         2         
4      527       695       48363     52        189       250       250       236       1         2         
2      410       621       48370     52        280       167       167       253       1         3         
1      430       615       48364     52        131       165       165       259       1         3         
1      452       505       48376     52        52        172       172       259       2         4         
1      874       579       48383     291       189       140       140       264       1         2         
3      620       914       48380     131       291       197       197       277       1         3         
3      782       914       48359     291       291       209       209       280       2         4         
1      479       521       48380     52        52        253       253       281       1         2         
1      1022      1025      48371     291       291       135       135       285       1         2         
1      908       1022      48294     290       291       312       312       303       1         3         
3      616       603       48305     131       189       280       280       306       1         2         
2      686       307       48130     131       127       414       414       307       1         3         
1      256       513       48304     87        199       206       206       315       1         2         
1      443       393       48279     168       52        232       232       322       1         3         
1      760       530       48372     291       189       190       190       326       1         2         
1      794       630       48357     290       189       227       227       328       1         4         
1      951       1032      48289     290       84        272       272       339       1         4         
4      926       842       48320     290       290       263       263       340       1         2         
2      550       511       48309     189       199       218       218       344       1         3         
1      700       727       48337     290       290       224       224       351       1         2         
1      791       859       48326     290       290       244       244       370       1         3         
3      770       722       48108     290       290       500       500       370       2         4         
2      456       645       48372     52        280       186       186       389       1         2         
1      834       631       48378     290       189       225       225       390       1         2         
3      742       598       48287     290       189       214       214       402       1         3         
3      335       279       48350     119       87        251       251       408       1         2         
1      575       616       48363     189       131       212.5     212.5     419       1         3         
3      529       697       48379     189       189       204       204       420       1         3         
2      655       676       48344     189       189       239       239       428       1         3         
1      549       1128      48309     52        291       185       185       432       1         4         
2      696       622       48343     189       280       178       178       434       1         3         
1      523       551       48359     52        189       224       224       437       1         4         
1      523       662       48367     52        131       216       216       437       2         3         
1      723       838       48386     290       290       153       153       441       2         3         
1      555       463       48371     199       168       146       146       442       1         2         
1      1012      906       48331     84        290       189       189       446       1         2         
3      749       721       48360     290       290       249       249       447       1         2         
1      818       860       48376     290       290       220       220       452       1         3         
3      840       946       48270     290       290       337       337       452       2         4         
1      991       790       48382     290       290       123       123       465       1         4         
1      885       857       48372     290       290       181       181       471       1         3         
1      673       647       48353     189       280       179       179       475       1         2         
1      881       580       48382     290       189       187       187       483       1         4         
1      608       924       48345     189       290       211       211       500       1         3         
1      672       717       48356     189       189       187       187       508       1         3         
1      395       604       48335     100       189       205       205       510       1         3         
3      605       251       48337     189       127       216       216       524       1         3         
3      721       904       48357     290       290       183       183       526       1         3         
1      873       947       48366     291       290       157       157       527       1         4         
3      526       365       48340     52        299       239       239       541       1         2         
1      274       369       48389     87        52        110       110       553       1         2         
2      582       791       48384     189       290       166       166       563       1         3         
3      859       847       48317     290       291       239       239       564       2         4         
1      623       551       48336     280       189       212.5     212.5     574       1         3         
1      623       265       48376     280       299       172.5     172.5     574       2         5         
2      697       545       48211     189       52        297       297       578       1         3         
4      466       742       48365     199       290       187       187       582       1         2         
2      749       721       48360     290       290       196       196       596       1         3         
1      840       399       48367     290       168       220       220       597       1         4         
2      722       768       48376     290       290       184       184       607       1         2         
2      328       410       48374     299       52        140       140       622       1         2         
2      694       488       48271     189       199       275       275       640       1         3         
1      812       827       48369     290       291       170       170       654       1         3         
1      781       466       48353     291       199       212       212       659       1         3         
1      551       670       48363     189       280       189       189       665       1         3         
2      557       438       48342     189       100       212       212       670       1         2         
3      722       760       48273     290       291       291       291       690       1         3         
3      521       463       48346     52        168       209       209       709       1         2         
1      415       697       48374     100       189       173       173       726       1         3         
1      994       314       48381     84        119       184       184       728       1         3         
1      578       371       48340     189       52        188       188       739       1         3         
1      923       804       48342     290       291       226       226       744       1         3         
1      748       1054      48325     290       84        238       238       747       1         5         
3      815       948       48170     290       290       410       410       773       2         4         
2      366       849       48375     299       291       143       143       787       1         3         
3      605       251       48337     189       127       216       216       789       1         3         
1      605       760       48289     189       291       254       254       792       1         3         
4      717       937       48280     189       291       299       299       801       1         2         
1      860       649       48334     290       189       240       240       808       1         4         
1      839       626       48312     290       189       276       276       808       2         3         
1      421       295       48312     168       87        184       184       823       1         3         
1      549       436       48346     52        100       169       169       828       1         2         
2      665       748       48349     131       290       203       203       837       1         3         
1      865       885       48188     290       290       406       406       852       1         3         
1      723       626       48363     290       189       191       191       873       1         3         
1      414       624       48380     100       189       158       158       875       1         3         
2      484       510       48371     189       199       164       164       887       1         2         
1      873       923       48376     291       290       147       147       889       1         2         
3      874       698       48340     291       189       183       183       898       1         3         
1      950       759       48349     290       131       194       194       914       1         3         
3      814       795       48360     290       290       233       233       924       1         2         
4      925       529       48370     290       189       210       210       926       1         2         
3      579       718       48375     189       189       192       192       939       1         2         
1      924       461       48374     290       189       155       155       941       1         3         
3      440       526       48307     168       52        225       225       965       1         2         
1      888       906       48346     290       290       234       234       973       1         2         
1      690       577       48332     131       189       215       215       979       1         3         
1      549       703       48349     52        290       139       139       993       1         4         
1      881       738       48318     290       189       251       251       994       1         5         
1      881       814       48231     290       290       338       338       994       2         4         
1      881       662       48362     290       131       207       207       994       3         6         
1      626       644       48390     189       131       0         0         0         0         0         
1      702       863       48390     290       290       0         0         0         0         0         
1      462       648       48390     189       189       0         0         0         0         0         
1      699       556       48390     290       199       0         0         0         0         0         
3      606       924       48390     189       290       0         0         0         0         0         
1      443       903       48390     168       290       0         0         0         0         0         
1      616       621       48390     131       280       0         0         0         0         0         
1      119       21        48390     286       98        0         0         0         0         0         
3      721       717       48391     290       189       0         0         0         0         0         
2      721       717       48391     290       189       0         0         0         0         0         
1      742       1044      48391     290       291       0         0         0         0         0         
1      915       1001      48391     291       291       0         0         0         0         0         
1      950       526       48391     290       52        0         0         0         0         0         
4      557       268       48392     189       299       0         0         0         0         0         
1      535       770       48392     189       290       0         0         0         0         0         
1      535       505       48392     189       52        0         0         0         0         0         
1      1078      994       48392     84        84        0         0         0         0         0         
1      647       598       48392     280       189       0         0         0         0         0         
1      675       720       48392     189       290       0         0         0         0         0         
1      604       421       48393     189       168       0         0         0         0         0         
1      1168      1140      48393     291       84        0         0         0         0         0         
1      1087      1087      48393     291       291       0         0         0         0         0         
1      458       579       48393     52        189       0         0         0         0         0         
1      603       782       48394     189       291       0         0         0         0         0         
2      621       476       48394     280       52        0         0         0         0         0         
1      575       386       48394     189       299       0         0         0         0         0         
1      749       743       48394     290       290       0         0         0         0         0         
1      608       702       48394     189       290       0         0         0         0         0         
2      1168      621       48395     291       280       0         0         0         0         0         
1      626       437       48395     189       100       0         0         0         0         0         
1      864       608       48395     290       189       0         0         0         0         0         
1      906       971       48397     290       290       0         0         0         0         0         
3      983       894       48397     291       291       0         0         0         0         0         
1      742       834       48397     290       290       0         0         0         0         0         
1      311       235       48397     87        87        0         0         0         0         0         
2      1087      1068      48398     291       291       0         0         0         0         0         
1      123       89        48399     54        178       0         0         0         0         0         
2      1150      1168      48399     291       291       0         0         0         0         0         
1      1045      959       48399     291       291       0         0         0         0         0         
1      654       419       48399     189       168       0         0         0         0         0         
3      1150      1168      48399     291       291       0         0         0         0         0         
1      864       814       48399     290       290       0         0         0         0         0         
1      717       669       48399     189       280       0         0         0         0         0         
1      576       439       48399     189       189       0         0         0         0         0         
1      676       817       48399     189       290       0         0         0         0         0         
2      894       704       48400     291       290       0         0         0         0         0         
1      331       647       48400     127       280       0         0         0         0         0         
2      719       254       48401     189       87        0         0         0         0         0         
1      709       644       48401     131       131       0         0         0         0         0         
1      551       407       48401     189       299       0         0         0         0         0         
1      410       643       48402     52        131       0         0         0         0         0         
1      742       946       48402     290       290       0         0         0         0         0         
2      550       376       48402     189       168       0         0         0         0         0         
1      211       232       48403     266       266       0         0         0         0         0         
1      700       887       48403     290       290       0         0         0         0         0         
1      504       197       48403     52        178       0         0         0         0         0         
1      675       905       48404     189       290       0         0         0         0         0         
1      859       891       48404     290       291       0         0         0         0         0         
1      1048      1108      48404     291       291       0         0         0         0         0         
2      533       418       48404     199       168       0         0         0         0         0         
1      720       578       48404     290       189       0         0         0         0         0         
1      1128      1603      48404     291       296       0         0         0         0         0         
1      699       489       48404     290       199       0         0         0         0         0         
1      623       618       48404     280       131       0         0         0         0         0         
1      506       457       48404     189       52        0         0         0         0         0         
1      718       805       48405     189       291       0         0         0         0         0         
1      780       694       48405     291       189       0         0         0         0         0         
1      1151      1229      48405     291       129       0         0         0         0         0         
1      715       781       48405     131       291       0         0         0         0         0         
1      697       891       48405     189       291       0         0         0         0         0         
1      295       532       48406     87        199       0         0         0         0         0         
1      308       577       48406     127       189       0         0         0         0         0         
1      557       503       48406     189       52        0         0         0         0         0         
1      459       669       48406     189       280       0         0         0         0         0         
2      694       1128      48407     189       291       0         0         0         0         0         
1      627       698       48407     189       189       0         0         0         0         0         
1      616       61        48407     131       98        0         0         0         0         0         
1      984       649       48407     291       189       0         0         0         0         0         
3      694       1128      48407     189       291       0         0         0         0         0         
1      642       639       48408     131       131       0         0         0         0         0         
1      527       397       48408     52        168       0         0         0         0         0         
2      790       721       48408     290       290       0         0         0         0         0         
1      652       553       48408     189       189       0         0         0         0         0         
2      554       747       48409     189       290       0         0         0         0         0         
3      413       230       48409     52        266       0         0         0         0         0         
4      534       392       48409     199       52        0         0         0         0         0         
1      418       676       48409     168       189       0         0         0         0         0         
3      745       883       48409     290       290       0         0         0         0         0         
3      745       883       48409     290       290       0         0         0         0         0         
1      727       860       48410     290       290       0         0         0         0         0         
1      459       604       48410     189       189       0         0         0         0         0         
1      666       391       48411     131       52        0         0         0         0         0         
2      509       749       48411     199       290       0         0         0         0         0         
1      814       544       48411     290       52        0         0         0         0         0         
2      577       767       48412     189       290       0         0         0         0         0         
1      292       570       48412     87        52        0         0         0         0         0         
1      125       97        48413     54        9         0         0         0         0         0         
1      549       555       48413     52        199       0         0         0         0         0         
1      398       389       48413     168       299       0         0         0         0         0         
1      374       511       48413     119       199       0         0         0         0         0         
1      162       304       48413     178       299       0         0         0         0         0         
3      621       710       48414     280       131       0         0         0         0         0         
1      650       439       48414     189       189       0         0         0         0         0         
1      673       602       48414     189       189       0         0         0         0         0         
1      718       940       48415     189       291       0         0         0         0         0         
1      676       759       48415     189       131       0         0         0         0         0         
3      718       990       48415     189       290       0         0         0         0         0         
1      735       431       48415     131       52        0         0         0         0         0         
1      153       99        48415     286       286       0         0         0         0         0         
3      642       552       48415     131       189       0         0         0         0         0         
1      669       699       48415     280       290       0         0         0         0         0         
2      788       558       48416     290       189       0         0         0         0         0         
1      923       915       48416     290       291       0         0         0         0         0         
3      444       924       48416     168       290       0         0         0         0         0         
3      788       558       48416     290       189       0         0         0         0         0         
3      444       924       48416     168       290       0         0         0         0         0         
2      703       529       48416     290       189       0         0         0         0         0         
1      887       676       48417     290       189       0         0         0         0         0         
2      744       812       48417     290       290       0         0         0         0         0         
1      353       376       48417     119       168       0         0         0         0         0         
1      616       913       48417     131       291       0         0         0         0         0         
3      791       884       48418     290       290       0         0         0         0         0         
2      694       258       48418     189       87        0         0         0         0         0         
3      897       599       48418     291       280       0         0         0         0         0         
1      885       559       48418     290       189       0         0         0         0         0         
2      489       465       48418     199       199       0         0         0         0         0         
1      134       22        48418     9         98        0         0         0         0         0         
1      526       390       48419     52        52        0         0         0         0         0         
2      649       575       48419     189       189       0         0         0         0         0         
2      416       720       48419     100       290       0         0         0         0         0         
2      174       716       48419     266       189       0         0         0         0         0         
2      522       597       48419     52        131       0         0         0         0         0         
