COLUMNS

passenger_count
pickup_ID
dropoff_ID
request_time_sec
pickup_district
dropoff_district

REQUESTS_INFO
1      936       554       29640     291       189       
1      621       525       29640     280       52        
3      1151      937       29642     291       291       
3      1151      937       29642     291       291       
3      738       1068      29642     189       291       
2      738       1068      29642     189       291       
1      419       720       29642     168       290       
1      716       550       29643     189       189       
4      801       759       29644     291       131       
1      573       536       29645     189       189       
1      673       507       29645     189       189       
1      578       574       29646     189       189       
1      946       651       29647     290       189       
2      1047      924       29647     291       290       
1      431       727       29647     52        290       
1      1022      905       29647     291       290       
2      399       152       29647     168       9         
1      317       651       29648     277       189       
1      862       862       29648     290       290       
1      621       993       29648     280       84        
1      507       602       29648     189       189       
1      896       691       29649     291       131       
1      948       676       29649     290       189       
1      31        116       29649     9         9         
4      791       969       29649     290       290       
1      525       548       29650     52        52        
1      771       720       29650     290       290       
3      373       580       29651     119       189       
3      373       580       29651     119       189       
1      703       652       29652     290       189       
1      350       615       29652     127       131       
3      584       760       29653     189       291       
2      584       760       29653     189       291       
1      487       628       29653     199       189       
3      839       624       29653     290       189       
1      992       722       29653     290       290       
1      358       309       29654     168       127       
1      620       782       29654     131       291       
1      817       531       29655     290       189       
1      663       692       29655     131       280       
1      512       561       29656     199       189       
1      607       698       29658     189       189       
1      604       698       29658     189       189       
1      814       606       29658     290       189       
3      1065      851       29659     291       291       
1      364       475       29659     299       52        
1      532       632       29659     199       189       
3      1065      851       29659     291       291       
1      759       527       29661     131       52        
1      802       510       29661     291       199       
1      772       790       29661     290       290       
1      1068      688       29661     291       131       
1      549       545       29661     52        52        
1      364       117       29662     299       286       
1      336       333       29662     277       119       
1      307       325       29663     127       299       
1      725       765       29663     290       290       
1      527       749       29663     52        290       
3      700       768       29664     290       290       
1      675       557       29664     189       189       
2      700       768       29664     290       290       
1      291       392       29664     87        52        
1      535       860       29666     189       290       
1      647       662       29668     280       131       
1      177       312       29668     207       87        
1      771       155       29668     290       286       
1      747       628       29668     290       189       
1      488       651       29669     199       189       
1      679       47        29670     290       98        
1      907       695       29670     290       189       
