COLUMNS

passenger_count
pickup_ID
dropoff_ID
request_time_sec
pickup_district
dropoff_district
LDuals
IDuals
vehicle_ID
pick_position
drop_position

REQUESTS_INFO
1      944       871       31472     50        291       145       145       245       1         2         
2      328       481       31474     299       189       177       177       370       1         3         
1      549       1404      31513     52        129       91        91        378       1         3         
1      442       332       31524     168       87        105       105       492       1         2         
3      750       738       31519     999       189       131       131       493       1         3         
1      348       739       31507     299       189       147       147       548       1         3         
3      663       1002      31505     131       291       133       133       590       1         3         
1      329       623       31514     127       280       137       137       621       1         2         
1      331       488       31514     127       199       163       163       684       1         2         
1      1048      739       31500     291       189       148       148       732       1         4         
3      847       416       31515     291       100       153       153       826       1         2         
3      847       416       31515     291       100       153       153       848       1         2         
1      598       621       31510     189       280       154       154       1132      1         2         
3      1128      829       31504     291       50        163       163       1227      1         3         
3      816       741       31514     290       50        89        89        1977      1         2         
1      152       304       31530     9         299       0         0         0         0         0         
2      937       782       31530     291       291       0         0         0         0         0         
1      860       905       31531     290       290       0         0         0         0         0         
1      679       10        31532     290       98        0         0         0         0         0         
1      596       442       31532     131       168       0         0         0         0         0         
3      527       624       31532     52        189       0         0         0         0         0         
2      369       885       31533     52        290       0         0         0         0         0         
1      59        485       31533     999       189       0         0         0         0         0         
1      1023      720       31533     291       290       0         0         0         0         0         
3      865       909       31534     290       290       0         0         0         0         0         
3      865       909       31534     290       290       0         0         0         0         0         
1      668       731       31535     280       131       0         0         0         0         0         
2      852       675       31535     291       189       0         0         0         0         0         
1      700       650       31535     290       189       0         0         0         0         0         
3      852       675       31535     291       189       0         0         0         0         0         
1      924       45        31536     290       98        0         0         0         0         0         
1      621       718       31536     280       189       0         0         0         0         0         
1      355       700       31537     119       290       0         0         0         0         0         
1      982       652       31537     291       189       0         0         0         0         0         
1      623       134       31537     280       9         0         0         0         0         0         
1      545       646       31537     52        280       0         0         0         0         0         
1      455       697       31538     52        189       0         0         0         0         0         
2      818       605       31538     290       189       0         0         0         0         0         
3      886       948       31538     290       290       0         0         0         0         0         
2      886       948       31538     290       290       0         0         0         0         0         
3      790       584       31538     290       189       0         0         0         0         0         
3      790       584       31538     290       189       0         0         0         0         0         
3      353       335       31539     119       119       0         0         0         0         0         
3      353       335       31539     119       119       0         0         0         0         0         
1      924       720       31540     290       290       0         0         0         0         0         
1      973       557       31540     84        189       0         0         0         0         0         
1      758       19        31542     131       98        0         0         0         0         0         
1      815       677       31542     290       189       0         0         0         0         0         
1      654       435       31542     189       52        0         0         0         0         0         
1      557       702       31543     189       290       0         0         0         0         0         
1      509       395       31543     199       100       0         0         0         0         0         
1      556       79        31543     199       98        0         0         0         0         0         
1      793       389       31543     290       299       0         0         0         0         0         
1      905       679       31545     290       290       0         0         0         0         0         
1      980       620       31545     291       131       0         0         0         0         0         
1      858       699       31545     290       290       0         0         0         0         0         
1      1106      1053      31545     291       84        0         0         0         0         0         
1      508       671       31545     199       280       0         0         0         0         0         
1      338       699       31545     277       290       0         0         0         0         0         
1      671       740       31545     280       50        0         0         0         0         0         
1      502       389       31545     52        299       0         0         0         0         0         
1      847       698       31546     291       189       0         0         0         0         0         
2      887       727       31546     290       290       0         0         0         0         0         
1      693       370       31546     280       52        0         0         0         0         0         
1      1149      1218      31546     291       84        0         0         0         0         0         
3      597       577       31547     131       189       0         0         0         0         0         
1      10        653       31547     98        189       0         0         0         0         0         
1      481       718       31547     189       189       0         0         0         0         0         
1      772       584       31547     290       189       0         0         0         0         0         
2      716       596       31547     189       131       0         0         0         0         0         
3      597       577       31547     131       189       0         0         0         0         0         
1      316       442       31549     277       168       0         0         0         0         0         
1      248       200       31549     266       87        0         0         0         0         0         
2      439       213       31549     189       266       0         0         0         0         0         
1      860       884       31549     290       290       0         0         0         0         0         
2      916       781       31550     291       291       0         0         0         0         0         
3      916       781       31550     291       291       0         0         0         0         0         
1      806       533       31550     50        199       0         0         0         0         0         
1      397       508       31550     168       199       0         0         0         0         0         
1      970       837       31550     290       290       0         0         0         0         0         
2      579       527       31550     189       52        0         0         0         0         0         
1      233       481       31551     206       189       0         0         0         0         0         
2      689       874       31551     131       291       0         0         0         0         0         
3      693       727       31552     280       290       0         0         0         0         0         
2      693       727       31552     280       290       0         0         0         0         0         
1      549       116       31553     52        9         0         0         0         0         0         
1      439       399       31553     189       168       0         0         0         0         0         
1      861       863       31554     290       290       0         0         0         0         0         
1      1087      372       31554     291       119       0         0         0         0         0         
1      722       780       31554     290       291       0         0         0         0         0         
1      793       1180      31554     290       84        0         0         0         0         0         
1      770       876       31555     290       50        0         0         0         0         0         
4      527       742       31555     52        290       0         0         0         0         0         
1      766       620       31555     290       131       0         0         0         0         0         
3      574       601       31555     189       189       0         0         0         0         0         
1      886       796       31555     290       290       0         0         0         0         0         
1      888       925       31556     290       290       0         0         0         0         0         
1      579       531       31556     189       189       0         0         0         0         0         
1      749       608       31556     290       189       0         0         0         0         0         
1      772       116       31556     290       9         0         0         0         0         0         
1      907       716       31557     290       189       0         0         0         0         0         
1      715       840       31558     131       290       0         0         0         0         0         
1      195       171       31559     207       286       0         0         0         0         0         
1      579       394       31559     189       100       0         0         0         0         0         
1      815       780       31559     290       291       0         0         0         0         0         
1      328       484       31559     299       189       0         0         0         0         0         
1      527       604       31559     52        189       0         0         0         0         0         
