COLUMNS

passenger_count
pickup_ID
dropoff_ID
request_time_sec
pickup_district
dropoff_district
LDuals
IDuals
vehicle_ID
pick_position
drop_position

REQUESTS_INFO
1      940       858       32359     291       290       201       201       77        1         2         
3      960       1045      32368     291       291       143       143       120       1         2         
2      501       397       32346     52        168       167       167       162       1         4         
1      903       866       32353     290       290       163       163       164       1         2         
1      304       372       32352     299       119       138       138       172       1         2         
3      1004      779       32303     291       131       246       246       186       1         2         
1      499       625       32368     52        189       118       118       349       1         4         
1      817       631       32366     290       189       127       127       358       1         2         
1      306       544       32368     299       52        164       164       367       1         2         
3      864       772       32314     290       290       205       205       398       1         2         
3      1168      984       32300     291       291       197       197       411       1         2         
2      771       824       32295     290       291       174       174       413       1         2         
1      457       544       32341     52        52        124       124       457       1         2         
1      946       738       32325     290       189       183       183       496       1         2         
3      816       455       32319     290       52        171       171       500       1         3         
1      860       698       32319     290       189       162       162       519       1         4         
1      535       608       32347     189       189       108       108       533       1         2         
1      951       1057      32346     290       84        203       203       576       1         2         
1      116       267       32340     9         266       90        90        617       1         2         
3      904       969       32346     290       290       149       149       653       1         3         
1      1128      668       32358     291       280       123       123       674       1         3         
3      960       1045      32368     291       291       139       139       773       1         2         
1      621       621       32367     280       280       91        91        894       1         2         
3      906       35        32254     290       98        285       285       907       1         2         
1      358       46        32316     168       98        217       217       910       1         2         
1      1001      1148      32353     291       291       165       165       979       1         2         
3      973       1010      32223     84        290       335       335       1031      1         2         
2      1057      1136      32317     84        129       254       254       1050      1         2         
2      303       192       32352     299       266       150       150       1070      1         3         
1      834       673       32350     290       189       154       154       1071      1         3         
1      772       581       32366     290       189       102       102       1125      1         2         
1      463       603       32365     168       189       106       106       1126      1         3         
1      860       924       32339     290       290       163       163       1140      1         2         
1      476       414       32353     52        100       181       181       1180      1         3         
1      887       719       32256     290       189       274       274       1284      1         2         
2      894       663       32369     291       131       114       114       1295      1         3         
1      1097      1135      32254     84        50        290       290       1300      1         2         
1      466       180       32358     199       178       130       130       1430      1         2         
1      958       483       32348     291       189       141       141       1431      1         3         
1      1068      1264      32358     291       192       204       204       1462      1         3         
3      1068      675       32335     291       189       205       205       1723      1         3         
3      376       558       32356     168       189       173       173       1731      1         2         
1      812       628       32358     290       189       129       129       1769      1         3         
1      812       651       32353     290       189       134       134       1805      1         4         
1      326       482       32341     299       189       159       159       1823      1         2         
2      925       842       32276     290       290       235       235       1824      1         2         
3      864       772       32314     290       290       205       205       1847      1         2         
1      483       720       32362     189       290       111       111       1870      1         3         
1      767       949       32352     290       290       118       118       1912      1         2         
1      389       158       32359     299       174       105       105       1928      1         3         
1      502       21        32359     52        98        105       105       1997      1         2         
1      373       369       32370     119       52        0         0         0         0         0         
2      824       897       32370     291       291       0         0         0         0         0         
3      824       897       32370     291       291       0         0         0         0         0         
1      887       559       32370     290       189       0         0         0         0         0         
1      238       481       32370     87        189       0         0         0         0         0         
1      436       377       32370     100       168       0         0         0         0         0         
1      736       926       32370     131       290       0         0         0         0         0         
3      556       631       32371     199       189       0         0         0         0         0         
2      556       631       32371     199       189       0         0         0         0         0         
1      433       669       32371     52        280       0         0         0         0         0         
1      418       632       32372     168       189       0         0         0         0         0         
1      894       811       32372     291       290       0         0         0         0         0         
2      724       60        32373     290       9         0         0         0         0         0         
1      679       838       32373     290       290       0         0         0         0         0         
1      768       907       32373     290       290       0         0         0         0         0         
1      47        650       32373     98        189       0         0         0         0         0         
1      621       421       32373     280       168       0         0         0         0         0         
1      779       719       32373     131       189       0         0         0         0         0         
1      374       557       32374     119       189       0         0         0         0         0         
1      760       777       32374     291       131       0         0         0         0         0         
2      544       849       32374     52        291       0         0         0         0         0         
1      904       747       32375     290       290       0         0         0         0         0         
1      386       386       32375     299       299       0         0         0         0         0         
1      304       526       32375     299       52        0         0         0         0         0         
1      345       647       32375     299       280       0         0         0         0         0         
1      504       627       32375     52        189       0         0         0         0         0         
1      482       881       32375     189       290       0         0         0         0         0         
1      721       915       32375     290       291       0         0         0         0         0         
1      79        555       32376     98        199       0         0         0         0         0         
1      555       1044      32376     199       291       0         0         0         0         0         
1      389       545       32376     299       52        0         0         0         0         0         
1      904       417       32376     290       100       0         0         0         0         0         
2      373       671       32377     119       280       0         0         0         0         0         
3      373       671       32377     119       280       0         0         0         0         0         
1      716       527       32377     189       52        0         0         0         0         0         
1      557       419       32377     189       168       0         0         0         0         0         
1      905       1066      32377     290       291       0         0         0         0         0         
1      761       721       32377     50        290       0         0         0         0         0         
1      60        232       32378     9         266       0         0         0         0         0         
1      696       31        32378     189       9         0         0         0         0         0         
1      556       621       32378     199       280       0         0         0         0         0         
1      349       286       32378     127       299       0         0         0         0         0         
1      655       940       32378     189       291       0         0         0         0         0         
3      882       594       32378     290       131       0         0         0         0         0         
3      882       594       32378     290       131       0         0         0         0         0         
3      484       698       32378     189       189       0         0         0         0         0         
3      484       698       32378     189       189       0         0         0         0         0         
1      1044      649       32379     291       189       0         0         0         0         0         
2      781       651       32379     291       189       0         0         0         0         0         
1      393       285       32379     52        299       0         0         0         0         0         
1      702       371       32379     290       52        0         0         0         0         0         
3      331       230       32380     127       266       0         0         0         0         0         
3      331       230       32380     127       266       0         0         0         0         0         
1      601       412       32380     189       52        0         0         0         0         0         
1      793       721       32380     290       290       0         0         0         0         0         
1      373       651       32380     119       189       0         0         0         0         0         
1      598       668       32381     189       280       0         0         0         0         0         
2      771       627       32381     290       189       0         0         0         0         0         
1      208       47        32381     286       98        0         0         0         0         0         
1      556       527       32381     199       52        0         0         0         0         0         
2      687       718       32382     131       189       0         0         0         0         0         
3      687       718       32382     131       189       0         0         0         0         0         
1      1088      1208      32382     291       192       0         0         0         0         0         
1      436       600       32382     100       280       0         0         0         0         0         
1      527       118       32383     52        286       0         0         0         0         0         
1      106       399       32383     178       168       0         0         0         0         0         
1      875       719       32383     291       189       0         0         0         0         0         
1      604       719       32383     189       189       0         0         0         0         0         
2      60        463       32383     9         168       0         0         0         0         0         
1      923       574       32384     290       189       0         0         0         0         0         
1      287       369       32384     299       52        0         0         0         0         0         
1      81        21        32384     98        98        0         0         0         0         0         
1      642       760       32385     131       291       0         0         0         0         0         
1      600       697       32385     280       189       0         0         0         0         0         
2      827       671       32385     291       280       0         0         0         0         0         
1      532       457       32385     199       52        0         0         0         0         0         
3      526       558       32386     52        189       0         0         0         0         0         
1      513       722       32386     199       290       0         0         0         0         0         
1      527       727       32387     52        290       0         0         0         0         0         
1      527       532       32387     52        199       0         0         0         0         0         
1      115       627       32387     9         189       0         0         0         0         0         
3      250       503       32387     127       52        0         0         0         0         0         
1      885       643       32388     290       131       0         0         0         0         0         
1      65        61        32388     98        98        0         0         0         0         0         
2      596       116       32388     131       9         0         0         0         0         0         
1      950       1218      32388     290       84        0         0         0         0         0         
1      484       628       32388     189       189       0         0         0         0         0         
1      719       679       32388     189       290       0         0         0         0         0         
1      329       575       32388     127       189       0         0         0         0         0         
3      596       116       32388     131       9         0         0         0         0         0         
3      1069      1010      32388     291       290       0         0         0         0         0         
3      1069      1010      32388     291       290       0         0         0         0         0         
1      984       894       32388     291       291       0         0         0         0         0         
1      397       604       32388     168       189       0         0         0         0         0         
1      694       828       32389     189       291       0         0         0         0         0         
1      307       247       32389     127       266       0         0         0         0         0         
1      118       673       32389     286       189       0         0         0         0         0         
1      768       992       32389     290       290       0         0         0         0         0         
3      134       897       32389     9         291       0         0         0         0         0         
1      1010      531       32389     290       189       0         0         0         0         0         
1      578       291       32389     189       87        0         0         0         0         0         
1      388       692       32390     299       280       0         0         0         0         0         
3      118       79        32390     286       98        0         0         0         0         0         
3      118       79        32390     286       98        0         0         0         0         0         
4      531       488       32390     189       199       0         0         0         0         0         
1      913       602       32390     291       189       0         0         0         0         0         
1      136       285       32390     286       299       0         0         0         0         0         
1      574       412       32390     189       52        0         0         0         0         0         
1      485       718       32390     189       189       0         0         0         0         0         
1      745       551       32391     290       189       0         0         0         0         0         
1      693       498       32391     280       52        0         0         0         0         0         
1      778       666       32391     131       131       0         0         0         0         0         
1      699       626       32391     290       189       0         0         0         0         0         
1      464       557       32391     168       189       0         0         0         0         0         
1      480       116       32391     52        9         0         0         0         0         0         
1      308       604       32391     127       189       0         0         0         0         0         
1      630       535       32392     189       189       0         0         0         0         0         
1      677       559       32392     189       189       0         0         0         0         0         
1      675       229       32393     189       266       0         0         0         0         0         
1      461       508       32393     189       199       0         0         0         0         0         
1      721       702       32393     290       290       0         0         0         0         0         
1      527       212       32393     52        266       0         0         0         0         0         
1      462       532       32393     189       199       0         0         0         0         0         
1      393       134       32394     52        9         0         0         0         0         0         
2      692       697       32394     280       189       0         0         0         0         0         
1      783       698       32394     50        189       0         0         0         0         0         
1      646       710       32394     280       131       0         0         0         0         0         
1      698       698       32394     189       189       0         0         0         0         0         
1      581       438       32394     189       100       0         0         0         0         0         
1      306       62        32394     299       98        0         0         0         0         0         
1      789       698       32394     290       189       0         0         0         0         0         
3      568       777       32394     52        131       0         0         0         0         0         
3      568       777       32394     52        131       0         0         0         0         0         
3      443       354       32394     168       119       0         0         0         0         0         
3      443       354       32394     168       119       0         0         0         0         0         
3      746       749       32395     290       290       0         0         0         0         0         
2      746       749       32395     290       290       0         0         0         0         0         
3      732       698       32395     131       189       0         0         0         0         0         
2      732       698       32395     131       189       0         0         0         0         0         
2      669       527       32395     280       52        0         0         0         0         0         
1      745       699       32395     290       290       0         0         0         0         0         
1      551       532       32395     189       199       0         0         0         0         0         
1      557       630       32395     189       189       0         0         0         0         0         
1      722       329       32395     290       127       0         0         0         0         0         
2      173       118       32395     286       286       0         0         0         0         0         
1      697       656       32395     189       290       0         0         0         0         0         
1      498       600       32396     52        280       0         0         0         0         0         
1      504       437       32396     52        100       0         0         0         0         0         
1      371       452       32396     52        52        0         0         0         0         0         
1      837       1218      32396     290       84        0         0         0         0         0         
1      248       393       32396     266       52        0         0         0         0         0         
1      936       626       32396     291       189       0         0         0         0         0         
1      836       699       32396     290       290       0         0         0         0         0         
3      135       265       32397     286       299       0         0         0         0         0         
1      1027      883       32397     50        290       0         0         0         0         0         
1      816       561       32397     290       189       0         0         0         0         0         
1      581       392       32397     189       52        0         0         0         0         0         
1      627       698       32397     189       189       0         0         0         0         0         
2      135       265       32397     286       299       0         0         0         0         0         
1      528       738       32398     52        189       0         0         0         0         0         
1      810       722       32398     290       290       0         0         0         0         0         
1      313       289       32398     87        127       0         0         0         0         0         
1      387       212       32398     299       266       0         0         0         0         0         
1      1027      598       32398     50        189       0         0         0         0         0         
1      1130      665       32399     291       131       0         0         0         0         0         
1      527       437       32399     52        100       0         0         0         0         0         
1      248       81        32399     266       98        0         0         0         0         0         
2      909       680       32399     290       290       0         0         0         0         0         
1      700       693       32399     290       280       0         0         0         0         0         
