COLUMNS

passenger_count
pickup_ID
dropoff_ID
request_time_sec
pickup_district
dropoff_district
LDuals
IDuals
vehicle_ID
pick_position
drop_position

REQUESTS_INFO
2      398       292       32066     168       87        287       287       7         1         2         
1      656       720       32098     290       290       220.75    220.75    13        1         4         
1      970       949       31988     290       290       475.667   475.667   16        1         4         
1      1044      741       31908     291       50        579       579       20        1         4         
3      200       233       32069     87        206       337       337       21        1         2         
1      714       545       32119     131       52        258       258       26        2         4         
1      529       510       32093     189       199       258       258       27        1         3         
2      737       554       32043     189       189       301       301       31        1         3         
1      478       597       32071     52        131       225       225       42        1         3         
3      479       521       31941     52        52        445       445       42        2         4         
1      948       10        32065     290       98        413.667   413.667   49        1         3         
1      817       559       32047     290       189       379       379       54        1         3         
1      815       691       31582     290       131       835.5     835.5     56        1         5         
1      726       508       32044     290       199       313.75    313.75    65        2         6         
1      726       512       32070     290       199       287.75    287.75    65        3         5         
1      455       393       31908     52        52        423.5     423.5     66        1         3         
3      455       545       32029     52        52        318       318       66        2         4         
2      700       795       32110     290       290       248       248       76        2         4         
1      523       739       31870     52        189       465       465       77        1         2         
2      858       555       32009     290       199       395       395       91        2         4         
1      873       1087      32016     291       291       401       401       95        2         3         
1      924       1074      32038     290       84        381.333   381.333   102       1         3         
1      989       532       32055     50        199       418.333   418.333   105       1         4         
3      862       723       31736     290       290       748.5     748.5     106       2         4         
3      1044      626       31279     291       189       1224      1224      112       2         4         
3      1022      790       32023     291       290       471       471       115       2         4         
3      905       669       32078     290       280       378.5     378.5     119       1         3         
1      313       350       32105     87        127       275       275       120       1         2         
1      438       555       32121     100       199       207.5     207.5     122       1         2         
3      438       555       31925     100       199       403.5     403.5     127       1         3         
2      749       766       32127     290       290       271.5     271.5     128       1         2         
2      419       408       32080     168       299       270.5     270.5     130       1         3         
3      795       969       32129     290       290       315       315       132       1         3         
1      819       748       32052     999       290       415.5     415.5     132       2         4         
1      597       600       32107     131       280       241       241       136       1         4         
3      597       626       32063     131       189       285       285       136       2         3         
1      675       373       32103     189       119       180       180       137       1         4         
1      858       533       32036     290       199       362       362       138       2         4         
1      782       626       32083     291       189       292       292       140       1         3         
1      863       10        31991     290       98        483.5     483.5     143       1         4         
1      768       650       32018     290       189       372       372       148       1         3         
3      738       779       31920     189       131       410       410       149       1         3         
1      509       858       31867     199       290       428       428       155       1         3         
2      199       47        32053     178       98        327       327       165       1         3         
3      479       521       31941     52        52        445       445       170       1         3         
1      782       719       32052     291       189       323       323       183       1         3         
4      840       928       31243     290       290       1225      1225      185       1         2         
1      418       394       32079     168       100       260.5     260.5     188       1         2         
1      743       881       32064     290       290       308       308       189       1         3         
2      621       732       32071     280       131       223       223       201       1         3         
2      795       609       31938     290       189       489.5     489.5     205       3         5         
4      645       779       31317     280       131       1008      1008      206       1         2         
2      368       653       32096     299       189       261       261       217       1         4         
1      296       463       32124     277       168       273       273       230       1         2         
3      269       710       32073     127       131       233       233       233       1         4         
1      306       521       32086     299       52        283       283       233       2         3         
1      218       416       32117     87        100       267       267       234       1         2         
2      1542      1243      32062     296       192       235.104   235.104   237       1         2         
3      961       600       31921     291       280       569       569       240       1         3         
3      781       1227      31899     291       192       485       485       242       1         3         
1      527       605       32087     52        189       283       283       244       1         4         
1      1066      1578      32106     291       296       405.333   405.333   248       1         3         
1      1002      460       32064     291       189       395       395       259       2         6         
3      528       648       31620     52        189       685       685       262       1         3         
3      750       1053      31967     999       84        508       508       274       1         3         
2      253       393       32108     206       52        230       230       275       1         2         
4      827       671       31989     291       280       418.333   418.333   277       3         4         
1      1053      857       32104     84        290       286.333   286.333   278       2         5         
1      1233      1265      32050     129       192       335.667   335.667   284       2         4         
3      1214      1116      31780     129       84        670.167   670.167   284       3         5         
2      200       233       32069     87        206       337       337       287       1         3         
1      852       881       32116     291       290       291       291       289       2         4         
2      1023      782       31851     291       291       471.5     471.5     295       1         4         
1      1023      875       31945     291       291       551       551       295       2         3         
1      1022      1089      31889     291       291       490.5     490.5     302       1         3         
1      1065      1068      31876     291       291       597.5     597.5     302       2         4         
4      597       526       32078     131       52        289       289       304       1         2         
1      802       1066      31878     291       291       441       441       306       1         3         
2      724       1031      32055     290       50        296       296       308       1         3         
1      829       695       32062     50        189       323       323       311       2         4         
1      939       736       32117     291       131       372       372       311       3         5         
3      1053      969       31851     84        290       657.333   657.333   314       2         3         
1      1088      914       31984     291       291       461.5     461.5     319       1         2         
1      441       650       32083     168       189       262       262       321       1         2         
1      972       11        31714     290       999       648       648       323       1         4         
1      304       604       32103     299       189       210       210       324       1         3         
1      654       578       32086     189       189       260       260       327       1         3         
2      971       1026      32053     290       291       438.333   438.333   341       2         4         
3      482       393       32081     189       52        178       178       344       1         3         
2      632       632       32084     189       189       173       173       349       1         2         
1      837       886       31899     290       290       513       513       358       1         3         
4      1149      748       31553     291       290       1008.1    1008.1    360       2         3         
1      434       550       31933     52        189       406.5     406.5     361       1         3         
1      434       508       31903     52        199       436.5     436.5     361       2         4         
1      927       1032      31942     290       84        521.667   521.667   363       1         3         
3      906       984       31928     290       291       553.333   553.333   363       2         4         
1      948       1053      31955     290       84        523.667   523.667   366       1         2         
3      772       583       31724     290       189       692.5     692.5     373       2         4         
4      980       483       31710     291       189       783.333   783.333   377       1         2         
1      500       434       32002     52        52        340       340       386       1         3         
1      937       499       32052     291       52        388       388       395       2         4         
1      632       79        32008     189       98        249       249       402       1         4         
2      731       549       31961     131       52        386       386       403       1         3         
1      1000      675       31680     291       189       797       797       408       1         4         
1      1000      791       32031     291       290       333       333       408       2         5         
1      906       946       31896     290       290       572.333   572.333   417       1         2         
1      356       436       31988     119       100       363       363       421       1         4         
1      364       671       32052     299       280       313.75    313.75    429       1         3         
3      697       438       32087     189       100       197.333   197.333   431       1         3         
4      621       526       31945     280       52        389       389       446       1         2         
2      745       903       32129     290       290       261       261       452       2         4         
2      993       1043      32022     84        291       470.333   470.333   472       1         2         
3      744       702       32031     290       290       323       323       474       1         3         
1      216       421       32019     178       168       343       343       476       1         2         
2      576       626       32104     189       189       166       166       484       1         3         
4      712       19        31385     131       98        1025      1025      485       1         2         
1      714       711       31981     131       131       396       396       489       1         2         
3      904       680       32036     290       290       421.5     421.5     492       1         3         
4      824       851       32085     291       291       325       325       493       1         2         
1      1091      1171      31892     291       192       544       544       496       3         5         
3      1068      941       31841     291       50        699.333   699.333   496       4         6         
1      893       765       32105     291       290       330       330       497       2         4         
1      794       1245      32126     290       192       291.5     291.5     500       1         4         
3      884       925       31336     290       290       1124      1124      501       1         2         
1      618       10        32091     131       98        221       221       504       1         4         
1      800       696       32079     131       189       306       306       507       2         3         
3      417       353       32085     100       119       221       221       508       1         3         
1      370       480       32071     52        52        240       240       509       1         3         
1      887       827       31926     290       291       550.5     550.5     512       1         4         
3      887       925       32035     290       290       443.5     443.5     512       2         3         
1      292       530       32119     87        189       198       198       514       1         2         
1      816       97        32112     290       9         293.5     293.5     516       1         3         
1      1014      534       31876     84        199       552.333   552.333   531       1         3         
3      632       83        31922     189       98        384       384       536       1         3         
2      723       835       32070     290       290       290       290       538       1         4         
1      723       835       32031     290       290       311.5     311.5     538       2         3         
4      609       527       32032     189       52        339.333   339.333   543       1         2         
1      527       902       32091     52        50        279       279       548       2         5         
3      527       421       32112     52        168       258       258       548       3         4         
3      882       905       32101     290       290       327.5     327.5     549       1         2         
2      1162      1074      32013     84        84        282.5     282.5     551       1         4         
1      743       805       32095     290       291       277       277       555       1         4         
2      743       811       32064     290       290       308       308       555       2         3         
2      1090      694       31326     291       189       1219.33   1219.33   556       1         3         
4      397       532       31953     168       199       412.5     412.5     557       1         2         
4      414       575       31879     100       189       455       455       558       1         2         
1      1168      1228      31987     291       192       491.5     491.5     564       1         3         
3      1168      1087      32038     291       291       465.5     465.5     564       2         4         
1      501       780       32071     52        291       293       293       566       1         3         
1      990       1330      32029     290       999       334       334       582       1         4         
3      904       882       31805     290       290       652.5     652.5     583       1         3         
3      330       576       32116     127       189       265       265       584       1         3         
1      390       430       32121     52        52        221       221       585       1         2         
1      1012      905       32089     84        290       385.333   385.333   586       1         3         
1      461       628       32077     189       189       252.5     252.5     587       1         3         
1      461       646       32124     189       280       205.5     205.5     587       2         4         
1      940       728       32111     291       290       361       361       588       2         4         
1      527       728       32067     52        290       303       303       589       1         3         
4      813       727       30694     290       290       1762.33   1762.33   590       2         3         
1      783       438       32129     50        100       239       239       606       1         3         
1      1001      1130      32059     291       291       426       426       611       1         4         
1      459       230       32128     189       266       160       160       613       1         3         
3      836       625       32049     290       189       356       356       622       2         4         
1      654       537       32117     189       189       209       209       623       1         2         
4      651       969       32086     189       290       244.333   244.333   624       1         2         
2      838       62        31966     290       98        472       472       626       2         4         
1      1048      652       32078     291       189       425.5     425.5     627       1         3         
3      1022      790       32023     291       290       471       471       632       2         4         
1      756       451       31816     131       999       547       547       634       1         3         
2      771       82        31971     290       98        323       323       639       1         4         
1      1046      1053      31905     291       84        593.5     593.5     640       2         4         
3      287       415       31925     299       100       402       402       641       1         4         
1      307       413       32101     127       52        247       247       641       2         3         
3      818       582       31815     290       189       608.667   608.667   648       2         4         
1      865       557       31592     290       189       871.833   871.833   648       3         5         
1      191       45        32124     266       98        156.5     156.5     649       1         2         
2      523       393       32129     52        52        206       206       656       1         4         
4      896       625       30942     291       189       1533.33   1533.33   660       2         3         
1      937       1042      32098     291       291       353       353       667       1         3         
1      959       671       32107     291       280       362       362       667       2         4         
1      802       630       32014     291       189       349       349       670       1         3         
1      716       622       32103     189       280       223       223       671       2         4         
1      771       981       31920     290       291       493.5     493.5     674       1         4         
3      772       656       31973     290       290       443.5     443.5     674       2         3         
1      743       461       32100     290       189       272       272       675       1         3         
1      466       581       32085     199       189       248       248       687       1         3         
1      903       671       32073     290       280       356.5     356.5     690       2         4         
3      1107      893       32090     291       291       435.5     435.5     691       1         3         
1      1026      1026      32055     291       291       374.5     374.5     696       2         3         
1      355       11        32075     119       999       273       273       699       1         3         
1      715       779       32026     131       131       326       326       700       1         2         
1      460       210       32024     189       266       306       306       705       1         4         
2      702       772       32106     290       290       267       267       707       1         3         
1      960       939       32105     291       291       362       362       708       1         3         
1      981       544       31886     291       52        599       599       708       2         4         
1      579       622       32067     189       280       215       215       710       1         4         
3      947       873       31860     290       291       628.333   628.333   711       2         4         
3      904       882       31805     290       290       652.5     652.5     715       1         3         
1      436       399       32118     100       168       122       122       717       1         3         
1      154       624       32121     286       189       102       102       718       1         3         
3      768       10        32088     290       98        302       302       719       1         4         
1      768       860       32082     290       290       308       308       719       2         3         
1      365       32        32112     299       98        265       265       727       1         3         
2      420       651       31966     168       189       391       391       728       1         4         
4      656       465       31123     290       199       1270.33   1270.33   730       1         2         
2      507       393       32125     189       52        185       185       734       1         4         
3      419       309       31531     168       127       822.5     822.5     739       1         2         
3      621       691       32085     280       131       239       239       741       1         3         
1      621       723       32108     280       290       186       186       741       2         4         
3      1246      1106      31881     192       291       570       570       743       1         3         
1      827       673       32051     291       189       341       341       744       1         3         
3      916       503       31961     291       52        493       493       744       2         4         
2      905       851       32109     290       291       334       334       745       2         5         
1      663       1503      31998     131       296       301       301       746       1         3         
2      896       415       31519     291       100       949       949       750       2         4         
4      795       422       30853     290       168       1619      1619      757       1         2         
4      1168      421       32051     291       168       504.104   504.104   762       1         2         
1      1043      1335      31676     291       192       835       835       764       2         4         
1      597       527       31943     131       52        405       405       766       1         3         
3      597       779       32127     131       131       221       221       766       2         4         
1      1004      860       31880     291       290       636.5     636.5     770       1         3         
2      990       947       32119     290       290       378.333   378.333   774       2         3         
3      945       881       31504     50        290       965.333   965.333   779       1         2         
1      655       813       31921     189       290       452.333   452.333   792       1         3         
4      778       118       32016     131       286       400       400       796       1         2         
3      365       530       31879     299       189       452.75    452.75    800       1         3         
1      927       782       31905     290       291       558.667   558.667   802       1         5         
1      782       645       31948     291       280       427       427       803       1         3         
2      1210      1224      32045     129       192       406.104   406.104   804       1         3         
4      883       673       31333     290       189       1152.33   1152.33   805       1         2         
3      1149      526       32081     291       52        428.5     428.5     810       1         4         
1      1148      876       31468     291       50        1033.5    1033.5    810       2         3         
1      584       584       32088     189       189       158       158       813       1         2         
1      679       961       32095     290       291       293.5     293.5     814       1         3         
1      859       1208      31810     290       192       460       460       816       1         3         
2      842       875       32004     290       291       458       458       819       1         4         
2      842       627       32023     290       189       470.5     470.5     819       2         3         
3      1068      1003      32103     291       291       437.333   437.333   821       2         3         
4      858       108       31221     290       178       1224.33   1224.33   824       3         4         
1      667       483       32104     131       189       215       215       829       1         4         
1      414       364       32064     100       299       187       187       830       1         4         
1      1106      984       31462     291       291       1051.33   1051.33   833       1         3         
1      505       421       32096     52        168       257.5     257.5     836       1         3         
1      505       694       32088     52        189       265.5     265.5     836       2         4         
3      650       600       32050     189       280       254       254       838       1         3         
2      1065      779       32119     291       131       321       321       841       2         3         
2      702       948       32112     290       290       261       261       847       1         3         
2      742       858       32069     290       290       240.333   240.333   850       1         3         
3      791       652       32121     290       189       286       286       852       2         4         
1      481       555       32079     189       199       263.5     263.5     856       1         4         
1      816       904       31964     290       290       467.5     467.5     859       1         2         
3      862       723       31736     290       290       748.5     748.5     860       1         3         
1      308       208       32077     127       286       273       273       861       1         3         
1      463       550       31735     168       189       598       598       865       2         4         
1      949       748       31547     290       290       912.333   912.333   871       1         2         
2      675       549       32109     189       52        190       190       878       1         3         
1      916       571       31861     291       52        591       591       884       1         4         
3      917       1106      31851     291       291       617       617       884       2         3         
3      860       507       32107     290       189       338.5     338.5     886       1         3         
1      1065      697       32023     291       189       418       418       892       2         4         
2      527       421       32112     52        168       258       258       900       1         4         
1      527       554       32120     52        189       250       250       900       2         3         
1      349       835       31932     127       290       388       388       903       1         4         
3      330       576       32116     127       189       265       265       903       2         3         
1      981       642       32081     291       131       404       404       904       1         4         
1      981       916       32080     291       291       405       405       904       2         3         
4      833       747       31117     50        290       1330.33   1330.33   908       2         3         
1      1045      1245      32043     291       192       465       465       912       1         3         
3      834       79        32023     290       98        396       396       913       1         4         
1      834       673       31994     290       189       425       425       913       2         3         
1      505       463       32127     52        168       226.5     226.5     915       1         3         
1      488       629       32105     199       189       237.333   237.333   916       1         3         
1      1022      643       31766     291       131       515       515       917       1         5         
1      1065      983       31997     291       291       500       500       917       2         3         
1      860       841       32111     290       290       272       272       923       2         5         
2      768       10        32088     290       98        302       302       924       1         3         
2      1047      926       31853     291       290       671       671       931       1         2         
2      376       45        32023     168       98        320       320       933       1         4         
1      376       275       32067     168       87        276       276       933       2         3         
1      1187      970       31839     291       290       654.5     654.5     936       2         4         
2      1148      818       32089     291       290       411.5     411.5     936       3         5         
4      839       1219      31816     290       84        673.333   673.333   937       1         2         
3      354       306       32039     119       299       308       308       942       1         2         
1      524       671       31982     52        280       253       253       944       1         4         
1      990       649       32034     290       189       435.333   435.333   947       1         4         
3      990       947       32119     290       290       378.333   378.333   947       2         3         
4      795       651       31424     290       189       1048      1048      952       1         2         
1      551       629       32040     189       189       271       271       955       1         3         
1      949       555       32005     290       199       454.333   454.333   966       1         3         
3      859       510       31782     290       199       645.5     645.5     974       2         5         
1      818       628       32105     290       189       362.5     362.5     974       3         4         
2      813       1087      31996     290       291       436       436       975       1         4         
1      813       947       31957     290       290       458.5     458.5     975       2         3         
1      983       860       31857     291       290       498.333   498.333   986       1         4         
1      501       208       32096     52        286       268       268       996       1         2         
1      840       1011      32093     290       84        353.5     353.5     1003      1         4         
3      887       925       32035     290       290       441.5     441.5     1003      2         3         
2      628       632       32104     189       189       173       173       1009      1         3         
1      232       627       32103     266       189       178       178       1013      1         4         
1      1046      1010      32113     291       290       385.5     385.5     1015      1         3         
3      1089      458       32123     291       52        415.5     415.5     1015      2         4         
1      782       604       31981     291       189       394       394       1019      1         3         
1      715       545       32063     131       52        289       289       1029      1         4         
1      936       981       32081     291       291       283       283       1030      1         3         
1      980       1064      32080     291       291       399       399       1030      2         4         
3      527       436       32039     52        100       331       331       1042      1         3         
1      327       246       32077     299       266       301.5     301.5     1045      1         3         
3      1027      768       31994     50        290       532.5     532.5     1052      2         4         
1      714       553       32107     131       189       270       270       1053      1         3         
3      647       212       31913     280       266       389       389       1057      2         4         
2      510       623       31868     199       280       443       443       1059      1         2         
1      702       699       32101     290       290       267       267       1060      1         3         
3      702       772       32106     290       290       272       272       1060      2         4         
1      655       527       31958     189       52        400       400       1064      1         3         
1      745       627       32115     290       189       172       172       1071      1         3         
1      745       627       32126     290       189       264       264       1071      2         5         
1      487       476       32037     199       52        265       265       1074      1         4         
1      746       604       32089     290       189       321       321       1076      1         3         
1      452       436       31995     52        100       322       322       1079      1         3         
3      916       755       32085     291       131       369       369       1080      2         3         
1      372       526       32032     119       52        244       244       1083      1         2         
3      928       925       31712     290       290       803.333   803.333   1086      1         3         
1      928       396       32098     290       119       397.667   397.667   1086      2         4         
1      923       958       31717     290       291       725.333   725.333   1087      1         3         
1      909       536       32073     290       189       405.833   405.833   1088      1         2         
1      865       970       32127     290       290       308       308       1092      1         4         
3      842       882       31869     290       290       624.5     624.5     1092      2         3         
4      884       737       32089     290       189       396.333   396.333   1097      1         2         
1      849       578       32062     291       189       440       440       1099      2         3         
3      718       779       31860     189       131       451       451       1111      1         3         
1      949       761       32018     290       50        446.667   446.667   1115      1         3         
1      838       627       32041     290       189       384.5     384.5     1116      1         2         
3      902       741       31940     50        50        514.5     514.5     1118      1         2         
2      926       600       32074     290       280       408.333   408.333   1120      2         4         
3      810       749       31615     290       290       765.5     765.5     1125      1         2         
1      620       522       31652     131       52        686       686       1133      2         3         
3      1107      937       31771     291       291       754.5     754.5     1145      2         4         
4      558       507       31999     189       189       333.333   333.333   1148      1         2         
1      523       481       32049     52        189       286       286       1150      1         4         
3      523       393       32129     52        52        206       206       1150      2         3         
1      871       779       32072     291       131       360       360       1154      1         3         
1      891       698       32022     291       189       418       418       1154      2         4         
4      680       749       31937     290       290       496.333   496.333   1157      1         2         
1      1132      651       32110     291       189       376.5     376.5     1158      1         3         
1      326       650       32047     299       189       304.75    304.75    1160      1         3         
1      894       483       32065     291       189       364       364       1161      1         3         
2      462       353       32065     189       119       271.5     271.5     1166      1         3         
1      758       596       32009     131       131       391       391       1167      1         3         
1      411       439       31944     52        189       355       355       1169      1         3         
3      479       556       32077     52        199       309       309       1169      2         4         
4      1158      1209      31434     84        192       1058.67   1058.67   1171      2         3         
1      460       671       32046     189       280       315.5     315.5     1172      1         3         
1      656       881       32043     290       290       254       254       1174      1         4         
3      1012      1150      31728     84        291       745.5     745.5     1181      1         4         
1      1012      941       32121     84        50        366.333   366.333   1181      2         3         
3      479       556       32077     52        199       309       309       1185      1         3         
1      396       580       32111     119       189       205.5     205.5     1187      1         2         
1      1046      1003      32064     291       291       402.5     402.5     1190      1         2         
2      512       35        32064     199       98        231       231       1193      2         4         
1      772       680       32027     290       290       387.5     387.5     1203      1         4         
1      249       414       32102     266       100       234       234       1205      1         2         
1      924       771       32109     290       290       305.667   305.667   1208      2         3         
1      813       459       32090     290       189       327.5     327.5     1211      1         4         
2      903       787       32090     290       50        353       353       1223      1         3         
3      506       694       32121     189       189       213       213       1225      1         3         
3      905       669       32078     290       280       378.5     378.5     1228      1         4         
1      884       679       32129     290       290       304       304       1228      2         3         
4      950       701       30832     290       290       1659.33   1659.33   1231      1         2         
1      656       748       31850     290       290       506.5     506.5     1239      1         3         
1      748       674       32078     290       189       325.5     325.5     1243      1         4         
1      511       728       32125     199       290       156       156       1248      1         3         
4      466       580       31699     199       189       663       663       1252      1         2         
2      597       779       32127     131       131       221       221       1262      1         3         
1      937       625       32013     291       189       438       438       1268      1         4         
3      938       632       31945     291       189       525       525       1268      2         3         
2      839       746       32000     290       290       447       447       1269      1         3         
2      839       694       31965     290       189       482       482       1269      2         4         
1      930       727       32042     999       290       436.333   436.333   1270      1         4         
2      909       795       31700     290       290       604       604       1270      2         3         
4      1026      674       31157     291       189       1391.33   1391.33   1272      1         2         
3      1150      827       31900     291       291       594       594       1273      1         3         
3      874       692       31866     291       280       557       557       1275      1         3         
4      463       581       31867     168       189       485       485       1285      1         2         
1      163       273       32097     178       206       260       260       1288      1         4         
3      146       201       31838     178       87        544       544       1288      2         3         
1      1048      937       32048     291       291       457.5     457.5     1289      2         4         
3      1047      693       32054     291       280       477.5     477.5     1289      3         5         
1      712       20        32121     131       98        241       241       1290      1         3         
1      691       675       32115     131       189       207       207       1291      1         3         
1      347       268       32080     299       299       274.5     274.5     1295      1         4         
1      347       213       32107     299       266       247.5     247.5     1295      2         5         
2      1207      969       31804     192       290       651.5     651.5     1303      1         4         
4      579       691       31655     189       131       674.333   674.333   1304      1         2         
2      306       352       32017     299       119       352       352       1306      1         2         
1      307       602       32121     127       189       227       227       1309      1         3         
1      1106      1132      31514     291       291       914.5     914.5     1310      1         3         
1      1128      1263      32121     291       192       266.833   266.833   1310      2         5         
1      715       394       31926     131       100       426       426       1313      1         3         
1      714       458       31886     131       52        491       491       1315      1         3         
4      653       605       31157     189       189       1201.33   1201.33   1318      1         2         
1      499       189       32091     52        286       245       245       1321      1         3         
1      989       857       31710     50        290       763.333   763.333   1322      1         3         
4      1187      1087      32080     291       291       465.104   465.104   1324      2         3         
2      527       531       32045     52        189       325       325       1328      1         2         
4      903       817       31701     290       290       784.333   784.333   1347      3         4         
1      937       716       31893     291       189       469       469       1349      1         3         
1      936       695       31774     291       189       674       674       1349      2         4         
1      970       698       32116     290       189       347.667   347.667   1351      1         3         
1      948       272       32106     290       127       372.667   372.667   1351      2         5         
4      527       552       31943     52        189       433       433       1363      1         2         
3      834       79        32023     290       98        398.5     398.5     1365      1         3         
1      791       902       32025     290       50        365.5     365.5     1369      1         3         
2      791       652       32121     290       189       286       286       1369      2         4         
3      1065      779       32119     291       131       387.333   387.333   1370      3         5         
1      1088      727       31952     291       290       554.5     554.5     1370      4         6         
1      788       1010      32053     290       290       334       334       1371      1         4         
1      788       923       31955     290       290       432       432       1371      2         3         
2      883       533       32020     290       199       423       423       1372      2         4         
2      883       485       31383     290       189       1060      1060      1372      3         5         
2      1086      1010      31852     291       290       641.333   641.333   1375      1         3         
2      1068      1003      32103     291       291       434.667   434.667   1375      2         4         
1      837       716       32031     290       189       363       363       1379      1         4         
1      328       671       32059     299       280       284       284       1381      1         3         
3      702       948       32112     290       290       266       266       1388      1         3         
3      723       835       32070     290       290       290       290       1393      1         3         
3      906       984       31928     290       291       553.333   553.333   1396      1         2         
1      1106      1022      31986     291       291       439.5     439.5     1397      2         3         
1      460       521       31949     189       52        412.5     412.5     1403      1         2         
4      778       719       31432     131       189       984       984       1409      1         2         
3      1053      969       31851     84        290       657.333   657.333   1413      3         4         
3      795       969       32129     290       290       315       315       1417      2         5         
1      863       929       31950     290       290       522.5     522.5     1417      3         4         
1      1153      805       32060     50        291       398.5     398.5     1418      1         3         
3      716       573       32025     189       189       322       322       1420      1         3         
1      1152      1065      32129     291       291       357.5     357.5     1423      2         4         
2      948       1032      32046     290       84        456.667   456.667   1424      1         2         
3      1214      1116      31780     129       84        670.167   670.167   1429      1         3         
3      870       1043      31887     291       291       514       514       1430      1         3         
1      870       192       32060     291       266       366       366       1430      2         4         
1      554       904       32106     189       290       141       141       1433      1         4         
1      817       47        32098     290       98        328       328       1437      1         3         
1      795       116       32076     290       9         337.5     337.5     1443      1         3         
1      388       438       31908     299       100       454       454       1448      1         2         
1      275       408       31990     87        299       337       337       1450      1         3         
1      980       860       32107     291       290       358       358       1451      1         3         
1      179       356       32115     178       119       230       230       1454      1         3         
1      1031      839       32095     50        290       396.5     396.5     1458      1         3         
1      768       728       32106     290       290       284       284       1459      2         4         
2      735       600       32032     131       280       333       333       1462      1         3         
1      461       675       32114     189       189       215.5     215.5     1463      1         3         
3      573       350       31941     189       127       405       405       1466      1         2         
3      462       353       32065     189       119       271.5     271.5     1469      1         3         
1      903       697       31805     290       189       624.5     624.5     1475      1         2         
3      675       549       32109     189       52        190       190       1478      1         3         
1      509       604       32128     199       189       167       167       1479      1         4         
3      269       710       32073     127       131       233       233       1481      1         2         
4      723       902       31743     290       50        649.333   649.333   1485      2         3         
1      435       521       32104     52        52        230.5     230.5     1491      1         3         
1      328       413       32115     299       52        228       228       1497      1         3         
1      233       116       32130     206       9         0         0         0         0         0         
1      396       64        32130     119       98        0         0         0         0         0         
1      509       671       32130     199       280       0         0         0         0         0         
1      759       1208      32130     131       192       0         0         0         0         0         
1      583       626       32130     189       189       0         0         0         0         0         
1      744       836       32131     290       290       0         0         0         0         0         
1      716       828       32131     189       291       0         0         0         0         0         
1      603       859       32131     189       290       0         0         0         0         0         
1      837       817       32131     290       290       0         0         0         0         0         
1      48        444       32131     98        168       0         0         0         0         0         
1      924       513       32131     290       199       0         0         0         0         0         
3      1167      550       32132     291       189       0         0         0         0         0         
1      248       577       32132     266       189       0         0         0         0         0         
1      676       796       32133     189       290       0         0         0         0         0         
2      626       672       32133     189       189       0         0         0         0         0         
3      626       672       32133     189       189       0         0         0         0         0         
1      485       600       32133     189       280       0         0         0         0         0         
1      579       97        32133     189       9         0         0         0         0         0         
1      827       626       32133     291       189       0         0         0         0         0         
1      946       1388      32133     290       129       0         0         0         0         0         
1      737       1318      32133     189       192       0         0         0         0         0         
1      768       887       32133     290       290       0         0         0         0         0         
1      328       345       32133     299       299       0         0         0         0         0         
1      234       35        32133     87        98        0         0         0         0         0         
1      804       1069      32134     291       291       0         0         0         0         0         
3      622       687       32134     280       131       0         0         0         0         0         
3      622       687       32134     280       131       0         0         0         0         0         
1      849       696       32134     291       189       0         0         0         0         0         
1      720       508       32134     290       199       0         0         0         0         0         
1      550       618       32135     189       131       0         0         0         0         0         
4      325       209       32135     299       266       0         0         0         0         0         
1      642       507       32135     131       189       0         0         0         0         0         
2      545       135       32135     52        286       0         0         0         0         0         
1      1149      601       32135     291       189       0         0         0         0         0         
1      397       536       32135     168       189       0         0         0         0         0         
1      992       749       32135     290       290       0         0         0         0         0         
1      947       905       32135     290       290       0         0         0         0         0         
2      735       650       32135     131       189       0         0         0         0         0         
3      767       628       32135     290       189       0         0         0         0         0         
1      438       389       32136     100       299       0         0         0         0         0         
1      325       429       32136     299       999       0         0         0         0         0         
1      457       393       32136     52        52        0         0         0         0         0         
1      675       737       32136     189       189       0         0         0         0         0         
1      373       421       32136     119       168       0         0         0         0         0         
1      842       690       32136     290       131       0         0         0         0         0         
1      421       556       32136     168       199       0         0         0         0         0         
2      531       393       32137     189       52        0         0         0         0         0         
1      551       372       32137     189       119       0         0         0         0         0         
1      605       371       32137     189       52        0         0         0         0         0         
1      908       629       32137     290       189       0         0         0         0         0         
1      651       600       32137     189       280       0         0         0         0         0         
1      597       858       32137     131       290       0         0         0         0         0         
1      550       827       32138     189       291       0         0         0         0         0         
1      778       1220      32138     131       84        0         0         0         0         0         
1      718       227       32138     189       266       0         0         0         0         0         
1      527       627       32138     52        189       0         0         0         0         0         
1      375       271       32138     119       127       0         0         0         0         0         
1      573       748       32138     189       290       0         0         0         0         0         
1      737       605       32139     189       189       0         0         0         0         0         
1      694       483       32139     189       189       0         0         0         0         0         
2      1262      1174      32139     192       129       0         0         0         0         0         
1      465       695       32139     199       189       0         0         0         0         0         
1      770       629       32139     290       189       0         0         0         0         0         
1      415       544       32140     100       52        0         0         0         0         0         
2      740       416       32140     50        100       0         0         0         0         0         
1      488       1032      32140     199       84        0         0         0         0         0         
1      791       926       32140     290       290       0         0         0         0         0         
2      726       772       32140     290       290       0         0         0         0         0         
1      1076      925       32140     84        290       0         0         0         0         0         
1      532       462       32140     199       189       0         0         0         0         0         
2      743       510       32140     290       199       0         0         0         0         0         
1      325       783       32140     299       50        0         0         0         0         0         
3      743       510       32140     290       199       0         0         0         0         0         
1      693       744       32141     280       290       0         0         0         0         0         
3      757       392       32141     131       52        0         0         0         0         0         
3      757       392       32141     131       52        0         0         0         0         0         
1      907       675       32141     290       189       0         0         0         0         0         
1      455       268       32141     52        299       0         0         0         0         0         
1      864       924       32141     290       290       0         0         0         0         0         
1      410       328       32141     52        299       0         0         0         0         0         
1      399       478       32142     168       52        0         0         0         0         0         
1      79        227       32142     98        266       0         0         0         0         0         
1      599       555       32142     280       199       0         0         0         0         0         
1      841       628       32142     290       189       0         0         0         0         0         
1      1065      1127      32142     291       291       0         0         0         0         0         
3      287       392       32142     299       52        0         0         0         0         0         
1      332       504       32142     87        52        0         0         0         0         0         
1      312       458       32143     87        52        0         0         0         0         0         
1      811       579       32143     290       189       0         0         0         0         0         
1      389       648       32143     299       189       0         0         0         0         0         
1      836       973       32143     290       84        0         0         0         0         0         
1      556       394       32143     199       100       0         0         0         0         0         
1      802       1208      32143     291       192       0         0         0         0         0         
1      675       416       32143     189       100       0         0         0         0         0         
2      99        212       32143     286       266       0         0         0         0         0         
1      725       671       32144     290       280       0         0         0         0         0         
3      573       693       32144     189       280       0         0         0         0         0         
3      573       693       32144     189       280       0         0         0         0         0         
1      760       674       32144     291       189       0         0         0         0         0         
1      530       504       32144     189       52        0         0         0         0         0         
1      783       556       32144     50        199       0         0         0         0         0         
3      748       627       32145     290       189       0         0         0         0         0         
3      748       627       32145     290       189       0         0         0         0         0         
1      756       759       32145     131       131       0         0         0         0         0         
1      716       598       32145     189       189       0         0         0         0         0         
1      171       100       32145     286       57        0         0         0         0         0         
1      137       528       32145     286       52        0         0         0         0         0         
1      419       97        32146     168       9         0         0         0         0         0         
1      530       581       32146     189       189       0         0         0         0         0         
1      454       479       32146     52        52        0         0         0         0         0         
1      863       651       32146     290       189       0         0         0         0         0         
1      873       782       32147     291       291       0         0         0         0         0         
1      551       420       32147     189       168       0         0         0         0         0         
1      293       209       32147     87        266       0         0         0         0         0         
1      970       624       32147     290       189       0         0         0         0         0         
1      410       437       32148     52        100       0         0         0         0         0         
1      154       416       32148     286       100       0         0         0         0         0         
1      511       354       32148     199       119       0         0         0         0         0         
1      607       228       32149     189       266       0         0         0         0         0         
2      152       137       32149     9         286       0         0         0         0         0         
1      948       652       32149     290       189       0         0         0         0         0         
2      925       882       32149     290       290       0         0         0         0         0         
1      1003      675       32149     291       189       0         0         0         0         0         
1      865       580       32150     290       189       0         0         0         0         0         
1      374       507       32150     119       189       0         0         0         0         0         
3      1489      1340      32150     296       129       0         0         0         0         0         
2      1489      1340      32150     296       129       0         0         0         0         0         
1      350       327       32150     127       299       0         0         0         0         0         
2      152       594       32150     9         131       0         0         0         0         0         
1      535       700       32151     189       290       0         0         0         0         0         
1      527       624       32152     52        189       0         0         0         0         0         
2      271       511       32152     127       199       0         0         0         0         0         
1      388       718       32152     299       189       0         0         0         0         0         
1      579       459       32152     189       189       0         0         0         0         0         
1      950       772       32153     290       290       0         0         0         0         0         
2      325       835       32153     299       290       0         0         0         0         0         
1      698       627       32153     189       189       0         0         0         0         0         
1      555       652       32154     199       189       0         0         0         0         0         
1      722       679       32154     290       290       0         0         0         0         0         
1      651       413       32154     189       52        0         0         0         0         0         
1      947       720       32154     290       290       0         0         0         0         0         
3      486       650       32155     199       189       0         0         0         0         0         
1      444       738       32155     168       189       0         0         0         0         0         
1      421       247       32155     168       266       0         0         0         0         0         
1      1132      1074      32155     291       84        0         0         0         0         0         
1      627       653       32155     189       189       0         0         0         0         0         
3      486       650       32155     199       189       0         0         0         0         0         
1      1341      1269      32155     129       129       0         0         0         0         0         
1      508       603       32156     199       189       0         0         0         0         0         
1      254       409       32156     87        52        0         0         0         0         0         
1      743       575       32157     290       189       0         0         0         0         0         
1      949       1045      32157     290       291       0         0         0         0         0         
4      760       621       32157     291       280       0         0         0         0         0         
3      336       555       32158     277       199       0         0         0         0         0         
1      950       574       32158     290       189       0         0         0         0         0         
1      333       291       32158     119       87        0         0         0         0         0         
2      961       769       32158     291       290       0         0         0         0         0         
1      533       570       32158     199       52        0         0         0         0         0         
2      336       555       32158     277       199       0         0         0         0         0         
3      484       695       32159     189       189       0         0         0         0         0         
3      484       695       32159     189       189       0         0         0         0         0         
1      721       814       32159     290       290       0         0         0         0         0         
1      276       251       32159     87        127       0         0         0         0         0         
2      622       874       32159     280       291       0         0         0         0         0         
