COLUMNS

passenger_count
pickup_ID
dropoff_ID
request_time_sec
pickup_district
dropoff_district
LDuals
IDuals
vehicle_ID
pick_position
drop_position

REQUESTS_INFO
2      43        134       30446     9         9         138       138       7         1         2         
2      218       154       30365     87        286       236       236       26        1         3         
3      1025      768       30330     291       290       320       320       85        1         3         
2      947       1235      30346     290       84        288       288       88        1         2         
1      969       1178      30376     290       84        243       243       137       1         3         
2      619       573       30394     131       189       148       148       141       1         2         
1      345       455       30448     299       52        119       119       166       1         3         
2      455       212       30431     52        266       132       132       170       1         3         
2      947       813       30382     290       290       252       252       221       1         2         
2      908       1385      30398     290       129       234       234       224       1         3         
4      1023      1218      30145     291       84        495       495       274       1         2         
3      947       813       30382     290       290       252       252       281       1         2         
1      394       288       30426     100       127       130       130       314       1         2         
2      1089      1032      30388     291       84        265       265       321       1         3         
2      325       31        30449     299       9         108       108       336       1         2         
1      295       505       30421     87        52        129       129       339       1         4         
1      884       835       30430     290       290       173       173       359       1         2         
1      256       488       30346     87        199       248       248       386       1         2         
2      885       737       30345     290       189       264       264       429       1         3         
1      791       580       30437     290       189       124       124       437       1         2         
3      1012      483       30185     84        189       455       455       462       1         3         
1      184       578       30412     87        189       190       190       537       1         3         
2      937       1066      30372     291       291       197       197       556       1         3         
1      792       720       30341     290       290       219       219       585       1         3         
1      962       1228      30340     291       192       292       292       618       1         3         
1      1005      694       30431     50        189       183       183       619       2         3         
1      817       715       30434     290       131       162       162       656       1         5         
4      839       628       30406     290       189       213       213       674       1         2         
1      884       1021      30407     290       291       204       204       704       1         3         
1      860       650       30378     290       189       219       219       721       1         2         
3      1544      1218      30367     296       84        243       243       724       1         2         
1      817       940       30442     290       291       154       154       733       1         3         
3      864       97        30343     290       9         277       277       733       2         4         
1      476       507       30432     52        189       179       179       737       1         3         
2      936       980       30444     291       291       96        96        761       1         2         
3      841       291       30434     290       87        185       185       775       1         3         
1      1022      1088      30400     291       291       228       228       817       1         2         
1      772       722       30429     290       290       109       109       828       1         3         
2      864       97        30343     290       9         233       233       854       1         3         
3      816       816       30377     290       290       214       214       859       1         2         
1      915       671       30429     291       280       119       119       873       1         3         
1      355       551       30445     119       189       151       151       890       1         3         
1      958       649       30407     291       189       152       152       917       1         4         
1      1027      836       30368     50        290       232       232       958       1         3         
1      925       1005      30432     290       50        193       193       984       1         2         
1      948       1054      30433     290       84        221       221       986       1         2         
1      456       35        30393     52        98        160       160       1011      1         4         
1      928       675       30441     290       189       234       234       1015      2         4         
3      1544      1218      30367     296       84        243       243       1032      1         3         
1      905       373       30447     290       119       160       160       1067      1         3         
1      963       870       30397     50        291       197       197       1085      1         3         
1      945       652       30422     50        189       196       196       1102      1         3         
2      888       876       30376     290       50        244       244       1106      1         3         
2      1128      827       30341     291       291       304       304       1119      1         3         
1      1128      1024      30333     291       291       312       312       1119      2         4         
3      1189      741       30258     192       50        360       360       1128      1         3         
1      771       604       30405     290       189       132       132       1134      1         2         
1      906       947       30146     290       290       459       459       1153      1         3         
2      906       1065      30310     290       291       311       311       1153      2         4         
1      317       352       30393     277       119       266       266       1158      1         3         
1      317       135       30433     277       286       226       226       1158      2         4         
2      973       552       30391     84        189       264       264       1162      1         3         
1      887       531       30382     290       189       251       251       1208      1         4         
2      909       673       30431     290       189       207       207       1263      1         3         
4      863       134       30335     290       9         296       296       1310      1         2         
3      841       291       30434     290       87        185       185       1322      1         3         
1      1087      968       30420     291       290       229       229       1325      1         2         
1      376       526       30434     168       52        155       155       1335      1         3         
3      442       232       30397     168       266       151       151       1340      1         2         
2      1002      720       30391     291       290       233       233       1341      1         3         
3      839       1048      30330     290       291       281       281       1342      1         3         
3      1047      913       29997     291       291       679       679       1346      1         2         
2      1106      1021      30414     291       291       236       236       1353      1         2         
1      982       1010      30419     291       290       176       176       1401      1         4         
3      1044      983       30373     291       291       281       281       1401      2         3         
3      1109      1011      30345     291       84        335       335       1402      1         2         
1      1251      1390      30347     129       129       300       300       1405      1         2         
3      43        34        30434     9         98        150       150       1430      1         3         
4      889       467       30167     290       999       471       471       1439      1         2         
2      345       413       30394     299       52        173       173       1470      1         2         
4      663       396       30410     131       119       134       134       1473      1         2         
3      909       581       30339     290       189       299       299       1491      1         3         
1      834       742       30415     290       290       162       162       1499      1         3         
1      350       628       30450     127       189       0         0         0         0         0         
1      726       582       30450     290       189       0         0         0         0         0         
1      713       531       30450     131       189       0         0         0         0         0         
1      816       781       30450     290       291       0         0         0         0         0         
1      744       649       30450     290       189       0         0         0         0         0         
1      649       646       30450     189       280       0         0         0         0         0         
1      904       648       30450     290       189       0         0         0         0         0         
1      742       881       30451     290       290       0         0         0         0         0         
1      859       698       30451     290       189       0         0         0         0         0         
1      354       416       30451     119       100       0         0         0         0         0         
1      963       627       30451     50        189       0         0         0         0         0         
2      189       269       30452     286       127       0         0         0         0         0         
1      621       687       30452     280       131       0         0         0         0         0         
1      157       61        30452     54        98        0         0         0         0         0         
1      580       606       30452     189       189       0         0         0         0         0         
1      419       679       30452     168       290       0         0         0         0         0         
1      10        601       30452     98        189       0         0         0         0         0         
1      509       698       30452     199       189       0         0         0         0         0         
2      33        629       30453     98        189       0         0         0         0         0         
1      887       884       30453     290       290       0         0         0         0         0         
2      841       827       30453     290       291       0         0         0         0         0         
2      697       527       30453     189       52        0         0         0         0         0         
1      1068      79        30453     291       98        0         0         0         0         0         
1      700       791       30454     290       290       0         0         0         0         0         
2      47        802       30454     98        291       0         0         0         0         0         
1      480       760       30454     52        291       0         0         0         0         0         
3      698       78        30454     189       9         0         0         0         0         0         
1      793       829       30454     290       50        0         0         0         0         0         
1      367       462       30454     299       189       0         0         0         0         0         
1      1005      720       30454     50        290       0         0         0         0         0         
1      312       581       30455     87        189       0         0         0         0         0         
1      723       837       30455     290       290       0         0         0         0         0         
1      992       883       30455     290       290       0         0         0         0         0         
1      336       439       30455     277       189       0         0         0         0         0         
3      695       116       30456     189       9         0         0         0         0         0         
2      641       393       30456     131       52        0         0         0         0         0         
2      695       116       30456     189       9         0         0         0         0         0         
2      606       349       30456     189       127       0         0         0         0         0         
1      314       46        30456     119       98        0         0         0         0         0         
1      961       554       30456     291       189       0         0         0         0         0         
1      864       489       30456     290       199       0         0         0         0         0         
2      724       440       30457     290       168       0         0         0         0         0         
1      312       581       30457     87        189       0         0         0         0         0         
1      1253      1175      30457     129       129       0         0         0         0         0         
1      744       556       30458     290       199       0         0         0         0         0         
1      887       48        30458     290       98        0         0         0         0         0         
1      213       722       30458     266       290       0         0         0         0         0         
1      779       697       30458     131       189       0         0         0         0         0         
4      603       828       30458     189       291       0         0         0         0         0         
1      692       616       30459     280       131       0         0         0         0         0         
1      173       234       30459     286       87        0         0         0         0         0         
1      771       35        30459     290       98        0         0         0         0         0         
1      347       310       30459     299       127       0         0         0         0         0         
1      461       583       30459     189       189       0         0         0         0         0         
2      331       812       30459     127       290       0         0         0         0         0         
1      902       628       30460     50        189       0         0         0         0         0         
1      884       483       30460     290       189       0         0         0         0         0         
1      727       1002      30460     290       291       0         0         0         0         0         
3      356       441       30461     119       168       0         0         0         0         0         
3      347       252       30461     299       206       0         0         0         0         0         
3      356       441       30461     119       168       0         0         0         0         0         
3      347       252       30461     299       206       0         0         0         0         0         
3      743       858       30461     290       290       0         0         0         0         0         
1      667       531       30461     131       189       0         0         0         0         0         
1      816       716       30461     290       189       0         0         0         0         0         
1      557       551       30461     189       189       0         0         0         0         0         
3      859       649       30462     290       189       0         0         0         0         0         
3      509       969       30462     199       290       0         0         0         0         0         
3      509       969       30462     199       290       0         0         0         0         0         
2      740       507       30462     50        189       0         0         0         0         0         
1      693       696       30462     280       189       0         0         0         0         0         
1      601       208       30462     189       286       0         0         0         0         0         
1      509       740       30462     199       50        0         0         0         0         0         
1      621       626       30462     280       189       0         0         0         0         0         
1      349       415       30463     127       100       0         0         0         0         0         
2      464       399       30463     168       168       0         0         0         0         0         
1      631       606       30463     189       189       0         0         0         0         0         
1      177       141       30463     207       54        0         0         0         0         0         
2      436       399       30463     100       168       0         0         0         0         0         
2      440       651       30463     168       189       0         0         0         0         0         
3      464       399       30463     168       168       0         0         0         0         0         
1      325       330       30464     299       127       0         0         0         0         0         
2      969       571       30464     290       52        0         0         0         0         0         
1      675       627       30464     189       189       0         0         0         0         0         
1      195       462       30464     207       189       0         0         0         0         0         
1      771       602       30464     290       189       0         0         0         0         0         
1      947       533       30465     290       199       0         0         0         0         0         
1      692       626       30465     280       189       0         0         0         0         0         
1      713       520       30465     131       52        0         0         0         0         0         
1      508       616       30466     199       131       0         0         0         0         0         
1      355       554       30466     119       189       0         0         0         0         0         
2      236       377       30466     87        168       0         0         0         0         0         
3      236       377       30466     87        168       0         0         0         0         0         
2      913       1025      30466     291       291       0         0         0         0         0         
3      913       1025      30466     291       291       0         0         0         0         0         
1      597       694       30466     131       189       0         0         0         0         0         
1      355       350       30466     119       127       0         0         0         0         0         
1      721       884       30467     290       290       0         0         0         0         0         
1      599       291       30467     280       87        0         0         0         0         0         
1      793       133       30467     290       9         0         0         0         0         0         
1      317       291       30467     277       87        0         0         0         0         0         
1      625       545       30467     189       52        0         0         0         0         0         
1      619       479       30467     131       52        0         0         0         0         0         
1      837       46        30467     290       98        0         0         0         0         0         
1      328       271       30467     299       127       0         0         0         0         0         
1      527       464       30468     52        168       0         0         0         0         0         
1      527       230       30468     52        266       0         0         0         0         0         
1      376       116       30468     168       9         0         0         0         0         0         
2      793       513       30468     290       199       0         0         0         0         0         
3      593       522       30468     52        52        0         0         0         0         0         
2      926       1218      30468     290       84        0         0         0         0         0         
3      926       1218      30468     290       84        0         0         0         0         0         
3      413       505       30468     52        52        0         0         0         0         0         
2      413       505       30468     52        52        0         0         0         0         0         
1      259       229       30469     87        266       0         0         0         0         0         
1      722       770       30469     290       290       0         0         0         0         0         
1      700       747       30470     290       290       0         0         0         0         0         
1      418       557       30470     168       189       0         0         0         0         0         
1      46        580       30470     98        189       0         0         0         0         0         
1      663       627       30470     131       189       0         0         0         0         0         
3      768       439       30470     290       189       0         0         0         0         0         
3      768       439       30470     290       189       0         0         0         0         0         
1      850       458       30470     291       52        0         0         0         0         0         
1      916       409       30470     291       52        0         0         0         0         0         
1      526       773       30471     52        290       0         0         0         0         0         
4      654       504       30471     189       52        0         0         0         0         0         
1      397       48        30472     168       98        0         0         0         0         0         
1      644       1189      30472     131       192       0         0         0         0         0         
1      1150      1282      30472     291       192       0         0         0         0         0         
1      700       813       30472     290       290       0         0         0         0         0         
1      717       527       30473     189       52        0         0         0         0         0         
1      1012      925       30473     84        290       0         0         0         0         0         
2      623       627       30473     280       189       0         0         0         0         0         
1      489       630       30473     199       189       0         0         0         0         0         
3      418       605       30474     168       189       0         0         0         0         0         
1      597       780       30474     131       291       0         0         0         0         0         
1      308       534       30474     127       199       0         0         0         0         0         
1      170       115       30474     286       9         0         0         0         0         0         
1      850       649       30474     291       189       0         0         0         0         0         
3      418       605       30474     168       189       0         0         0         0         0         
1      744       749       30475     290       290       0         0         0         0         0         
4      599       530       30475     280       189       0         0         0         0         0         
2      314       314       30475     119       119       0         0         0         0         0         
1      717       748       30475     189       290       0         0         0         0         0         
1      597       695       30476     131       189       0         0         0         0         0         
1      850       716       30476     291       189       0         0         0         0         0         
1      45        324       30476     98        299       0         0         0         0         0         
1      441       649       30476     168       189       0         0         0         0         0         
1      551       627       30477     189       189       0         0         0         0         0         
1      117       188       30477     286       286       0         0         0         0         0         
1      802       691       30477     291       131       0         0         0         0         0         
3      1300      1225      30477     192       192       0         0         0         0         0         
3      1300      1225      30477     192       192       0         0         0         0         0         
1      60        629       30478     9         189       0         0         0         0         0         
1      804       534       30478     291       199       0         0         0         0         0         
1      314       350       30478     119       127       0         0         0         0         0         
1      894       770       30478     291       290       0         0         0         0         0         
3      723       703       30478     290       290       0         0         0         0         0         
2      723       703       30478     290       290       0         0         0         0         0         
1      842       485       30479     290       189       0         0         0         0         0         
1      287       523       30479     299       52        0         0         0         0         0         
1      745       771       30479     290       290       0         0         0         0         0         
1      1022      980       30479     291       291       0         0         0         0         0         
2      772       438       30479     290       100       0         0         0         0         0         
