COLUMNS

passenger_count
pickup_ID
dropoff_ID
request_time_sec
pickup_district
dropoff_district
LDuals
IDuals
vehicle_ID
pick_position
drop_position

REQUESTS_INFO
1      314       399       29254     119       168       199       199       33        1         2         
1      992       295       29343     290       87        141       141       80        1         2         
3      418       673       29360     168       189       112       112       103       1         2         
1      374       272       29366     119       127       97        97        157       1         2         
1      505       513       29341     52        199       141       141       163       1         4         
2      137       269       29357     286       127       113       113       167       1         2         
1      256       1128      29350     87        291       127       127       177       1         2         
3      312       576       29344     87        189       161       161       222       1         3         
1      549       575       29368     52        189       100       100       270       1         2         
2      549       626       29352     52        189       116       116       304       1         3         
1      458       350       29343     52        127       106       106       318       1         2         
1      811       508       29356     290       199       120       120       333       1         4         
1      272       156       29342     127       286       188       188       389       1         3         
1      311       555       29328     87        199       166       166       391       1         2         
3      309       548       29249     127       52        258       258       408       1         2         
1      250       504       29365     127       52        114       114       518       1         2         
1      1142      1015      29364     84        84        131       131       543       1         2         
1      481       395       29343     189       100       139       139       633       1         3         
1      772       863       29363     290       290       96        96        679       1         2         
1      838       747       29353     290       290       143       143       714       1         2         
1      1053      1208      29353     84        192       146       146       754       1         2         
1      351       970       29354     52        290       174       174       874       1         3         
1      907       598       29362     290       189       108       108       1161      1         3         
1      1026      788       29359     291       290       130       130       1199      1         3         
4      906       268       29312     290       299       173       173       1223      1         2         
2      507       722       29344     189       290       119       119       1241      1         3         
1      840       940       29300     290       291       189       189       1254      1         2         
1      642       712       29345     131       131       119       119       1282      1         3         
3      486       727       29363     199       290       96        96        1332      1         2         
3      793       559       29285     290       189       214       214       1361      1         2         
1      882       947       29344     290       290       104       104       1459      1         2         
1      287       399       29368     299       168       104       104       1460      1         3         
1      347       462       29367     299       189       112       112       1461      1         2         
1      909       905       29317     290       290       185       185       1497      1         2         
1      748       651       29370     290       189       0         0         0         0         0         
1      766       923       29370     290       290       0         0         0         0         0         
3      818       678       29371     290       290       0         0         0         0         0         
1      947       648       29371     290       189       0         0         0         0         0         
3      818       678       29371     290       290       0         0         0         0         0         
1      655       552       29372     189       189       0         0         0         0         0         
3      743       835       29372     290       290       0         0         0         0         0         
4      1010      534       29372     290       199       0         0         0         0         0         
1      924       766       29372     290       290       0         0         0         0         0         
3      743       835       29372     290       290       0         0         0         0         0         
3      621       768       29372     280       290       0         0         0         0         0         
1      738       134       29372     189       9         0         0         0         0         0         
1      812       1010      29372     290       290       0         0         0         0         0         
1      697       701       29372     189       290       0         0         0         0         0         
1      549       715       29372     52        131       0         0         0         0         0         
2      665       605       29372     131       189       0         0         0         0         0         
1      860       484       29373     290       189       0         0         0         0         0         
2      155       772       29374     286       290       0         0         0         0         0         
3      155       772       29374     286       290       0         0         0         0         0         
1      464       650       29374     168       189       0         0         0         0         0         
2      532       652       29374     199       189       0         0         0         0         0         
1      742       722       29374     290       290       0         0         0         0         0         
1      279       535       29375     87        189       0         0         0         0         0         
1      771       1022      29375     290       291       0         0         0         0         0         
1      641       668       29375     131       280       0         0         0         0         0         
1      812       1245      29376     290       192       0         0         0         0         0         
1      556       598       29376     199       189       0         0         0         0         0         
1      642       748       29376     131       290       0         0         0         0         0         
1      557       65        29377     189       98        0         0         0         0         0         
1      375       651       29377     119       189       0         0         0         0         0         
1      115       31        29377     9         9         0         0         0         0         0         
1      925       693       29377     290       280       0         0         0         0         0         
1      155       235       29378     286       87        0         0         0         0         0         
4      972       1069      29378     290       291       0         0         0         0         0         
2      354       527       29378     119       52        0         0         0         0         0         
1      217       218       29378     87        87        0         0         0         0         0         
1      549       718       29378     52        189       0         0         0         0         0         
1      325       62        29378     299       98        0         0         0         0         0         
2      622       350       29378     280       127       0         0         0         0         0         
1      824       841       29378     291       290       0         0         0         0         0         
1      548       396       29378     52        119       0         0         0         0         0         
1      961       436       29379     291       100       0         0         0         0         0         
1      369       411       29379     52        52        0         0         0         0         0         
1      621       640       29379     280       131       0         0         0         0         0         
1      865       557       29379     290       189       0         0         0         0         0         
1      1211      1449      29379     129       129       0         0         0         0         0         
1      834       720       29379     290       290       0         0         0         0         0         
2      882       768       29380     290       290       0         0         0         0         0         
1      443       838       29380     168       290       0         0         0         0         0         
1      440       600       29380     168       280       0         0         0         0         0         
1      873       1067      29381     291       291       0         0         0         0         0         
1      631       768       29381     189       290       0         0         0         0         0         
1      947       969       29381     290       290       0         0         0         0         0         
1      742       811       29381     290       290       0         0         0         0         0         
3      1108      1001      29381     291       291       0         0         0         0         0         
3      1151      1227      29382     291       192       0         0         0         0         0         
1      478       509       29382     52        199       0         0         0         0         0         
1      527       310       29383     52        127       0         0         0         0         0         
1      252       715       29383     206       131       0         0         0         0         0         
1      1087      1263      29383     291       192       0         0         0         0         0         
2      1026      916       29383     291       291       0         0         0         0         0         
1      718       630       29384     189       189       0         0         0         0         0         
1      861       582       29384     290       189       0         0         0         0         0         
1      881       601       29384     290       189       0         0         0         0         0         
1      352       772       29385     119       290       0         0         0         0         0         
1      373       325       29385     119       299       0         0         0         0         0         
1      768       969       29385     290       290       0         0         0         0         0         
2      511       723       29385     199       290       0         0         0         0         0         
2      791       980       29386     290       291       0         0         0         0         0         
1      669       640       29386     280       131       0         0         0         0         0         
1      554       671       29386     189       280       0         0         0         0         0         
2      895       1023      29386     291       291       0         0         0         0         0         
4      556       728       29386     199       290       0         0         0         0         0         
1      722       604       29386     290       189       0         0         0         0         0         
4      621       649       29386     280       189       0         0         0         0         0         
1      439       603       29387     189       189       0         0         0         0         0         
1      735       371       29387     131       52        0         0         0         0         0         
4      233       35        29387     206       98        0         0         0         0         0         
1      356       506       29387     119       189       0         0         0         0         0         
1      835       673       29388     290       189       0         0         0         0         0         
1      663       663       29388     131       131       0         0         0         0         0         
1      237       257       29388     87        87        0         0         0         0         0         
1      527       579       29388     52        189       0         0         0         0         0         
2      983       619       29389     291       131       0         0         0         0         0         
3      983       619       29389     291       131       0         0         0         0         0         
1      135       304       29389     286       299       0         0         0         0         0         
1      632       936       29389     189       291       0         0         0         0         0         
1      1252      1233      29389     129       129       0         0         0         0         0         
2      236       160       29389     87        54        0         0         0         0         0         
1      873       1023      29389     291       291       0         0         0         0         0         
3      236       160       29389     87        54        0         0         0         0         0         
1      444       722       29390     168       290       0         0         0         0         0         
1      905       793       29390     290       290       0         0         0         0         0         
1      551       484       29390     189       189       0         0         0         0         0         
1      439       192       29390     189       266       0         0         0         0         0         
1      693       527       29390     280       52        0         0         0         0         0         
2      668       675       29390     280       189       0         0         0         0         0         
1      804       698       29390     291       189       0         0         0         0         0         
1      558       10        29390     189       98        0         0         0         0         0         
1      348       117       29390     299       286       0         0         0         0         0         
3      392       647       29391     52        280       0         0         0         0         0         
2      392       647       29391     52        280       0         0         0         0         0         
1      771       722       29391     290       290       0         0         0         0         0         
1      582       1531      29391     189       296       0         0         0         0         0         
1      573       409       29391     189       52        0         0         0         0         0         
1      1065      603       29391     291       189       0         0         0         0         0         
3      559       47        29392     189       98        0         0         0         0         0         
1      621       506       29392     280       189       0         0         0         0         0         
3      559       47        29392     189       98        0         0         0         0         0         
2      947       904       29392     290       290       0         0         0         0         0         
1      813       723       29392     290       290       0         0         0         0         0         
1      668       626       29392     280       189       0         0         0         0         0         
1      1047      573       29392     291       189       0         0         0         0         0         
1      812       722       29392     290       290       0         0         0         0         0         
2      726       1010      29392     290       290       0         0         0         0         0         
1      603       697       29393     189       189       0         0         0         0         0         
3      749       727       29393     290       290       0         0         0         0         0         
1      291       135       29393     87        286       0         0         0         0         0         
1      238       332       29393     87        87        0         0         0         0         0         
1      928       486       29393     290       199       0         0         0         0         0         
1      350       602       29393     127       189       0         0         0         0         0         
1      199       247       29393     178       266       0         0         0         0         0         
1      837       1011      29393     290       84        0         0         0         0         0         
1      972       838       29394     290       290       0         0         0         0         0         
1      291       189       29394     87        286       0         0         0         0         0         
1      608       696       29394     189       189       0         0         0         0         0         
1      217       628       29394     87        189       0         0         0         0         0         
3      835       532       29394     290       199       0         0         0         0         0         
2      835       532       29394     290       199       0         0         0         0         0         
1      597       669       29395     131       280       0         0         0         0         0         
2      556       462       29395     199       189       0         0         0         0         0         
1      630       575       29395     189       189       0         0         0         0         0         
2      720       723       29395     290       290       0         0         0         0         0         
1      578       571       29395     189       52        0         0         0         0         0         
3      632       652       29395     189       189       0         0         0         0         0         
1      441       556       29395     168       199       0         0         0         0         0         
1      834       969       29396     290       290       0         0         0         0         0         
1      1014      559       29396     84        189       0         0         0         0         0         
1      960       793       29396     291       290       0         0         0         0         0         
3      554       781       29396     189       291       0         0         0         0         0         
3      1011      479       29396     84        52        0         0         0         0         0         
2      1011      479       29396     84        52        0         0         0         0         0         
2      842       849       29397     290       291       0         0         0         0         0         
1      712       554       29397     131       189       0         0         0         0         0         
1      307       292       29397     127       87        0         0         0         0         0         
1      583       337       29397     189       277       0         0         0         0         0         
3      399       464       29397     168       168       0         0         0         0         0         
2      399       464       29397     168       168       0         0         0         0         0         
1      368       477       29397     299       52        0         0         0         0         0         
2      152       235       29398     9         87        0         0         0         0         0         
1      153       748       29398     286       290       0         0         0         0         0         
1      794       580       29398     290       189       0         0         0         0         0         
1      505       578       29399     52        189       0         0         0         0         0         
1      32        170       29399     98        286       0         0         0         0         0         
1      772       35        29399     290       98        0         0         0         0         0         
1      532       507       29399     199       189       0         0         0         0         0         
2      348       673       29399     299       189       0         0         0         0         0         
1      179       417       29399     178       100       0         0         0         0         0         
