COLUMNS

passenger_count
pickup_ID
dropoff_ID
request_time_sec
pickup_district
dropoff_district

REQUESTS_INFO
1      914       671       29880     291       280       
1      47        47        29880     98        98        
1      604       416       29880     189       100       
1      350       191       29880     127       266       
1      576       621       29880     189       280       
1      526       743       29880     52        290       
1      789       578       29880     290       189       
1      662       602       29880     131       189       
1      1066      716       29881     291       189       
1      608       745       29881     189       290       
2      434       180       29881     52        178       
1      814       1094      29881     290       84        
1      1307      1219      29881     129       84        
1      937       650       29882     291       189       
1      673       626       29882     189       189       
2      1025      916       29882     291       291       
1      10        189       29882     98        286       
1      460       719       29882     189       189       
2      1196      1137      29882     129       84        
3      1196      1137      29882     129       84        
1      627       743       29882     189       290       
2      1107      1224      29882     291       192       
2      533       183       29883     199       178       
1      701       627       29883     290       189       
1      980       605       29883     291       189       
1      948       803       29883     290       291       
1      827       718       29883     291       189       
1      1078      1208      29883     84        192       
1      991       722       29884     290       290       
1      308       527       29884     127       52        
1      458       621       29884     52        280       
1      549       544       29884     52        52        
3      618       266       29884     131       266       
2      78        43        29884     9         9         
3      78        43        29884     9         9         
1      388       121       29884     299       57        
1      1244      1167      29885     192       291       
1      436       628       29885     100       189       
1      653       704       29885     189       290       
3      532       116       29886     199       9         
1      508       396       29886     199       119       
1      398       333       29886     168       119       
1      371       175       29886     52        266       
1      208       286       29886     286       299       
1      902       667       29886     50        131       
2      532       116       29886     199       9         
1      771       1530      29886     290       296       
1      479       392       29887     52        52        
2      527       535       29887     52        189       
1      527       647       29887     52        280       
4      582       554       29887     189       189       
1      230       544       29888     266       52        
1      605       555       29888     189       199       
2      291       504       29889     87        52        
1      646       551       29889     280       189       
1      717       268       29889     189       299       
1      629       291       29889     189       87        
1      1021      1064      29889     291       291       
1      608       971       29890     189       290       
1      485       623       29890     189       280       
1      726       882       29890     290       290       
1      646       573       29890     280       189       
2      418       777       29890     168       131       
1      367       597       29890     299       131       
3      309       1031      29890     127       50        
2      309       1031      29890     127       50        
1      556       527       29891     199       52        
1      747       417       29891     290       100       
1      791       652       29891     290       189       
1      534       35        29891     199       98        
1      248       556       29891     266       199       
2      372       581       29892     119       189       
1      78        49        29893     9         98        
1      191       535       29893     266       189       
4      925       533       29893     290       199       
1      621       716       29893     280       189       
3      947       1011      29893     290       84        
2      947       1011      29893     290       84        
3      527       776       29894     52        131       
2      527       776       29894     52        131       
1      488       581       29894     199       189       
1      369       556       29894     52        199       
1      605       1308      29894     189       129       
1      629       671       29894     189       280       
1      411       893       29894     52        291       
1      718       924       29895     189       290       
1      599       505       29895     280       52        
1      811       783       29895     290       50        
1      432       675       29895     52        189       
1      949       674       29895     290       189       
1      305       291       29895     299       87        
1      701       781       29895     290       291       
1      728       804       29895     290       291       
1      557       693       29895     189       280       
1      192       395       29896     266       100       
2      783       915       29896     50        291       
1      154       304       29896     286       299       
1      747       760       29897     290       291       
1      759       346       29897     131       299       
1      304       696       29897     299       189       
1      579       649       29897     189       189       
1      161       399       29897     178       168       
2      904       812       29897     290       290       
3      904       812       29897     290       290       
1      596       603       29898     131       189       
3      608       605       29898     189       189       
1      1022      805       29898     291       291       
3      608       605       29898     189       189       
1      836       815       29898     290       290       
1      314       43        29898     119       9         
1      101       233       29898     57        206       
1      701       10        29898     290       98        
1      839       717       29898     290       189       
1      760       646       29898     291       280       
1      726       580       29898     290       189       
1      985       781       29898     50        291       
1      1095      1349      29898     84        999       
1      981       720       29899     291       290       
1      669       100       29899     280       57        
1      439       575       29899     189       189       
1      693       628       29899     280       189       
2      482       575       29899     189       189       
3      850       1032      29900     291       84        
2      850       1032      29900     291       84        
1      394       116       29900     100       9         
1      827       695       29900     291       189       
1      527       231       29900     52        266       
1      605       696       29900     189       189       
1      722       630       29900     290       189       
1      980       652       29900     291       189       
1      717       577       29900     189       189       
1      1543      1217      29900     296       84        
2      457       526       29900     52        52        
1      173       474       29900     286       52        
3      457       526       29900     52        52        
1      1266      479       29901     192       52        
1      909       46        29901     290       98        
1      351       603       29901     52        189       
1      465       350       29901     199       127       
1      1218      1129      29902     84        291       
1      858       578       29902     290       189       
1      134       303       29902     9         299       
1      602       481       29902     189       189       
1      969       675       29902     290       189       
1      499       690       29902     52        131       
2      395       604       29903     100       189       
3      395       604       29903     100       189       
1      984       535       29903     291       189       
1      237       685       29903     87        999       
1      1132      1226      29903     291       192       
4      436       252       29903     100       206       
4      783       603       29903     50        189       
1      1140      1173      29903     84        129       
1      863       529       29903     290       189       
2      458       352       29904     52        119       
1      628       600       29904     189       280       
2      1068      1206      29904     291       192       
1      394       410       29904     100       52        
2      904       695       29904     290       189       
3      677       559       29905     189       189       
3      677       559       29905     189       189       
3      948       748       29905     290       290       
3      948       748       29905     290       290       
1      1012      699       29905     84        290       
1      812       698       29905     290       189       
1      364       333       29905     299       119       
2      580       737       29905     189       189       
1      621       627       29905     280       189       
1      554       504       29905     189       52        
1      397       485       29905     168       189       
1      840       650       29906     290       189       
2      768       769       29906     290       290       
3      695       758       29906     189       131       
1      678       776       29906     290       131       
1      434       486       29907     52        199       
1      556       676       29907     199       189       
2      701       575       29907     290       189       
1      1011      904       29907     84        290       
3      480       579       29907     52        189       
3      580       116       29908     189       9         
3      580       116       29908     189       9         
1      923       1244      29908     290       192       
3      527       544       29908     52        52        
1      1048      881       29908     291       290       
1      488       652       29909     199       189       
1      804       698       29909     291       189       
1      461       629       29909     189       189       
1      1087      850       29909     291       291       
1      768       884       29910     290       290       
2      767       675       29910     290       189       
1      656       991       29910     290       290       
1      559       580       29910     189       189       
1      574       438       29910     189       100       
1      666       579       29910     131       189       
3      767       675       29910     290       189       
2      947       1208      29910     290       192       
3      947       1208      29910     290       192       
