COLUMNS

passenger_count
pickup_ID
dropoff_ID
request_time_sec
pickup_district
dropoff_district
LDuals
IDuals
vehicle_ID
pick_position
drop_position

REQUESTS_INFO
2      981       805       29481     291       291       231       231       2         1         2         
1      478       545       29477     52        52        114       114       4         1         2         
3      1140      1192      29461     84        129       217       217       5         1         3         
2      792       628       29404     290       189       216       216       21        1         2         
1      894       857       29474     291       290       206       206       29        1         2         
1      917       938       29476     291       291       193       193       36        1         2         
1      810       602       29471     290       189       157       157       37        1         2         
1      992       1053      29398     290       84        305       305       47        1         2         
1      256       466       29370     87        199       309       309       52        1         2         
3      793       904       29460     290       290       207       207       61        1         2         
3      873       1045      29373     291       291       296       296       63        1         3         
1      873       438       29474     291       100       193       193       63        2         4         
1      894       693       29391     291       280       289       289       65        2         3         
1      31        116       29483     9         9         119       119       80        1         3         
1      984       535       29476     291       189       248       248       81        1         3         
2      355       249       29451     119       266       187       187       85        1         3         
2      771       728       29465     290       290       161       161       98        1         2         
1      1230      1053      29439     129       84        222       222       141       1         3         
3      1556      1519      29444     296       296       246       246       147       1         2         
1      833       924       29484     50        290       157       157       154       1         3         
1      571       410       29484     52        52        114       114       158       1         2         
3      1168      982       29430     291       291       276       276       209       1         2         
1      273       408       29459     206       299       223       223       211       1         3         
2      372       358       29411     119       168       206       206       221       1         3         
2      1140      1192      29461     84        129       217       217       222       1         3         
1      391       408       29410     52        299       241       241       242       1         3         
1      391       721       29478     52        290       173       173       242       2         4         
1      930       1154      29456     999       129       230       230       243       1         3         
3      1225      925       29474     192       290       218       218       251       1         2         
1      950       749       29418     290       290       232       232       324       1         4         
1      950       817       29475     290       290       212       212       324       2         3         
1      863       601       29382     290       189       293       293       327       1         3         
3      712       627       29374     131       189       260       260       334       1         2         
1      874       720       29402     291       290       273       273       362       1         2         
3      409       544       29488     52        52        132       132       364       1         3         
1      373       604       29393     119       189       226.5     226.5     369       1         4         
1      373       508       29417     119       199       202.5     202.5     369       2         3         
1      158       203       29475     174       87        190       190       373       1         2         
2      313       504       29444     87        52        207       207       381       1         2         
1      757       738       29465     131       189       155       155       421       1         3         
3      1556      1519      29444     296       296       246       246       435       1         2         
1      143       375       29414     54        119       270       270       436       1         2         
1      860       602       29479     290       189       185       185       445       1         3         
1      455       576       29459     52        189       140       140       447       1         2         
1      1044      789       29471     291       290       220       220       458       1         4         
1      902       526       29041     50        52        626       626       459       1         3         
1      1149      1011      29402     291       84        250       250       460       2         5         
1      970       529       29481     290       189       192       192       467       1         3         
2      365       627       29446     299       189       154       154       473       1         4         
1      813       992       29255     290       290       395       395       478       1         3         
3      1107      1263      29461     291       192       273       273       482       1         3         
3      476       505       29430     52        52        220       220       487       1         3         
3      1529      116       29479     296       9         170       170       515       2         3         
1      970       882       29484     290       290       189       189       519       1         2         
1      860       829       29450     290       50        214       214       532       1         2         
1      723       576       29466     290       189       115       115       547       1         4         
1      513       1263      29478     199       192       94        94        549       1         3         
3      840       928       29328     290       290       329       329       551       1         3         
2      1031      669       29483     50        280       214       214       552       1         3         
1      804       443       29489     291       168       147       147       553       1         3         
4      328       626       29323     299       189       336       336       562       1         2         
2      505       535       29484     52        189       132       132       564       1         2         
1      397       576       29462     168       189       113       113       576       1         2         
1      1067      980       29350     291       291       288       288       579       1         2         
1      621       555       29479     280       199       112       112       592       1         2         
1      1120      917       29463     84        291       230.5     230.5     614       1         3         
4      909       842       29149     290       290       553       553       640       1         2         
3      679       829       29329     290       50        278       278       661       1         2         
1      305       11        29444     299       999       209       209       663       1         2         
1      354       184       29488     119       87        138       138       676       1         2         
1      790       605       29465     290       189       146       146       685       1         4         
1      959       1217      29446     291       84        253       253       686       1         3         
1      833       577       29442     50        189       199       199       695       1         2         
1      927       837       29463     290       290       149       149       696       1         2         
1      498       742       29437     52        290       201       201       718       1         2         
1      991       1428      29416     290       999       161       161       756       1         3         
1      366       716       29475     299       189       161       161       765       1         3         
1      42        247       29424     999       266       166       166       767       1         2         
2      862       698       29450     290       189       240       240       792       1         2         
4      917       662       29373     291       131       304       304       794       1         2         
3      888       951       29436     290       290       247       247       800       1         2         
1      1005      718       29460     50        189       222       222       805       1         3         
1      1148      1225      29449     291       192       229       229       806       1         3         
1      237       928       29434     87        290       258       258       811       1         3         
2      850       959       29471     291       291       194       194       822       1         2         
1      905       783       29407     290       50        171       171       838       1         3         
2      1284      1355      29437     129       129       206       206       842       1         4         
1      1171      1357      29486     192       129       228       228       842       2         3         
3      1027      598       29403     50        189       333       333       843       1         3         
3      861       916       29418     290       291       254       254       845       1         3         
1      643       663       29487     131       131       113       113       864       1         2         
1      829       574       29460     50        189       173       173       873       1         3         
1      655       601       29464     189       189       118       118       881       1         2         
4      968       903       29393     290       290       280       280       888       1         2         
4      950       1026      29370     290       291       335       335       889       1         2         
3      1027      598       29403     50        189       333       333       891       1         3         
2      308       575       29450     127       189       225       225       904       1         3         
1      837       959       29444     290       291       176       176       915       1         3         
3      1225      925       29474     192       290       218       218       940       1         3         
2      795       483       29390     290       189       246       246       953       1         3         
3      1107      1263      29461     291       192       273       273       965       1         3         
1      894       1024      29434     291       291       190       190       987       1         2         
3      480       325       29432     52        299       181       181       1007      1         3         
1      985       620       29354     50        131       331       331       1010      1         3         
1      523       722       29441     52        290       135       135       1022      1         4         
1      961       779       29264     291       131       447       447       1026      1         3         
3      374       408       29445     119       299       200       200       1039      1         3         
1      884       884       29465     290       290       158       158       1048      1         2         
1      984       324       29469     291       299       255       255       1051      2         4         
1      216       1120      29477     178       84        206       206       1080      1         2         
2      1128      805       29338     291       291       375       375       1081      1         3         
2      873       1169      29477     291       291       190       190       1084      1         3         
1      1210      983       29464     129       291       198       198       1088      1         2         
1      817       466       29462     290       199       190       190       1105      1         2         
2      348       619       29439     299       131       236       236       1115      1         3         
1      1151      1003      29441     291       291       232       232       1119      1         2         
1      811       1150      29471     290       291       141       141       1122      1         3         
1      199       311       29411     178       87        315       315       1157      1         2         
1      179       581       29417     178       189       325       325       1163      1         3         
1      351       208       29487     52        286       183       183       1167      1         2         
3      723       655       29483     290       189       118       118       1177      1         2         
1      871       1024      29388     291       291       245       245       1178      1         3         
3      1001      923       29400     291       290       325       325       1181      1         2         
2      377       726       29462     168       290       155       155       1193      1         2         
1      1269      1303      29466     129       129       199       199       1195      1         2         
1      350       604       29484     127       189       165       165       1200      1         4         
1      758       605       29394     131       189       237       237       1233      1         3         
2      409       544       29488     52        52        132       132       1249      1         2         
2      235       443       29452     87        168       211       211       1254      1         3         
1      236       904       29488     87        290       209       209       1254      2         5         
1      521       372       29456     52        119       162       162       1257      1         2         
4      1267      1090      29401     129       291       283       283       1276      1         2         
2      995       1265      29464     84        192       256       256       1277      1         2         
3      959       605       29352     291       189       347       347       1282      1         3         
1      1000      651       29406     291       189       297       297       1302      1         4         
3      1001      923       29400     291       290       325       325       1302      2         3         
3      208       673       29431     286       189       168       168       1319      1         2         
3      173       269       29476     286       127       129       129       1328      1         3         
1      788       421       29478     290       168       139       139       1340      1         3         
1      960       559       29473     291       189       215       215       1349      1         3         
1      862       580       29452     290       189       238       238       1361      1         3         
1      758       672       29477     131       189       154       154       1372      1         2         
2      1417      670       29467     129       280       179       179       1378      1         2         
1      354       558       29410     119       189       220       220       1382      1         3         
1      354       737       29467     119       189       163       163       1382      2         4         
1      292       805       29477     87        291       134       134       1384      1         3         
3      874       1529      29361     291       296       314       314       1405      1         3         
3      793       904       29460     290       290       207       207       1409      1         2         
2      702       48        29465     290       98        153       153       1412      1         3         
2      556       647       29480     199       280       118       118       1415      1         3         
1      909       605       29476     290       189       202       202       1416      1         3         
1      1149      833       29385     291       50        314       314       1417      1         4         
3      1047      1024      29265     291       291       444       444       1492      1         2         
2      723       837       29490     290       290       0         0         0         0         0         
3      723       837       29490     290       290       0         0         0         0         0         
1      1047      530       29490     291       189       0         0         0         0         0         
1      662       669       29490     131       280       0         0         0         0         0         
1      442       377       29490     168       168       0         0         0         0         0         
1      438       671       29490     100       280       0         0         0         0         0         
1      913       1529      29490     291       296       0         0         0         0         0         
1      667       643       29491     131       131       0         0         0         0         0         
1      46        30        29491     98        9         0         0         0         0         0         
1      236       484       29491     87        189       0         0         0         0         0         
1      749       701       29492     290       290       0         0         0         0         0         
1      251       414       29492     127       100       0         0         0         0         0         
1      306       393       29492     299       52        0         0         0         0         0         
1      134       671       29492     9         280       0         0         0         0         0         
1      523       116       29492     52        9         0         0         0         0         0         
1      632       906       29492     189       290       0         0         0         0         0         
1      842       556       29492     290       199       0         0         0         0         0         
1      372       600       29493     119       280       0         0         0         0         0         
1      1004      626       29493     291       189       0         0         0         0         0         
1      924       627       29493     290       189       0         0         0         0         0         
1      655       904       29493     189       290       0         0         0         0         0         
2      929       489       29494     290       199       0         0         0         0         0         
1      441       628       29494     168       189       0         0         0         0         0         
4      628       743       29494     189       290       0         0         0         0         0         
1      759       693       29494     131       280       0         0         0         0         0         
1      307       353       29495     127       119       0         0         0         0         0         
2      647       628       29495     280       189       0         0         0         0         0         
1      770       652       29495     290       189       0         0         0         0         0         
3      438       600       29496     100       280       0         0         0         0         0         
2      438       600       29496     100       280       0         0         0         0         0         
1      526       765       29496     52        290       0         0         0         0         0         
1      556       504       29496     199       52        0         0         0         0         0         
2      693       527       29496     280       52        0         0         0         0         0         
1      690       431       29496     131       52        0         0         0         0         0         
1      441       669       29496     168       280       0         0         0         0         0         
1      603       761       29497     189       50        0         0         0         0         0         
2      676       582       29497     189       189       0         0         0         0         0         
1      312       50        29498     87        999       0         0         0         0         0         
1      621       721       29498     280       290       0         0         0         0         0         
1      972       815       29498     290       290       0         0         0         0         0         
1      436       529       29498     100       189       0         0         0         0         0         
1      465       232       29499     199       266       0         0         0         0         0         
1      674       604       29499     189       189       0         0         0         0         0         
1      992       782       29499     290       291       0         0         0         0         0         
3      509       721       29499     199       290       0         0         0         0         0         
3      509       721       29499     199       290       0         0         0         0         0         
2      256       504       29499     87        52        0         0         0         0         0         
3      60        415       29499     9         100       0         0         0         0         0         
1      737       675       29500     189       189       0         0         0         0         0         
2      556       507       29500     199       189       0         0         0         0         0         
1      460       193       29500     189       266       0         0         0         0         0         
2      334       555       29500     119       199       0         0         0         0         0         
1      700       926       29500     290       290       0         0         0         0         0         
1      693       676       29500     280       189       0         0         0         0         0         
1      989       770       29500     50        290       0         0         0         0         0         
1      674       859       29501     189       290       0         0         0         0         0         
1      980       717       29501     291       189       0         0         0         0         0         
1      1107      1045      29501     291       291       0         0         0         0         0         
3      527       535       29501     52        189       0         0         0         0         0         
1      652       727       29501     189       290       0         0         0         0         0         
1      1010      755       29502     290       131       0         0         0         0         0         
1      928       696       29502     290       189       0         0         0         0         0         
3      969       794       29502     290       290       0         0         0         0         0         
1      287       287       29502     299       299       0         0         0         0         0         
1      618       873       29502     131       291       0         0         0         0         0         
1      642       578       29502     131       189       0         0         0         0         0         
1      413       651       29503     52        189       0         0         0         0         0         
2      31        499       29503     9         52        0         0         0         0         0         
1      621       624       29503     280       189       0         0         0         0         0         
1      780       616       29503     291       131       0         0         0         0         0         
1      236       412       29503     87        52        0         0         0         0         0         
1      556       738       29503     199       189       0         0         0         0         0         
2      508       694       29504     199       189       0         0         0         0         0         
1      47        629       29504     98        189       0         0         0         0         0         
1      989       969       29504     50        290       0         0         0         0         0         
3      115       429       29505     9         999       0         0         0         0         0         
1      274       305       29505     87        299       0         0         0         0         0         
1      313       148       29505     87        178       0         0         0         0         0         
2      1176      1091      29505     129       291       0         0         0         0         0         
3      1176      1091      29505     129       291       0         0         0         0         0         
2      134       303       29505     9         299       0         0         0         0         0         
1      857       529       29505     290       189       0         0         0         0         0         
1      723       232       29505     290       266       0         0         0         0         0         
1      527       760       29505     52        291       0         0         0         0         0         
1      788       815       29506     290       290       0         0         0         0         0         
3      923       627       29506     290       189       0         0         0         0         0         
1      607       670       29506     189       280       0         0         0         0         0         
1      331       696       29506     127       189       0         0         0         0         0         
1      896       980       29506     291       291       0         0         0         0         0         
1      700       725       29506     290       290       0         0         0         0         0         
3      923       627       29506     290       189       0         0         0         0         0         
1      884       781       29506     290       291       0         0         0         0         0         
1      556       416       29506     199       100       0         0         0         0         0         
1      702       767       29506     290       290       0         0         0         0         0         
1      503       391       29507     52        52        0         0         0         0         0         
1      769       653       29507     290       189       0         0         0         0         0         
1      716       674       29507     189       189       0         0         0         0         0         
3      858       631       29507     290       189       0         0         0         0         0         
1      961       602       29507     291       189       0         0         0         0         0         
2      858       631       29507     290       189       0         0         0         0         0         
3      576       721       29507     189       290       0         0         0         0         0         
2      576       721       29507     189       290       0         0         0         0         0         
1      693       617       29508     280       131       0         0         0         0         0         
3      419       171       29508     168       286       0         0         0         0         0         
2      171       717       29508     286       189       0         0         0         0         0         
1      502       624       29508     52        189       0         0         0         0         0         
2      152       324       29508     9         299       0         0         0         0         0         
1      621       834       29508     280       290       0         0         0         0         0         
1      1013      1180      29508     84        84        0         0         0         0         0         
3      419       171       29508     168       286       0         0         0         0         0         
1      633       551       29510     189       189       0         0         0         0         0         
1      749       924       29510     290       290       0         0         0         0         0         
1      410       624       29510     52        189       0         0         0         0         0         
2      498       840       29510     52        290       0         0         0         0         0         
1      191       430       29511     266       52        0         0         0         0         0         
1      695       905       29511     189       290       0         0         0         0         0         
1      459       291       29511     189       87        0         0         0         0         0         
1      738       575       29511     189       189       0         0         0         0         0         
2      724       772       29511     290       290       0         0         0         0         0         
1      118       673       29512     286       189       0         0         0         0         0         
1      654       558       29512     189       189       0         0         0         0         0         
1      772       722       29512     290       290       0         0         0         0         0         
1      1095      1339      29512     84        129       0         0         0         0         0         
1      523       134       29512     52        9         0         0         0         0         0         
2      717       734       29513     189       131       0         0         0         0         0         
1      812       627       29513     290       189       0         0         0         0         0         
1      197       408       29513     178       299       0         0         0         0         0         
1      624       710       29513     189       131       0         0         0         0         0         
1      992       925       29513     290       290       0         0         0         0         0         
3      485       374       29513     189       119       0         0         0         0         0         
2      485       374       29513     189       119       0         0         0         0         0         
1      463       984       29514     168       291       0         0         0         0         0         
2      134       48        29514     9         98        0         0         0         0         0         
1      669       408       29514     280       299       0         0         0         0         0         
1      771       511       29514     290       199       0         0         0         0         0         
1      504       117       29514     52        286       0         0         0         0         0         
1      694       488       29514     189       199       0         0         0         0         0         
1      1066      1206      29514     291       192       0         0         0         0         0         
1      527       421       29514     52        168       0         0         0         0         0         
1      624       333       29514     189       119       0         0         0         0         0         
1      718       238       29514     189       87        0         0         0         0         0         
3      883       836       29514     290       290       0         0         0         0         0         
2      883       836       29514     290       290       0         0         0         0         0         
3      328       600       29514     299       280       0         0         0         0         0         
3      328       600       29514     299       280       0         0         0         0         0         
1      504       439       29514     52        189       0         0         0         0         0         
1      907       815       29515     290       290       0         0         0         0         0         
3      668       813       29515     280       290       0         0         0         0         0         
2      668       813       29515     280       290       0         0         0         0         0         
1      801       1462      29515     291       296       0         0         0         0         0         
1      1031      1001      29515     50        291       0         0         0         0         0         
1      737       937       29515     189       291       0         0         0         0         0         
1      666       152       29515     131       9         0         0         0         0         0         
1      693       409       29515     280       52        0         0         0         0         0         
1      417       134       29515     100       9         0         0         0         0         0         
1      606       78        29515     189       9         0         0         0         0         0         
1      990       669       29515     290       280       0         0         0         0         0         
3      788       504       29516     290       52        0         0         0         0         0         
3      667       640       29516     131       131       0         0         0         0         0         
3      667       640       29516     131       131       0         0         0         0         0         
1      510       668       29516     199       280       0         0         0         0         0         
1      64        199       29516     98        178       0         0         0         0         0         
1      438       522       29517     100       52        0         0         0         0         0         
1      418       557       29517     168       189       0         0         0         0         0         
3      48        652       29517     98        189       0         0         0         0         0         
2      969       789       29517     290       290       0         0         0         0         0         
2      504       416       29517     52        100       0         0         0         0         0         
1      969       836       29518     290       290       0         0         0         0         0         
1      839       1012      29518     290       84        0         0         0         0         0         
2      663       669       29518     131       280       0         0         0         0         0         
1      1153      1130      29518     50        291       0         0         0         0         0         
1      152       522       29518     9         52        0         0         0         0         0         
1      466       652       29518     199       189       0         0         0         0         0         
1      118       606       29518     286       189       0         0         0         0         0         
1      768       836       29519     290       290       0         0         0         0         0         
3      968       949       29519     290       290       0         0         0         0         0         
1      250       417       29519     127       100       0         0         0         0         0         
3      968       949       29519     290       290       0         0         0         0         0         
1      512       20        29519     199       98        0         0         0         0         0         
