COLUMNS

passenger_count
pickup_ID
dropoff_ID
request_time_sec
pickup_district
dropoff_district

REQUESTS_INFO
3      330       235       29760     127       87        
1      441       608       29760     168       189       
1      703       10        29760     290       98        
2      755       827       29760     131       291       
1      959       1211      29760     291       129       
1      143       350       29760     54        127       
2      582       378       29760     189       168       
1      499       526       29761     52        52        
1      388       922       29761     299       50        
1      229       79        29761     266       98        
1      476       692       29761     52        280       
3      1225      627       29761     192       189       
1      969       534       29761     290       199       
2      1225      627       29761     192       189       
1      598       717       29762     189       189       
1      802       896       29762     291       291       
1      1325      1193      29762     129       129       
2      134       285       29762     9         299       
3      257       437       29763     87        100       
3      118       304       29763     286       299       
1      1001      674       29763     291       189       
1      1131      1109      29763     291       291       
1      812       792       29763     290       290       
3      870       532       29763     291       199       
3      894       545       29763     291       52        
2      870       532       29763     291       199       
2      894       545       29763     291       52        
2      926       630       29764     290       189       
3      926       630       29764     290       189       
3      715       575       29764     131       189       
3      715       575       29764     131       189       
1      337       671       29764     277       280       
1      534       605       29764     199       189       
1      928       721       29764     290       290       
1      375       511       29765     119       199       
3      772       61        29765     290       98        
1      43        189       29765     9         286       
1      236       374       29765     87        119       
2      810       649       29765     290       189       
3      1025      722       29765     291       290       
2      1025      722       29765     291       290       
2      331       271       29765     127       127       
1      571       498       29766     52        52        
1      882       940       29766     290       291       
2      1195      990       29766     129       290       
2      598       602       29766     189       189       
1      213       556       29766     266       199       
1      376       578       29766     168       189       
3      914       646       29766     291       280       
2      914       646       29766     291       280       
3      560       779       29766     189       131       
2      560       779       29766     189       131       
1      285       545       29766     299       52        
1      947       722       29767     290       290       
1      915       1010      29767     291       290       
1      677       651       29767     189       189       
4      645       674       29767     280       189       
1      199       369       29767     178       52        
1      959       626       29767     291       189       
3      654       604       29767     189       189       
3      654       604       29767     189       189       
1      1254      1144      29768     84        84        
1      535       358       29768     189       168       
1      509       412       29768     199       52        
2      898       884       29768     50        290       
1      768       632       29769     290       189       
1      947       838       29769     290       290       
3      504       629       29769     52        189       
1      804       621       29769     291       280       
1      287       391       29769     299       52        
1      654       772       29769     189       290       
3      504       629       29769     52        189       
2      498       285       29770     52        299       
1      618       692       29770     131       280       
1      372       356       29770     119       119       
1      527       748       29770     52        290       
1      1026      870       29770     291       291       
2      389       475       29770     299       52        
1      1088      1130      29770     291       291       
1      1066      1475      29771     291       296       
1      632       370       29771     189       52        
1      551       421       29771     189       168       
3      992       620       29771     290       131       
2      992       620       29771     290       131       
1      837       1102      29771     290       84        
1      792       673       29771     290       189       
4      556       718       29772     199       189       
1      632       884       29772     189       290       
1      1148      1337      29772     291       129       
1      506       483       29772     189       189       
1      388       232       29772     299       266       
1      349       193       29773     127       266       
1      81        172       29773     98        286       
1      599       460       29774     280       189       
1      529       633       29774     189       189       
1      710       526       29774     131       52        
2      969       1046      29774     290       291       
3      969       1046      29774     290       291       
2      201       10        29774     87        98        
1      330       193       29775     127       266       
1      605       593       29775     189       52        
1      488       608       29775     199       189       
1      680       602       29775     290       189       
1      238       825       29776     87        291       
1      850       1088      29776     291       291       
1      859       760       29776     290       291       
1      484       627       29776     189       189       
2      596       685       29777     131       999       
2      782       534       29777     291       199       
1      744       674       29777     290       189       
1      395       376       29777     100       168       
2      783       968       29777     50        290       
1      461       697       29778     189       189       
2      549       693       29778     52        280       
1      791       624       29778     290       189       
1      881       969       29778     290       290       
1      700       772       29778     290       290       
1      331       99        29778     127       286       
1      504       416       29778     52        100       
1      175       433       29778     266       52        
2      21        603       29778     98        189       
1      421       598       29778     168       189       
1      256       510       29778     87        199       
1      304       415       29778     299       100       
1      331       275       29779     127       87        
4      247       304       29780     266       299       
3      230       579       29780     266       189       
2      418       558       29780     168       189       
3      418       558       29780     168       189       
2      230       579       29780     266       189       
1      886       508       29781     290       199       
1      1031      946       29781     50        290       
3      896       896       29781     291       291       
1      527       439       29781     52        189       
1      746       116       29781     290       9         
1      980       834       29782     291       290       
2      462       172       29782     189       286       
1      788       652       29782     290       189       
3      462       172       29782     189       286       
1      337       673       29782     277       189       
2      738       527       29783     189       52        
1      349       576       29783     127       189       
1      968       1069      29783     290       291       
1      455       671       29784     52        280       
1      885       620       29784     290       131       
1      78        165       29784     9         178       
1      1432      627       29784     129       189       
1      680       893       29784     290       291       
3      60        557       29784     9         189       
2      60        557       29784     9         189       
2      991       726       29785     290       290       
3      276       460       29785     87        189       
3      276       460       29785     87        189       
1      374       328       29785     119       299       
1      748       806       29785     290       50        
1      960       1225      29785     291       192       
2      458       628       29785     52        189       
1      768       760       29786     290       291       
2      969       781       29786     290       291       
1      968       720       29786     290       290       
1      556       575       29787     199       189       
1      333       545       29787     119       52        
2      279       389       29787     87        299       
1      332       488       29787     87        199       
1      819       556       29787     999       199       
3      485       458       29787     189       52        
1      152       578       29787     9         189       
1      291       580       29788     87        189       
3      948       882       29788     290       290       
1      481       648       29788     189       189       
1      579       408       29788     189       299       
1      814       652       29788     290       189       
1      479       393       29788     52        52        
1      397       551       29788     168       189       
2      948       882       29788     290       290       
3      1148      748       29789     291       290       
3      1148      748       29789     291       290       
2      849       694       29789     291       189       
1      1308      1025      29789     129       291       
2      927       508       29789     290       199       
2      1107      805       29790     291       291       
1      526       398       29790     52        168       
1      651       484       29790     189       189       
1      125       391       29790     54        52        
1      627       718       29790     189       189       
1      744       748       29790     290       290       
1      771       47        29790     290       98        
1      579       692       29790     189       280       
2      728       296       29790     290       277       
3      607       576       29790     189       189       
3      607       576       29790     189       189       
