COLUMNS

passenger_count
pickup_ID
dropoff_ID
request_time_sec
pickup_district
dropoff_district
LDuals
IDuals
vehicle_ID
pick_position
drop_position

REQUESTS_INFO
3      861       692       29224     290       280       139       139       308       1         2         
3      668       805       29250     280       291       0         0         0         0         0         
1      902       738       29250     50        189       0         0         0         0         0         
1      390       155       29250     52        286       0         0         0         0         0         
2      668       805       29250     280       291       0         0         0         0         0         
3      314       421       29253     119       168       0         0         0         0         0         
1      351       723       29253     52        290       0         0         0         0         0         
1      721       573       29253     290       189       0         0         0         0         0         
1      482       1032      29253     189       84        0         0         0         0         0         
3      314       421       29253     119       168       0         0         0         0         0         
1      531       1227      29254     189       192       0         0         0         0         0         
3      736       861       29254     131       290       0         0         0         0         0         
3      454       393       29255     52        52        0         0         0         0         0         
3      454       393       29255     52        52        0         0         0         0         0         
1      213       203       29255     266       87        0         0         0         0         0         
1      906       1011      29255     290       84        0         0         0         0         0         
1      645       695       29256     280       189       0         0         0         0         0         
1      700       679       29256     290       290       0         0         0         0         0         
1      441       230       29257     168       266       0         0         0         0         0         
1      413       531       29257     52        189       0         0         0         0         0         
1      747       557       29261     290       189       0         0         0         0         0         
1      511       928       29261     199       290       0         0         0         0         0         
1      885       526       29261     290       52        0         0         0         0         0         
1      433       697       29262     52        189       0         0         0         0         0         
2      842       723       29262     290       290       0         0         0         0         0         
3      842       723       29262     290       290       0         0         0         0         0         
1      720       549       29263     290       52        0         0         0         0         0         
1      1120      1292      29263     84        84        0         0         0         0         0         
1      1027      351       29263     50        52        0         0         0         0         0         
1      736       218       29267     131       87        0         0         0         0         0         
1      454       413       29269     52        52        0         0         0         0         0         
1      608       771       29269     189       290       0         0         0         0         0         
1      848       233       29269     291       206       0         0         0         0         0         
1      646       527       29269     280       52        0         0         0         0         0         
3      511       813       29270     199       290       0         0         0         0         0         
1      171       674       29270     286       189       0         0         0         0         0         
3      511       813       29270     199       290       0         0         0         0         0         
1      747       968       29271     290       290       0         0         0         0         0         
1      717       580       29272     189       189       0         0         0         0         0         
1      829       605       29272     50        189       0         0         0         0         0         
2      980       1281      29272     291       192       0         0         0         0         0         
1      772       335       29273     290       119       0         0         0         0         0         
1      396       458       29273     119       52        0         0         0         0         0         
1      912       760       29273     291       291       0         0         0         0         0         
3      748       819       29274     290       999       0         0         0         0         0         
3      748       819       29274     290       999       0         0         0         0         0         
3      790       1005      29274     290       50        0         0         0         0         0         
3      790       1005      29274     290       50        0         0         0         0         0         
1      119       230       29276     286       266       0         0         0         0         0         
3      886       925       29277     290       290       0         0         0         0         0         
3      886       925       29277     290       290       0         0         0         0         0         
1      833       828       29277     50        291       0         0         0         0         0         
