COLUMNS

passenger_count
pickup_ID
dropoff_ID
request_time_sec
pickup_district
dropoff_district
LDuals
IDuals
vehicle_ID
pick_position
drop_position

REQUESTS_INFO
1      1207      1326      31255     192       129       219.5     219.5     3         1         3         
1      946       696       31244     290       189       302.5     302.5     18        1         3         
1      352       386       31200     119       299       188       188       21        1         3         
1      455       213       31274     52        266       160       160       31        1         3         
1      700       748       31279     290       290       158       158       38        1         4         
3      703       558       31260     290       189       215       215       39        1         3         
2      420       202       31257     168       87        208       208       46        1         2         
1      974       769       31261     84        290       266.5     266.5     47        1         4         
1      463       416       31245     168       100       204       204       54        1         2         
1      1048      1218      31182     291       84        373.5     373.5     60        1         4         
1      837       605       31207     290       189       293.5     293.5     66        1         3         
3      913       981       31266     291       291       256.5     256.5     76        1         2         
1      390       286       31143     52        299       330       330       86        1         3         
3      347       120       31265     299       57        228       228       90        1         3         
1      1053      213       31265     84        266       326.5     326.5     97        1         4         
1      376       558       31154     168       189       271       271       103       1         3         
1      981       615       31230     291       131       322       322       105       2         5         
1      1023      1065      31230     291       291       334.5     334.5     112       1         3         
2      1023      1245      31280     291       192       303.5     303.5     112       2         4         
1      894       717       31248     291       189       204       204       114       1         4         
1      949       35        31201     290       98        355.5     355.5     122       1         3         
1      375       389       31261     119       299       191       191       126       1         2         
1      548       158       31286     52        174       153       153       128       1         3         
1      882       604       31213     290       189       251.5     251.5     129       1         4         
1      757       691       31286     131       131       148       148       131       1         2         
4      886       600       31074     290       280       492.5     492.5     133       1         2         
1      781       711       31288     291       131       187       187       138       1         2         
1      727       817       31264     290       290       229       229       142       1         2         
3      803       116       31263     291       9         240       240       155       1         3         
1      306       254       31230     299       87        273       273       158       1         2         
3      211       417       31287     266       100       129       129       162       1         2         
1      326       530       31234     299       189       274       274       164       1         3         
3      904       991       31127     290       290       403       403       166       1         2         
2      812       969       31267     290       290       215       215       172       1         4         
1      712       534       31267     131       199       169       169       179       1         2         
3      864       849       31114     290       291       432       432       182       1         2         
1      959       1048      30983     291       291       585.5     585.5     189       1         3         
1      702       373       31234     290       119       210       210       201       1         4         
3      828       1225      31281     291       192       259       259       205       1         2         
1      992       1129      30701     290       291       897.5     897.5     206       1         3         
3      304       430       31274     299       52        225       225       211       1         3         
1      304       554       31287     299       189       174       174       211       2         4         
3      805       857       31275     291       290       213       213       222       1         2         
4      924       674       31269     290       189       257.5     257.5     227       1         2         
1      1078      679       31284     84        290       286.5     286.5     230       1         4         
1      1037      994       31205     84        84        380.5     380.5     230       2         3         
1      677       536       31276     189       189       136       136       256       1         3         
1      632       924       31279     189       290       146       146       260       1         3         
3      727       699       31286     290       290       223       223       260       2         4         
3      992       1199      31156     290       84        442.5     442.5     261       1         3         
1      992       1056      31203     290       84        352.5     352.5     261       2         4         
1      951       1013      30862     290       84        705       705       275       1         2         
1      768       882       31260     290       290       211       211       277       1         4         
1      308       719       31288     127       189       184       184       279       1         2         
1      397       81        31241     168       98        187       187       286       1         3         
1      1046      1128      31144     291       291       417.5     417.5     294       1         2         
1      375       390       31266     119       52        186       186       308       1         2         
3      926       673       31282     290       189       288       288       312       1         2         
1      376       35        31235     168       98        248       248       316       1         3         
1      1001      874       30791     291       291       770.5     770.5     319       2         3         
1      925       748       31150     290       290       393.5     393.5     341       1         3         
3      513       295       31262     199       87        160       160       344       1         2         
1      704       1032      31236     290       84        253       253       359       1         4         
1      304       64        31287     299       98        177       177       373       1         3         
3      598       647       31236     189       280       178       178       374       1         2         
3      1088      1086      31218     291       291       337.5     337.5     380       1         2         
1      1068      738       31227     291       189       349.5     349.5     386       1         3         
1      837       46        31225     290       98        275.5     275.5     387       1         4         
3      926       673       31282     290       189       288       288       387       2         3         
1      724       581       31204     290       189       228       228       397       1         4         
4      725       1015      31281     290       84        198       198       413       1         2         
1      485       232       31287     189       266       151       151       417       1         3         
1      679       768       31262     290       290       208       208       423       1         4         
2      527       926       31279     52        290       160       160       425       1         4         
3      347       120       31265     299       57        228       228       427       1         3         
1      886       575       31237     290       189       326       326       428       1         4         
1      308       267       31273     127       266       144       144       430       1         4         
1      304       674       31275     299       189       186       186       439       1         3         
1      913       916       31147     291       291       375.5     375.5     440       1         3         
2      913       981       31266     291       291       245       245       440       2         4         
1      527       412       31275     52        52        175       175       444       1         3         
3      908       815       31266     290       290       321       321       446       1         2         
1      925       945       31234     290       50        309.5     309.5     447       1         2         
1      1091      1128      31264     291       291       215       215       451       1         3         
2      1025      794       30940     291       290       631       631       455       2         3         
3      1001      626       31173     291       189       388.5     388.5     458       1         4         
1      1001      922       31216     291       50        351.5     351.5     458       2         3         
4      842       741       31021     290       50        553       553       460       1         2         
2      1025      720       31057     291       290       464.5     464.5     469       1         4         
3      967       606       31141     50        189       435.5     435.5     471       1         3         
2      937       812       31216     291       290       258       258       475       1         4         
1      441       534       31215     168       199       233       233       478       1         3         
1      750       604       31262     999       189       264       264       487       1         3         
1      462       526       31261     189       52        177       177       501       1         3         
1      665       437       31276     131       100       182       182       509       1         2         
1      732       1250      31265     131       129       203       203       510       1         3         
1      927       527       31281     290       52        271       271       524       1         4         
1      805       626       31191     291       189       216       216       528       1         3         
1      218       697       31268     87        189       170       170       534       1         4         
1      1542      939       31277     296       291       114       114       536       1         3         
1      742       882       31263     290       290       151       151       539       1         3         
1      862       770       31261     290       290       297       297       543       1         2         
4      1078      1054      31188     84        84        389.5     389.5     545       1         2         
1      771       35        31270     290       98        171       171       548       1         4         
1      794       20        31242     290       98        235       235       548       2         5         
1      485       671       31288     189       280       157       157       551       1         3         
1      767       857       31252     290       290       201       201       557       1         2         
1      1065      981       31232     291       291       329.5     329.5     564       1         2         
1      163       108       31281     178       178       153       153       574       1         2         
1      330       532       31264     127       199       231       231       578       1         2         
1      970       958       31026     290       291       549.5     549.5     580       1         3         
3      970       721       31005     290       290       527.5     527.5     580       2         4         
2      1046      671       31156     291       280       405.5     405.5     588       1         3         
2      292       399       31262     87        168       143       143       592       1         3         
1      945       720       31208     50        290       343.5     343.5     597       1         4         
1      945       836       31240     50        290       311.5     311.5     597       2         3         
1      992       652       31224     290       189       307.5     307.5     600       2         4         
3      718       415       31264     189       100       153       153       602       1         3         
3      923       396       31013     290       119       527.5     527.5     614       1         3         
3      647       710       31268     280       131       169       169       623       1         2         
1      1213      1053      31213     129       84        287.5     287.5     627       1         2         
1      484       671       31275     189       280       155       155       628       1         2         
1      945       814       31095     50        290       456.5     456.5     632       1         2         
1      1003      116       31235     291       9         318.5     318.5     635       1         3         
2      1001      675       30973     291       189       594.5     594.5     636       1         3         
3      805       857       31275     291       290       213       213       639       1         3         
1      959       768       31246     291       290       319       319       639       2         4         
1      950       626       31272     290       189       293.5     293.5     647       1         3         
3      861       925       31056     290       290       464       464       650       1         3         
2      268       348       31270     299       299       190       190       651       1         2         
2      631       649       31232     189       189       191       191       655       1         2         
1      981       1422      31270     291       129       282       282       658       1         3         
1      498       153       31266     52        286       167       167       662       1         2         
1      885       604       31156     290       189       370       370       664       1         3         
3      743       651       31280     290       189       173       173       672       1         2         
3      852       771       31042     291       290       416       416       674       1         3         
4      1182      1075      31257     84        84        225.5     225.5     675       1         2         
1      818       1530      31212     290       296       320.5     320.5     697       1         4         
3      962       697       31119     291       189       480       480       711       1         3         
1      961       671       31274     291       280       294       294       711       2         4         
1      331       674       31271     127       189       242       242       716       1         2         
3      583       580       31269     189       189       163       163       722       1         2         
1      354       452       31221     119       52        196       196       736       1         4         
1      1095      1180      31283     84        84        261       261       738       1         3         
1      666       392       31264     131       52        191       191       740       1         4         
1      838       604       31226     290       189       298.5     298.5     741       1         3         
1      838       671       31012     290       280       512.5     512.5     741       2         4         
2      296       615       31185     277       131       274       274       744       1         4         
2      296       484       31232     277       189       253       253       744       2         3         
1      950       10        31001     290       98        564.5     564.5     756       2         4         
3      1192      1362      30992     129       129       505.5     505.5     767       1         2         
1      888       188       31230     290       286       313.5     313.5     770       1         4         
1      926       737       31076     290       189       493       493       783       1         4         
1      352       417       31166     119       100       315       315       795       1         2         
3      849       981       31276     291       291       318       318       807       1         3         
1      1148      600       31226     291       280       203       203       814       1         4         
1      453       509       31164     52        199       280       280       829       1         3         
3      1148      802       30971     291       291       552.5     552.5     837       1         4         
1      1127      1088      31259     291       291       296.5     296.5     837       2         3         
1      985       696       31141     50        189       347.5     347.5     843       1         4         
1      1005      782       31245     50        291       250.5     250.5     843       2         3         
1      950       675       31289     290       189       276.5     276.5     847       2         3         
1      1415      603       31289     129       189       114       114       864       1         3         
3      1088      1086      31218     291       291       337.5     337.5     880       1         2         
3      430       732       31157     52        131       287       287       881       1         2         
3      937       1005      31215     291       50        335.5     335.5     898       1         2         
1      804       553       31268     291       189       159       159       899       1         3         
1      455       529       31232     52        189       201       201       927       1         2         
3      803       116       31263     291       9         240       240       928       2         3         
3      1088      992       31281     291       290       274.5     274.5     950       1         3         
3      883       651       31128     290       189       366       366       969       2         4         
3      916       579       31088     291       189       475       475       983       2         4         
3      743       651       31280     290       189       173       173       995       1         2         
1      666       737       31256     131       189       199       199       998       1         2         
1      1153      1151      31231     50        291       261       261       1009      1         3         
1      1090      1054      31174     291       84        433       433       1009      2         4         
1      924       749       31247     290       290       279.5     279.5     1020      1         3         
3      967       606       31141     50        189       435.5     435.5     1020      2         4         
1      1131      917       31244     291       291       303.5     303.5     1029      2         3         
3      771       461       31156     290       189       340       340       1035      1         3         
1      1130      817       31192     291       290       325.5     325.5     1038      1         3         
3      249       98        31173     266       98        328       328       1049      1         3         
2      459       662       31095     189       131       335       335       1050      1         3         
1      312       711       31254     87        131       237       237       1057      1         3         
1      870       1385      31231     291       129       303       303       1065      1         3         
2      905       909       31092     290       290       437       437       1075      2         4         
1      905       857       31278     290       290       250       250       1075      3         5         
2      349       557       31240     127       189       180       180       1077      1         3         
1      1087      838       31252     291       290       305.5     305.5     1089      2         4         
3      812       969       31267     290       290       215       215       1099      1         2         
2      947       748       31219     290       290       336.5     336.5     1104      1         4         
1      993       11        31218     84        999       348.5     348.5     1122      1         4         
2      816       860       31286     290       290       226       226       1134      1         3         
2      863       813       30580     290       290       975       975       1134      2         4         
2      959       1027      31280     291       50        288.5     288.5     1139      1         3         
1      983       741       31228     291       50        303       303       1142      1         4         
1      727       350       31263     290       127       200       200       1159      2         5         
1      180       335       31259     178       119       161       161       1160      1         3         
1      989       602       31107     50        189       460.5     460.5     1162      1         4         
3      959       1027      31280     291       50        288.5     288.5     1163      1         3         
1      959       834       31282     291       290       286.5     286.5     1163      2         4         
3      858       990       31243     290       290       242.5     242.5     1167      1         3         
3      864       648       31152     290       189       394       394       1168      1         2         
1      819       134       31242     999       9         318       318       1183      1         2         
1      792       719       31222     290       189       268.5     268.5     1197      1         3         
1      317       675       31203     277       189       315       315       1208      1         3         
1      870       1505      31275     291       296       259       259       1217      1         2         
1      888       716       31205     290       189       339       339       1225      1         3         
1      888       700       31229     290       290       315       315       1225      2         4         
3      950       573       31119     290       189       446.5     446.5     1237      1         3         
1      947       673       31104     290       189       451.5     451.5     1238      1         3         
1      355       505       31219     119       52        262       262       1260      1         3         
1      889       670       31248     290       280       299       299       1262      1         3         
1      887       747       31253     290       290       298.5     298.5     1271      1         2         
1      1160      624       31195     84        189       247.5     247.5     1280      1         4         
2      1055      1033      31275     84        84        257.5     257.5     1280      2         3         
1      304       249       31251     299       266       223       223       1287      1         2         
1      950       619       31174     290       131       391.5     391.5     1288      1         3         
1      395       504       31278     100       52        139       139       1294      1         2         
1      1047      118       31269     291       286       301.5     301.5     1304      1         3         
2      333       478       31212     119       52        204       204       1307      1         4         
3      703       558       31260     290       189       215       215       1314      1         2         
1      655       46        31283     189       98        131       131       1315      1         3         
1      926       695       31263     290       189       306       306       1317      1         3         
1      1044      737       31212     291       189       339.5     339.5     1331      1         3         
1      1043      643       31277     291       131       320.5     320.5     1331      2         4         
1      887       924       31181     290       290       370.5     370.5     1337      1         2         
1      885       749       31191     290       290       348       348       1339      1         3         
2      727       595       31238     290       131       255       255       1347      1         3         
4      742       811       31279     290       290       162       162       1355      1         2         
2      937       1005      31215     291       50        335.5     335.5     1362      1         3         
3      828       1225      31281     291       192       259       259       1373      1         2         
2      1106      97        31014     291       9         526.5     526.5     1376      1         4         
1      838       722       31169     290       290       355.5     355.5     1379      1         3         
1      800       1025      31232     131       291       271       271       1381      1         3         
3      769       653       31227     290       189       192       192       1382      1         2         
3      783       727       31286     50        290       149       149       1385      1         3         
2      871       872       31146     291       291       369       369       1391      1         2         
1      1023      718       31226     291       189       306.5     306.5     1392      2         5         
1      959       737       31216     291       189       352.5     352.5     1402      1         2         
1      354       332       31238     119       87        206       206       1404      1         2         
1      791       558       31167     290       189       323.5     323.5     1406      1         2         
2      583       580       31269     189       189       163       163       1409      1         2         
1      983       1074      31152     291       84        379       379       1411      1         3         
1      1058      767       31152     84        290       379.5     379.5     1414      1         3         
1      1129      1218      31232     291       84        289.5     289.5     1425      1         4         
2      1088      992       31281     291       290       274.5     274.5     1438      1         3         
2      733       1068      31271     131       291       212       212       1442      1         2         
3      727       699       31286     290       290       223       223       1444      1         3         
1      618       603       31237     131       189       162       162       1445      1         2         
1      304       182       31125     299       178       261       261       1458      1         4         
1      887       604       31266     290       189       285.5     285.5     1459      1         4         
3      804       811       31229     291       290       270       270       1461      1         3         
3      930       512       31055     999       199       498       498       1477      1         2         
1      294       232       31263     87        266       203       203       1478      1         2         
1      925       630       31290     290       189       0         0         0         0         0         
4      757       914       31290     131       291       0         0         0         0         0         
1      896       582       31290     291       189       0         0         0         0         0         
1      802       674       31290     291       189       0         0         0         0         0         
1      712       231       31290     131       266       0         0         0         0         0         
3      772       189       31290     290       286       0         0         0         0         0         
3      772       189       31290     290       286       0         0         0         0         0         
1      892       604       31290     291       189       0         0         0         0         0         
1      368       698       31290     299       189       0         0         0         0         0         
1      909       630       31291     290       189       0         0         0         0         0         
1      908       881       31291     290       290       0         0         0         0         0         
2      481       247       31292     189       266       0         0         0         0         0         
1      285       79        31292     299       98        0         0         0         0         0         
1      556       527       31292     199       52        0         0         0         0         0         
1      768       728       31292     290       290       0         0         0         0         0         
1      948       649       31292     290       189       0         0         0         0         0         
1      330       116       31293     127       9         0         0         0         0         0         
1      771       1141      31293     290       84        0         0         0         0         0         
1      1187      958       31293     291       291       0         0         0         0         0         
1      649       531       31294     189       189       0         0         0         0         0         
1      452       394       31294     52        100       0         0         0         0         0         
1      873       897       31294     291       291       0         0         0         0         0         
2      696       1263      31294     189       192       0         0         0         0         0         
1      719       553       31294     189       189       0         0         0         0         0         
1      693       676       31294     280       189       0         0         0         0         0         
1      1065      859       31294     291       290       0         0         0         0         0         
1      48        416       31294     98        100       0         0         0         0         0         
1      630       440       31294     189       168       0         0         0         0         0         
1      794       630       31295     290       189       0         0         0         0         0         
1      1210      1110      31295     129       291       0         0         0         0         0         
1      555       1011      31295     199       84        0         0         0         0         0         
1      527       308       31295     52        127       0         0         0         0         0         
1      696       329       31295     189       127       0         0         0         0         0         
2      781       915       31295     291       291       0         0         0         0         0         
1      769       697       31295     290       189       0         0         0         0         0         
1      459       116       31296     189       9         0         0         0         0         0         
1      552       521       31296     189       52        0         0         0         0         0         
1      959       780       31296     291       291       0         0         0         0         0         
1      309       285       31296     127       299       0         0         0         0         0         
1      328       158       31296     299       174       0         0         0         0         0         
3      556       649       31296     199       189       0         0         0         0         0         
3      556       649       31296     199       189       0         0         0         0         0         
2      739       621       31297     189       280       0         0         0         0         0         
3      366       576       31297     299       189       0         0         0         0         0         
2      366       576       31297     299       189       0         0         0         0         0         
1      840       836       31297     290       290       0         0         0         0         0         
1      398       33        31297     168       98        0         0         0         0         0         
3      739       621       31297     189       280       0         0         0         0         0         
1      481       419       31299     189       168       0         0         0         0         0         
3      333       581       31299     119       189       0         0         0         0         0         
1      291       627       31299     87        189       0         0         0         0         0         
1      891       695       31299     291       189       0         0         0         0         0         
1      696       460       31299     189       189       0         0         0         0         0         
1      791       1011      31299     290       84        0         0         0         0         0         
1      897       725       31299     291       290       0         0         0         0         0         
2      873       760       31299     291       291       0         0         0         0         0         
2      485       434       31299     189       52        0         0         0         0         0         
2      333       581       31299     119       189       0         0         0         0         0         
3      532       695       31299     199       189       0         0         0         0         0         
3      532       695       31299     199       189       0         0         0         0         0         
1      433       355       31300     52        119       0         0         0         0         0         
1      804       554       31300     291       189       0         0         0         0         0         
1      655       600       31300     189       280       0         0         0         0         0         
2      443       576       31300     168       189       0         0         0         0         0         
1      237       288       31300     87        127       0         0         0         0         0         
1      392       458       31300     52        52        0         0         0         0         0         
2      351       348       31300     52        299       0         0         0         0         0         
1      631       766       31300     189       290       0         0         0         0         0         
1      718       633       31300     189       189       0         0         0         0         0         
1      644       718       31300     131       189       0         0         0         0         0         
2      837       473       31301     290       52        0         0         0         0         0         
3      837       473       31301     290       52        0         0         0         0         0         
1      61        430       31301     98        52        0         0         0         0         0         
1      597       533       31301     131       199       0         0         0         0         0         
1      896       605       31301     291       189       0         0         0         0         0         
1      533       686       31301     199       131       0         0         0         0         0         
1      1068      733       31301     291       131       0         0         0         0         0         
3      817       63        31302     290       98        0         0         0         0         0         
3      817       63        31302     290       98        0         0         0         0         0         
1      837       116       31302     290       9         0         0         0         0         0         
1      433       604       31302     52        189       0         0         0         0         0         
1      790       580       31302     290       189       0         0         0         0         0         
1      607       601       31302     189       189       0         0         0         0         0         
3      421       748       31303     168       290       0         0         0         0         0         
1      306       134       31303     299       9         0         0         0         0         0         
1      653       488       31303     189       199       0         0         0         0         0         
1      850       693       31303     291       280       0         0         0         0         0         
3      741       717       31303     50        189       0         0         0         0         0         
2      723       652       31303     290       189       0         0         0         0         0         
2      700       817       31303     290       290       0         0         0         0         0         
1      325       452       31303     299       52        0         0         0         0         0         
3      802       1233      31303     291       129       0         0         0         0         0         
3      802       1233      31303     291       129       0         0         0         0         0         
1      626       694       31304     189       189       0         0         0         0         0         
2      434       208       31304     52        286       0         0         0         0         0         
3      291       604       31304     87        189       0         0         0         0         0         
3      291       604       31304     87        189       0         0         0         0         0         
1      484       372       31304     189       119       0         0         0         0         0         
1      440       392       31305     168       52        0         0         0         0         0         
2      850       824       31305     291       291       0         0         0         0         0         
1      575       430       31305     189       52        0         0         0         0         0         
1      255       413       31305     87        52        0         0         0         0         0         
1      840       602       31305     290       189       0         0         0         0         0         
3      583       923       31306     189       290       0         0         0         0         0         
3      583       923       31306     189       290       0         0         0         0         0         
2      413       653       31306     52        189       0         0         0         0         0         
1      766       673       31306     290       189       0         0         0         0         0         
1      604       696       31306     189       189       0         0         0         0         0         
1      744       117       31306     290       286       0         0         0         0         0         
1      212       309       31306     266       127       0         0         0         0         0         
1      513       389       31306     199       299       0         0         0         0         0         
1      771       669       31307     290       280       0         0         0         0         0         
1      498       619       31307     52        131       0         0         0         0         0         
1      1031      860       31307     50        290       0         0         0         0         0         
2      1151      1208      31307     291       192       0         0         0         0         0         
1      1012      1207      31307     84        192       0         0         0         0         0         
1      335       35        31307     119       98        0         0         0         0         0         
2      813       575       31307     290       189       0         0         0         0         0         
2      749       1208      31307     290       192       0         0         0         0         0         
3      749       1208      31307     290       192       0         0         0         0         0         
3      813       575       31307     290       189       0         0         0         0         0         
2      645       526       31308     280       52        0         0         0         0         0         
1      293       647       31308     87        280       0         0         0         0         0         
3      645       526       31308     280       52        0         0         0         0         0         
1      580       727       31308     189       290       0         0         0         0         0         
1      723       484       31308     290       189       0         0         0         0         0         
1      308       413       31308     127       52        0         0         0         0         0         
1      545       696       31308     52        189       0         0         0         0         0         
1      632       628       31309     189       189       0         0         0         0         0         
1      604       677       31309     189       189       0         0         0         0         0         
1      771       859       31310     290       290       0         0         0         0         0         
1      646       692       31310     280       280       0         0         0         0         0         
2      665       780       31310     131       291       0         0         0         0         0         
1      509       649       31310     199       189       0         0         0         0         0         
1      152       570       31310     9         52        0         0         0         0         0         
1      676       768       31310     189       290       0         0         0         0         0         
1      960       594       31310     291       131       0         0         0         0         0         
1      928       647       31310     290       280       0         0         0         0         0         
1      1089      981       31310     291       291       0         0         0         0         0         
1      466       627       31310     199       189       0         0         0         0         0         
3      509       748       31311     199       290       0         0         0         0         0         
1      307       737       31311     127       189       0         0         0         0         0         
1      860       783       31311     290       50        0         0         0         0         0         
3      693       79        31311     280       98        0         0         0         0         0         
1      789       904       31311     290       290       0         0         0         0         0         
4      858       504       31311     290       52        0         0         0         0         0         
1      1026      923       31312     291       290       0         0         0         0         0         
1      649       464       31312     189       168       0         0         0         0         0         
1      118       497       31312     286       999       0         0         0         0         0         
1      627       534       31312     189       199       0         0         0         0         0         
1      692       65        31313     280       98        0         0         0         0         0         
1      134       137       31313     9         286       0         0         0         0         0         
1      781       672       31313     291       189       0         0         0         0         0         
1      504       480       31313     52        52        0         0         0         0         0         
1      721       789       31313     290       290       0         0         0         0         0         
2      373       484       31314     119       189       0         0         0         0         0         
1      608       398       31314     189       168       0         0         0         0         0         
2      498       395       31314     52        100       0         0         0         0         0         
1      794       698       31314     290       189       0         0         0         0         0         
1      376       325       31314     168       299       0         0         0         0         0         
1      794       716       31314     290       189       0         0         0         0         0         
2      580       508       31314     189       199       0         0         0         0         0         
2      373       558       31314     119       189       0         0         0         0         0         
1      257       233       31314     87        206       0         0         0         0         0         
3      60        189       31315     9         286       0         0         0         0         0         
1      723       48        31315     290       98        0         0         0         0         0         
1      894       652       31315     291       189       0         0         0         0         0         
4      584       651       31315     189       189       0         0         0         0         0         
3      60        189       31315     9         286       0         0         0         0         0         
2      680       726       31315     290       290       0         0         0         0         0         
1      887       601       31315     290       189       0         0         0         0         0         
1      573       603       31315     189       189       0         0         0         0         0         
1      1088      991       31315     291       290       0         0         0         0         0         
3      749       811       31316     290       290       0         0         0         0         0         
2      749       811       31316     290       290       0         0         0         0         0         
2      255       483       31316     87        189       0         0         0         0         0         
1      726       693       31316     290       280       0         0         0         0         0         
1      804       936       31316     291       291       0         0         0         0         0         
1      579       650       31316     189       189       0         0         0         0         0         
2      881       1053      31317     290       84        0         0         0         0         0         
1      959       1003      31317     291       291       0         0         0         0         0         
1      1065      134       31317     291       9         0         0         0         0         0         
1      990       574       31317     290       189       0         0         0         0         0         
1      669       463       31318     280       168       0         0         0         0         0         
1      526       834       31318     52        290       0         0         0         0         0         
1      273       698       31318     206       189       0         0         0         0         0         
1      556       421       31318     199       168       0         0         0         0         0         
1      905       602       31319     290       189       0         0         0         0         0         
1      715       717       31319     131       189       0         0         0         0         0         
1      745       697       31319     290       189       0         0         0         0         0         
1      813       600       31319     290       280       0         0         0         0         0         
1      621       624       31319     280       189       0         0         0         0         0         
1      959       771       31319     291       290       0         0         0         0         0         
