COLUMNS

passenger_count
pickup_ID
dropoff_ID
request_time_sec
pickup_district
dropoff_district
LDuals
IDuals
vehicle_ID
pick_position
drop_position

REQUESTS_INFO
2      947       834       30639     290       290       262.5     262.5     11        1         2         
1      78        171       30670     9         286       99        99        16        1         2         
3      1023      1107      30650     291       291       265       265       23        1         2         
1      482       648       30683     189       189       142       142       25        1         3         
1      527       417       30664     52        100       199       199       43        1         3         
4      1151      1246      30354     291       192       524       524       47        1         2         
1      768       577       30682     290       189       155       155       68        1         3         
1      1140      1215      30641     84        129       287.5     287.5     74        1         2         
3      772       559       30580     290       189       277       277       100       1         2         
2      749       1022      30520     290       291       319       319       103       1         3         
3      864       721       30597     290       290       309       309       110       1         2         
1      1066      914       30489     291       291       403       403       120       1         3         
3      813       598       30654     290       189       201       201       139       1         3         
1      794       834       30633     290       290       242       242       142       1         3         
3      794       603       30469     290       189       406       406       142       2         4         
3      849       980       30567     291       291       342       342       160       1         2         
2      373       651       30664     119       189       112       112       163       1         3         
1      950       767       30667     290       290       245.5     245.5     165       1         4         
2      929       858       30640     290       290       276.5     276.5     165       2         3         
3      435       650       30573     52        189       251       251       191       1         2         
1      259       332       30614     87        87        224       224       202       1         2         
1      456       465       30655     52        199       164       164       206       1         3         
1      364       134       30669     299       9         181       181       218       1         3         
2      430       545       30647     52        52        195       195       231       1         2         
1      907       663       30386     290       131       554.5     554.5     240       1         3         
1      862       701       30640     290       290       285       285       247       1         3         
2      311       488       30669     87        199       146       146       250       1         2         
1      1044      1542      30605     291       296       276       276       288       1         3         
3      722       482       30661     290       189       143       143       337       1         2         
3      486       770       30659     199       290       159       159       346       1         2         
1      1044      741       30648     291       50        235       235       349       1         2         
1      963       331       30670     50        127       127       127       352       1         4         
3      221       172       30644     87        286       264       264       376       1         2         
1      882       721       30635     290       290       204       204       379       1         4         
3      794       483       30658     290       189       217       217       402       1         2         
1      479       410       30633     52        52        219       219       404       1         3         
1      1230      1090      30646     129       291       193.5     193.5     406       1         3         
1      1177      1053      30684     84        84        240.5     240.5     423       1         2         
1      256       356       30627     87        119       183       183       476       1         2         
1      535       21        30669     189       98        136       136       492       1         4         
3      962       602       30418     291       189       495       495       505       1         3         
1      948       779       30669     290       131       250.5     250.5     507       2         5         
1      366       835       30672     299       290       151       151       522       1         3         
1      793       699       30644     290       290       238.5     238.5     525       1         4         
1      742       788       30659     290       290       149       149       532       1         2         
1      960       625       30232     291       189       626       626       534       1         3         
2      499       232       30686     52        266       130       130       548       1         4         
3      887       925       30638     290       290       281       281       561       1         2         
1      959       1043      30481     291       291       378       378       584       1         2         
1      903       1011      30682     290       84        210       210       594       2         3         
1      876       969       30619     50        290       219       219       607       1         3         
3      1026      905       30625     291       290       322       322       608       1         2         
1      905       747       30651     290       290       253.5     253.5     633       1         2         
1      928       941       30588     290       50        353.5     353.5     675       1         3         
1      655       738       30672     189       189       166       166       679       1         2         
2      527       881       30678     52        290       185       185       688       1         4         
3      973       582       30634     84        189       288.5     288.5     692       1         3         
1      945       766       30455     50        290       469.5     469.5     741       1         3         
1      703       559       30655     290       189       158.5     158.5     743       1         2         
1      1207      719       30571     192       189       238       238       755       1         3         
3      475       696       30601     52        189       239       239       776       1         2         
1      736       674       30657     131       189       154       154       789       1         2         
3      1026      905       30625     291       290       322       322       794       1         2         
1      946       1217      30668     290       84        226.5     226.5     822       1         3         
3      722       482       30661     290       189       143       143       831       1         3         
1      194       674       30686     207       189       129       129       836       1         2         
3      884       746       30663     290       290       245.5     245.5     860       1         3         
1      884       725       30680     290       290       228.5     228.5     860       2         4         
3      556       527       30659     199       52        144       144       863       1         3         
3      949       1227      30663     290       192       236.5     236.5     873       1         3         
1      928       1290      30488     290       129       443.5     443.5     873       2         4         
1      527       718       30680     52        189       182       182       891       1         2         
1      1106      651       30672     291       189       181       181       896       1         4         
1      1086      939       30673     291       291       219       219       896       2         3         
3      962       602       30418     291       189       495       495       911       1         2         
1      1027      625       30679     50        189       221       221       921       1         3         
3      817       550       30555     290       189       327       327       969       1         3         
1      860       968       30672     290       290       225       225       977       1         3         
2      772       602       30578     290       189       279       279       981       1         3         
4      1148      902       29856     291       50        1018      1018      984       1         2         
2      390       209       30679     52        266       184       184       989       1         2         
1      897       741       30630     291       50        217       217       993       1         2         
1      1603      1206      30548     296       192       272       272       1007      1         3         
1      549       779       30668     52        131       146       146       1034      1         3         
2      549       621       30652     52        280       162       162       1044      1         2         
3      847       915       30688     291       291       111       111       1049      1         2         
3      718       652       30619     189       189       145       145       1053      1         2         
4      971       1011      30013     290       84        889       889       1062      1         2         
1      745       675       30676     290       189       162       162       1063      1         2         
1      971       1046      30679     290       291       167       167       1072      1         3         
2      1168      760       30662     291       291       202       202       1084      1         3         
3      549       626       30625     52        189       189       189       1087      1         2         
1      1310      1199      30677     84        84        153       153       1091      1         2         
1      662       621       30641     131       280       173       173       1096      1         2         
1      678       581       30596     290       189       243       243       1106      1         2         
1      655       628       30672     189       189       166       166       1113      1         2         
1      929       1309      30615     290       129       321.5     321.5     1117      1         3         
1      700       791       30667     290       290       146       146       1129      1         2         
2      973       582       30634     84        189       288.5     288.5     1130      1         2         
1      331       718       30666     127       189       200       200       1135      1         3         
3      993       1413      30649     84        999       276       276       1141      1         2         
2      331       43        30656     127       9         218       218       1144      1         2         
1      886       1011      30642     290       84        297.5     297.5     1151      1         3         
1      804       754       30666     291       999       152       152       1152      1         3         
3      927       769       30435     290       290       505       505       1153      1         4         
1      927       905       30649     290       290       277       277       1153      2         3         
1      816       716       30601     290       189       276       276       1163      1         2         
1      1142      1175      30687     84        129       254       254       1186      1         2         
1      946       747       30626     290       290       296.5     296.5     1187      1         2         
4      556       431       30639     199       52        164       164       1188      1         2         
1      840       926       30645     290       290       242       242       1203      1         3         
1      926       993       30623     290       84        311       311       1210      1         3         
1      926       535       30665     290       189       256       256       1210      2         4         
2      1023      741       30572     291       50        327       327       1211      1         3         
3      908       1088      30169     290       291       778       778       1215      1         3         
4      236       236       30656     87        87        270       270       1225      1         2         
1      1168      488       30604     291       199       260       260       1226      1         3         
1      334       606       30629     119       189       171       171       1227      1         4         
3      390       209       30679     52        266       184       184       1231      1         2         
1      960       1021      30546     291       291       304       304       1232      1         2         
1      1370      1263      30520     129       192       300       300       1239      1         3         
1      1355      739       30672     129       189       164       164       1239      2         4         
1      767       651       30682     290       189       130       130       1249      1         3         
1      1111      896       30421     50        291       466       466       1250      1         3         
1      862       746       30564     290       290       361       361       1257      1         3         
2      949       1227      30663     290       192       234       234       1268      1         4         
3      837       1199      30573     290       84        305       305       1274      1         2         
3      1023      670       30497     291       280       418       418       1279      1         2         
1      794       1218      30550     290       84        325       325       1280      1         4         
1      237       332       30570     87        87        220       220       1297      1         2         
2      218       105       30555     87        287       276       276       1311      1         3         
2      476       324       30677     52        299       187       187       1350      1         2         
2      894       891       30686     291       291       154       154       1362      1         3         
1      875       858       30679     291       290       189       189       1362      2         4         
1      812       947       30680     290       290       168       168       1364      1         4         
3      904       948       30651     290       290       258       258       1364      2         3         
1      905       768       30642     290       290       262.5     262.5     1414      1         2         
2      772       627       30669     290       189       188       188       1423      1         4         
1      817       584       30650     290       189       232       232       1423      2         3         
1      937       647       30625     291       280       211       211       1442      1         4         
1      482       156       30621     189       286       204       204       1455      1         3         
2      884       746       30663     290       290       245.5     245.5     1462      1         3         
2      884       1048      30632     290       291       276.5     276.5     1467      1         4         
1      1187      1319      30638     291       129       216       216       1494      1         3         
2      374       534       30690     119       199       0         0         0         0         0         
1      478       624       30690     52        189       0         0         0         0         0         
1      720       507       30690     290       189       0         0         0         0         0         
1      397       534       30690     168       199       0         0         0         0         0         
1      772       971       30690     290       290       0         0         0         0         0         
1      304       652       30690     299       189       0         0         0         0         0         
3      374       534       30690     119       199       0         0         0         0         0         
1      601       741       30691     189       50        0         0         0         0         0         
2      948       716       30691     290       189       0         0         0         0         0         
1      479       697       30691     52        189       0         0         0         0         0         
2      718       581       30691     189       189       0         0         0         0         0         
4      1066      1374      30691     291       129       0         0         0         0         0         
1      527       311       30691     52        87        0         0         0         0         0         
1      527       483       30691     52        189       0         0         0         0         0         
1      332       549       30691     87        52        0         0         0         0         0         
1      1225      431       30691     192       52        0         0         0         0         0         
3      718       581       30691     189       189       0         0         0         0         0         
1      374       579       30692     119       189       0         0         0         0         0         
1      60        444       30692     9         168       0         0         0         0         0         
1      794       393       30692     290       52        0         0         0         0         0         
3      219       581       30693     87        189       0         0         0         0         0         
2      509       527       30693     199       52        0         0         0         0         0         
2      219       581       30693     87        189       0         0         0         0         0         
1      769       10        30693     290       98        0         0         0         0         0         
1      418       581       30693     168       189       0         0         0         0         0         
1      377       488       30693     168       199       0         0         0         0         0         
1      794       557       30693     290       189       0         0         0         0         0         
1      725       535       30693     290       189       0         0         0         0         0         
3      599       672       30693     280       189       0         0         0         0         0         
3      937       1025      30693     291       291       0         0         0         0         0         
3      509       527       30693     199       52        0         0         0         0         0         
3      654       621       30694     189       280       0         0         0         0         0         
2      654       621       30694     189       280       0         0         0         0         0         
1      663       736       30694     131       131       0         0         0         0         0         
3      597       960       30694     131       291       0         0         0         0         0         
1      782       719       30694     291       189       0         0         0         0         0         
1      627       724       30694     189       290       0         0         0         0         0         
2      641       216       30694     131       178       0         0         0         0         0         
1      735       416       30694     131       100       0         0         0         0         0         
1      20        535       30695     98        189       0         0         0         0         0         
2      724       839       30695     290       290       0         0         0         0         0         
3      557       583       30696     189       189       0         0         0         0         0         
1      333       913       30696     119       291       0         0         0         0         0         
1      603       813       30696     189       290       0         0         0         0         0         
1      548       212       30697     52        266       0         0         0         0         0         
1      889       99        30697     290       286       0         0         0         0         0         
2      412       324       30697     52        299       0         0         0         0         0         
2      118       534       30697     286       199       0         0         0         0         0         
1      508       626       30697     199       189       0         0         0         0         0         
1      458       671       30697     52        280       0         0         0         0         0         
3      811       627       30698     290       189       0         0         0         0         0         
1      726       554       30698     290       189       0         0         0         0         0         
2      829       892       30698     50        291       0         0         0         0         0         
1      864       951       30698     290       290       0         0         0         0         0         
3      829       892       30698     50        291       0         0         0         0         0         
1      1170      419       30699     291       168       0         0         0         0         0         
1      501       394       30699     52        100       0         0         0         0         0         
1      904       672       30699     290       189       0         0         0         0         0         
1      813       698       30699     290       189       0         0         0         0         0         
1      508       650       30699     199       189       0         0         0         0         0         
1      534       443       30700     199       168       0         0         0         0         0         
1      672       545       30700     189       52        0         0         0         0         0         
1      694       552       30700     189       189       0         0         0         0         0         
1      526       545       30700     52        52        0         0         0         0         0         
1      527       704       30700     52        290       0         0         0         0         0         
1      240       459       30700     87        189       0         0         0         0         0         
2      813       476       30700     290       52        0         0         0         0         0         
3      813       476       30700     290       52        0         0         0         0         0         
1      772       699       30701     290       290       0         0         0         0         0         
1      171       522       30701     286       52        0         0         0         0         0         
1      1044      1263      30701     291       192       0         0         0         0         0         
1      325       192       30702     299       266       0         0         0         0         0         
1      905       530       30702     290       189       0         0         0         0         0         
2      926       749       30703     290       290       0         0         0         0         0         
3      676       814       30703     189       290       0         0         0         0         0         
1      549       616       30703     52        131       0         0         0         0         0         
1      720       556       30703     290       199       0         0         0         0         0         
1      462       597       30703     189       131       0         0         0         0         0         
1      780       805       30704     291       291       0         0         0         0         0         
1      849       804       30704     291       291       0         0         0         0         0         
1      345       157       30704     299       54        0         0         0         0         0         
3      509       65        30705     199       98        0         0         0         0         0         
1      294       626       30705     87        189       0         0         0         0         0         
1      1190      1139      30705     192       84        0         0         0         0         0         
1      863       814       30705     290       290       0         0         0         0         0         
1      675       555       30705     189       199       0         0         0         0         0         
1      251       171       30706     127       286       0         0         0         0         0         
1      816       696       30706     290       189       0         0         0         0         0         
1      582       577       30706     189       189       0         0         0         0         0         
1      291       604       30706     87        189       0         0         0         0         0         
1      595       535       30706     131       189       0         0         0         0         0         
3      679       535       30706     290       189       0         0         0         0         0         
2      679       535       30706     290       189       0         0         0         0         0         
1      698       907       30706     189       290       0         0         0         0         0         
1      842       723       30706     290       290       0         0         0         0         0         
1      534       652       30707     199       189       0         0         0         0         0         
1      460       535       30707     189       189       0         0         0         0         0         
1      700       727       30707     290       290       0         0         0         0         0         
1      756       884       30707     131       290       0         0         0         0         0         
1      772       652       30707     290       189       0         0         0         0         0         
1      945       415       30707     50        100       0         0         0         0         0         
1      629       602       30707     189       189       0         0         0         0         0         
1      1225      628       30707     192       189       0         0         0         0         0         
2      523       435       30708     52        52        0         0         0         0         0         
4      870       671       30708     291       280       0         0         0         0         0         
1      697       97        30708     189       9         0         0         0         0         0         
1      556       893       30708     199       291       0         0         0         0         0         
1      1091      652       30708     291       189       0         0         0         0         0         
1      745       837       30708     290       290       0         0         0         0         0         
1      582       505       30709     189       52        0         0         0         0         0         
4      722       782       30709     290       291       0         0         0         0         0         
1      723       769       30710     290       290       0         0         0         0         0         
1      747       699       30710     290       290       0         0         0         0         0         
1      433       526       30710     52        52        0         0         0         0         0         
1      348       600       30710     299       280       0         0         0         0         0         
1      358       607       30711     168       189       0         0         0         0         0         
2      574       461       30711     189       189       0         0         0         0         0         
3      594       779       30711     131       131       0         0         0         0         0         
3      594       779       30711     131       131       0         0         0         0         0         
1      461       554       30711     189       189       0         0         0         0         0         
3      905       1068      30711     290       291       0         0         0         0         0         
3      905       1068      30711     290       291       0         0         0         0         0         
1      718       439       30712     189       189       0         0         0         0         0         
1      923       602       30712     290       189       0         0         0         0         0         
1      643       143       30712     131       54        0         0         0         0         0         
1      556       373       30712     199       119       0         0         0         0         0         
1      793       466       30712     290       199       0         0         0         0         0         
1      930       916       30712     999       291       0         0         0         0         0         
2      1047      559       30712     291       189       0         0         0         0         0         
3      1047      559       30712     291       189       0         0         0         0         0         
1      760       372       30712     291       119       0         0         0         0         0         
1      1152      582       30712     291       189       0         0         0         0         0         
1      163       581       30713     178       189       0         0         0         0         0         
3      532       628       30713     199       189       0         0         0         0         0         
2      419       32        30713     168       98        0         0         0         0         0         
3      419       32        30713     168       98        0         0         0         0         0         
1      631       1388      30713     189       129       0         0         0         0         0         
1      62        157       30713     98        54        0         0         0         0         0         
1      605       984       30713     189       291       0         0         0         0         0         
1      306       576       30713     299       189       0         0         0         0         0         
2      532       628       30713     199       189       0         0         0         0         0         
1      726       817       30714     290       290       0         0         0         0         0         
1      985       377       30714     50        168       0         0         0         0         0         
1      509       603       30714     199       189       0         0         0         0         0         
3      924       833       30714     290       50        0         0         0         0         0         
2      924       833       30714     290       50        0         0         0         0         0         
1      603       720       30715     189       290       0         0         0         0         0         
1      1001      827       30715     291       291       0         0         0         0         0         
3      336       481       30715     277       189       0         0         0         0         0         
2      606       532       30715     189       199       0         0         0         0         0         
2      584       581       30715     189       189       0         0         0         0         0         
1      603       697       30716     189       189       0         0         0         0         0         
1      597       694       30716     131       189       0         0         0         0         0         
1      481       598       30716     189       189       0         0         0         0         0         
1      173       116       30716     286       9         0         0         0         0         0         
1      667       574       30716     131       189       0         0         0         0         0         
1      479       134       30716     52        9         0         0         0         0         0         
2      837       698       30716     290       189       0         0         0         0         0         
1      239       46        30716     87        98        0         0         0         0         0         
1      629       771       30717     189       290       0         0         0         0         0         
1      885       117       30717     290       286       0         0         0         0         0         
1      833       649       30717     50        189       0         0         0         0         0         
1      876       771       30718     50        290       0         0         0         0         0         
1      584       63        30718     189       98        0         0         0         0         0         
1      812       603       30718     290       189       0         0         0         0         0         
1      349       672       30719     127       189       0         0         0         0         0         
1      1002      694       30719     291       189       0         0         0         0         0         
1      865       629       30719     290       189       0         0         0         0         0         
1      415       455       30719     100       52        0         0         0         0         0         
4      836       771       30719     290       290       0         0         0         0         0         
1      287       577       30719     299       189       0         0         0         0         0         
