COLUMNS

passenger_count
pickup_ID
dropoff_ID
request_time_sec
pickup_district
dropoff_district

REQUESTS_INFO
1      248       413       31920     266       52        
1      115       20        31920     9         98        
1      344       1517      31920     299       296       
1      1168      737       31920     291       189       
1      667       554       31920     131       189       
1      311       651       31920     87        189       
1      665       873       31921     131       291       
1      946       675       31921     290       189       
1      584       508       31921     189       199       
1      505       377       31921     52        168       
1      654       649       31922     189       189       
1      947       972       31922     290       290       
1      115       19        31922     9         98        
1      325       162       31922     299       178       
1      1110      1010      31922     291       290       
1      914       629       31922     291       189       
1      328       292       31922     299       87        
1      376       963       31922     168       50        
2      504       310       31922     52        127       
1      1026      1217      31922     291       84        
1      21        43        31922     98        9         
1      717       533       31922     189       199       
1      559       392       31923     189       52        
1      859       1011      31923     290       84        
1      457       483       31923     52        189       
1      476       415       31923     52        100       
1      992       811       31923     290       290       
1      1057      767       31923     84        290       
3      960       1209      31923     291       192       
3      960       1209      31923     291       192       
1      925       580       31923     290       189       
2      354       480       31923     119       52        
1      738       811       31923     189       290       
1      458       601       31923     52        189       
1      599       415       31923     280       100       
2      1044      534       31923     291       199       
3      1044      534       31923     291       199       
1      745       652       31924     290       189       
2      735       571       31924     131       52        
3      896       723       31924     291       290       
3      896       723       31924     291       290       
1      171       600       31924     286       280       
2      533       268       31924     199       299       
3      533       268       31924     199       299       
1      847       760       31925     291       291       
3      389       116       31925     299       9         
1      717       499       31925     189       52        
1      880       577       31925     50        189       
1      332       332       31925     87        87        
2      389       116       31925     299       9         
2      772       97        31926     290       9         
1      103       523       31926     57        52        
1      663       267       31926     131       266       
3      772       97        31926     290       9         
1      1065      1244      31927     291       192       
1      377       369       31927     168       52        
1      737       548       31927     189       52        
1      1087      1264      31927     291       192       
2      927       882       31928     290       290       
3      927       882       31928     290       290       
1      648       596       31928     189       131       
1      47        65        31928     98        98        
1      747       652       31928     290       189       
2      175       544       31929     266       52        
1      511       331       31929     199       127       
1      727       332       31929     290       87        
1      438       881       31929     100       290       
1      927       970       31929     290       290       
1      603       697       31929     189       189       
2      695       557       31929     189       189       
1      410       272       31929     52        127       
1      951       902       31930     290       50        
2      882       651       31930     290       189       
1      716       573       31931     189       189       
2      673       601       31931     189       189       
2      724       972       31931     290       290       
1      440       481       31931     168       189       
1      434       252       31931     52        206       
1      573       626       31931     189       189       
1      947       580       31931     290       189       
1      782       791       31932     291       290       
2      923       916       31932     290       291       
1      654       649       31932     189       189       
4      1217      1054      31932     84        84        
1      851       765       31932     291       290       
1      365       246       31933     299       266       
2      962       1068      31933     291       291       
1      573       556       31934     189       199       
3      9         78        31934     98        9         
1      836       790       31934     290       290       
1      252       395       31934     206       100       
1      273       371       31936     206       52        
1      458       573       31936     52        189       
4      233       335       31936     206       119       
1      755       535       31936     131       189       
2      873       693       31936     291       280       
3      881       720       31937     290       290       
1      630       180       31937     189       178       
1      687       1023      31937     131       291       
1      827       555       31937     291       199       
1      618       669       31937     131       280       
1      1005      847       31937     50        291       
3      881       720       31937     290       290       
1      718       527       31938     189       52        
1      175       413       31938     266       52        
2      1285      1285      31938     129       129       
3      1285      1285      31938     129       129       
3      463       415       31938     168       100       
1      121       478       31938     57        52        
3      463       415       31938     168       100       
1      461       555       31938     189       199       
2      285       411       31938     299       52        
2      930       604       31939     999       189       
1      1128      923       31939     291       290       
1      630       727       31939     189       290       
1      717       626       31940     189       189       
1      35        624       31940     98        189       
1      950       11        31940     290       999       
1      1048      895       31940     291       291       
1      598       155       31941     189       286       
1      744       747       31941     290       290       
1      527       571       31941     52        52        
3      782       675       31942     291       189       
2      852       674       31942     291       189       
1      984       622       31942     291       280       
1      983       568       31942     291       52        
1      940       573       31942     291       189       
1      600       673       31942     280       189       
1      479       438       31942     52        100       
1      946       527       31942     290       52        
3      782       675       31942     291       189       
3      230       555       31943     266       199       
3      805       694       31943     291       189       
2      805       694       31943     291       189       
3      788       1149      31943     290       291       
2      788       1149      31943     290       291       
1      750       674       31943     999       189       
1      606       275       31943     189       87        
1      229       139       31943     266       57        
1      314       396       31943     119       119       
2      602       417       31943     189       100       
3      230       555       31943     266       199       
1      857       408       31944     290       299       
1      174       155       31944     266       286       
1      743       585       31944     290       999       
1      670       627       31944     280       189       
1      555       484       31944     199       189       
1      717       134       31944     189       9         
1      701       535       31945     290       189       
2      652       768       31945     189       290       
1      441       483       31945     168       189       
1      749       1032      31946     290       84        
1      377       702       31947     168       290       
1      330       231       31947     127       266       
2      940       46        31947     291       98        
2      557       417       31947     189       100       
1      622       688       31947     280       131       
1      459       501       31948     189       52        
1      43        249       31949     9         266       
1      858       649       31949     290       189       
1      655       676       31949     189       189       
1      310       79        31949     127       98        
1      1148      777       31949     291       131       
1      627       694       31950     189       189       
1      484       545       31950     189       52        
1      528       555       31950     52        199       
