COLUMNS

passenger_count
pickup_ID
dropoff_ID
ready_time_sec
pickup_district
dropoff_district
LDuals
IDuals
vehicle_ID
pick_position
drop_position

REQUESTS_INFO
3      616       721       47232     131       290       400       400       4         1         2         
2      670       627       47046     280       189       592       592       5         1         2         
2      738       1045      47317     189       291       330       330       8         1         3         
1      771       981       47102     290       291       440       440       13        1         3         
2      643       488       47284     131       199       241       241       22        1         4         
2      704       459       47225     290       189       349       349       23        1         4         
1      639       907       47338     131       290       174       174       32        1         4         
3      692       650       47275     280       189       379       379       34        1         2         
1      700       277       47176     290       87        476       476       38        1         2         
3      606       439       47276     189       189       377       377       39        1         2         
1      630       485       47320     189       189       277       277       40        1         3         
2      625       736       47322     189       131       306       306       41        1         2         
1      649       332       47286     189       87        341       341       44        1         4         
1      937       1517      47307     291       296       218       218       53        1         3         
1      337       355       47331     277       119       231       231       58        1         3         
3      314       399       47328     119       168       212       212       60        1         2         
3      779       719       47220     131       189       402       402       61        1         2         
1      673       332       47198     189       87        462       462       64        1         2         
3      760       649       47337     291       189       338       338       65        1         2         
3      716       527       47255     189       52        409       409       74        1         2         
1      421       459       47288     168       189       275       275       77        1         2         
1      604       698       47334     189       189       105       105       78        1         4         
1      393       209       47339     52        266       174       174       79        1         2         
1      859       1245      47315     290       192       267       267       81        1         3         
2      1089      1155      47322     291       129       182       182       97        1         3         
3      860       863       47205     290       290       394       394       106       1         3         
1      554       504       47331     189       52        275       275       130       1         3         
1      1016      1097      47335     84        84        255       255       149       1         3         
3      779       719       47220     131       189       402       402       151       1         2         
1      760       891       47287     291       291       379       379       158       1         4         
1      645       804       47285     280       291       325       325       163       1         2         
1      677       1025      47289     189       291       293       293       169       1         3         
1      824       720       47276     291       290       322       322       175       1         2         
1      749       788       47282     290       290       331       331       176       1         3         
1      593       251       47326     52        127       151       151       187       1         3         
2      651       696       47335     189       189       313       313       194       1         2         
3      606       415       47242     189       100       411       411       206       1         3         
1      737       849       47256     189       291       378       378       209       1         3         
3      760       649       47337     291       189       338       338       211       1         3         
2      483       412       47217     189       52        348       348       221       1         2         
3      673       460       47280     189       189       380       380       225       1         3         
2      597       626       47238     131       189       292       292       244       1         2         
3      572       593       47279     131       52        312       312       249       1         2         
1      859       990       47314     290       290       268       268       258       1         3         
3      648       560       47246     189       189       386       386       261       1         2         
1      481       858       47315     189       290       238       238       276       1         3         
1      710       332       47330     131       87        181       181       291       1         4         
1      259       145       47284     87        178       275       275       293       1         2         
1      719       554       47260     189       189       362       362       295       1         2         
3      651       533       47257     189       199       399       399       297       1         2         
1      629       748       47218     189       290       431       431       300       1         2         
1      653       628       47326     189       189       251       251       313       1         3         
3      608       903       47319     189       290       359       359       325       1         2         
2      601       714       47326     189       131       278       278       326       1         3         
1      757       959       47336     131       291       273       273       334       1         3         
2      692       804       47338     280       291       248       248       340       1         2         
3      608       629       47325     189       189       353       353       346       1         2         
3      443       506       47206     168       189       413       413       347       1         2         
1      503       371       47286     52        52        196       196       353       1         4         
1      950       1053      47303     290       84        244       244       358       1         3         
1      412       310       47336     52        127       159       159       360       1         4         
3      760       129       47280     291       178       395       395       364       1         2         
1      486       528       47327     199       52        269       269       367       1         2         
1      466       651       47272     199       189       353       353       370       1         3         
2      553       438       47318     189       100       268       268       373       1         4         
1      396       414       47197     119       100       369       369       381       1         2         
3      692       804       47338     280       291       316       316       382       1         2         
2      670       959       47248     280       291       395       395       385       1         3         
1      926       859       47221     290       290       314       314       391       1         3         
2      640       461       47332     131       189       248       248       397       1         3         
1      679       905       47307     290       290       287       287       400       1         2         
1      522       526       47238     52        52        315       315       407       1         3         
2      850       961       47203     291       291       387       387       411       1         2         
3      925       813       47188     290       290       381       381       420       1         2         
1      766       395       47267     290       100       352       352       423       1         3         
3      802       408       47210     291       299       386       386       426       1         3         
1      851       1026      47295     291       291       275       275       435       1         3         
1      535       415       47258     189       100       339       339       436       1         3         
1      744       717       47187     290       189       442       442       440       1         4         
1      573       581       47287     189       189       316       316       450       1         2         
3      760       129       47280     291       178       395       395       453       1         2         
1      791       349       47239     290       127       397       397       459       1         2         
1      698       747       47333     189       290       297       297       465       1         3         
1      532       373       47322     199       119       275       275       480       1         3         
3      465       717       47139     199       189       514       514       483       1         2         
1      652       782       47312     189       291       338       338       484       1         4         
1      579       431       47285     189       52        320       320       485       1         3         
1      650       947       47308     189       290       343       343       488       1         3         
1      768       554       47231     290       189       398       398       491       1         3         
1      673       894       47204     189       291       394       394       493       1         4         
3      742       925       47265     290       290       390       390       499       1         3         
1      291       235       47309     87        87        194       194       500       1         3         
2      768       906       47282     290       290       351       351       504       1         3         
3      554       408       47230     189       299       379       379       517       1         2         
1      770       837       47323     290       290       291       291       521       1         2         
3      392       504       47286     52        52        270       270       525       1         2         
1      671       548       47247     280       52        385       385       530       1         2         
2      608       629       47325     189       189       353       353       548       1         2         
3      1172      1090      47285     129       291       248       248       558       1         2         
1      968       1048      47329     290       291       220       220       559       1         2         
1      475       645       47317     52        280       217       217       561       1         3         
2      663       984       47335     131       291       178       178       566       1         3         
1      722       550       47308     290       189       322       322       582       1         3         
2      527       193       47247     52        266       329       329       587       1         3         
1      675       577       47326     189       189       288       288       594       1         3         
1      1171      1175      47280     192       129       218       218       596       1         2         
1      839       836       47299     290       290       298       298       608       1         2         
2      914       666       47327     291       131       231       231       614       1         2         
2      674       631       47188     189       189       460       460       617       1         2         
1      415       1127      47292     100       291       263       263       633       1         3         
1      860       779       47293     290       131       306       306       635       1         4         
1      621       436       47307     280       100       309       309       644       1         2         
1      949       698       47235     290       189       308       308       645       1         2         
1      724       836       47254     290       290       353       353       652       1         3         
1      948       903       47232     290       290       321       321       659       1         2         
1      727       793       47244     290       290       381       381       671       1         2         
2      782       949       47338     291       290       305       305       679       1         3         
4      534       940       47188     199       291       469       469       684       1         2         
2      768       463       47292     290       168       341       341       693       1         4         
3      745       735       47120     290       131       526       526       701       1         2         
1      749       557       47217     290       189       396       396       708       1         3         
1      629       346       47234     189       299       362       362       713       1         4         
3      644       507       47268     131       189       260       260       714       1         3         
1      850       691       47304     291       131       286       286       725       1         2         
3      766       834       47258     290       290       380       380       735       1         2         
2      699       460       47293     290       189       349       349       736       1         3         
1      937       1129      47303     291       291       231       231       747       1         2         
3      654       296       47043     189       277       597       597       754       1         2         
1      766       1069      47264     290       291       355       355       759       1         3         
1      848       176       47219     291       174       411       411       774       1         2         
2      575       788       47213     189       290       411       411       776       1         2         
1      616       573       47244     131       189       388       388       783       1         3         
1      1076      947       47315     84        290       193       193       789       1         3         
2      606       415       47242     189       100       411       411       792       1         2         
3      527       437       47258     52        100       340       340       797       1         3         
2      874       759       47331     291       131       248       248       806       1         3         
1      665       851       47186     131       291       393       393       810       1         2         
1      573       462       47196     189       189       407       407       819       1         2         
1      652       673       47244     189       189       393       393       823       1         2         
1      576       721       47216     189       290       382       382       831       1         3         
1      1065      1000      47339     291       291       147       147       832       1         2         
3      676       946       47142     189       290       505       505       838       1         3         
1      969       837       47293     290       290       227       227       839       1         2         
1      722       804       47312     290       291       318       318       843       1         3         
1      813       842       47286     290       290       339       339       848       1         2         
1      887       811       47316     290       290       244       244       853       1         3         
1      698       626       47174     189       189       463       463       864       1         3         
1      905       1054      47236     290       84        266       266       866       1         4         
1      616       776       47318     131       131       314       314       869       1         2         
3      640       461       47332     131       189       248       248       872       1         2         
1      782       980       47314     291       291       299       299       881       1         3         
1      436       573       47143     100       189       319       319       894       1         3         
1      971       959       47297     290       291       181       181       895       1         4         
3      1089      1155      47322     291       129       182       182       899       1         3         
1      810       727       47197     290       290       420       420       902       1         2         
3      558       622       47259     189       280       368       368       908       1         2         
2      431       621       47290     52        280       224       224       909       1         4         
3      749       970       47305     290       290       308       308       920       1         2         
1      441       488       47337     168       199       257       257       922       1         2         
1      789       875       47333     290       291       275       275       931       1         3         
4      767       722       47114     290       290       522       522       933       1         2         
2      1011      769       47251     84        290       250       250       938       1         2         
1      545       597       47167     52        131       431       431       942       1         2         
1      724       437       47321     290       100       283       283       950       1         3         
3      511       838       47282     199       290       364       364       954       1         2         
2      333       249       47327     119       266       151       151       985       1         3         
1      839       1182      47252     290       84        345       345       986       1         2         
2      1150      982       47314     291       291       164       164       991       1         3         
3      616       721       47232     131       290       400       400       993       1         2         
1      575       617       47316     189       131       292       292       997       1         4         
1      141       31        47341     54        9         0         0         0         0         0         
1      246       629       47341     266       189       0         0         0         0         0         
1      267       189       47342     266       286       0         0         0         0         0         
3      276       353       47343     87        119       0         0         0         0         0         
1      865       744       47343     290       290       0         0         0         0         0         
1      721       137       47343     290       286       0         0         0         0         0         
1      60        136       47343     9         286       0         0         0         0         0         
1      884       881       47344     290       290       0         0         0         0         0         
1      743       881       47344     290       290       0         0         0         0         0         
1      827       891       47344     291       291       0         0         0         0         0         
3      120       210       47344     57        266       0         0         0         0         0         
1      693       527       47344     280       52        0         0         0         0         0         
1      881       924       47344     290       290       0         0         0         0         0         
1      738       179       47345     189       178       0         0         0         0         0         
1      456       64        47345     52        98        0         0         0         0         0         
1      701       643       47345     290       131       0         0         0         0         0         
2      768       860       47345     290       290       0         0         0         0         0         
1      580       507       47345     189       189       0         0         0         0         0         
2      504       555       47346     52        199       0         0         0         0         0         
1      884       948       47346     290       290       0         0         0         0         0         
1      1208      557       47347     192       189       0         0         0         0         0         
1      871       737       47347     291       189       0         0         0         0         0         
1      483       352       47347     189       119       0         0         0         0         0         
1      462       267       47347     189       266       0         0         0         0         0         
1      436       529       47348     100       189       0         0         0         0         0         
1      695       737       47348     189       189       0         0         0         0         0         
1      836       793       47348     290       290       0         0         0         0         0         
1      115       9         47349     9         98        0         0         0         0         0         
1      549       619       47349     52        131       0         0         0         0         0         
3      644       608       47350     131       189       0         0         0         0         0         
3      644       608       47350     131       189       0         0         0         0         0         
1      440       392       47350     168       52        0         0         0         0         0         
1      870       571       47350     291       52        0         0         0         0         0         
1      45        413       47350     98        52        0         0         0         0         0         
2      959       1477      47351     291       296       0         0         0         0         0         
1      1128      620       47351     291       131       0         0         0         0         0         
1      639       411       47351     131       52        0         0         0         0         0         
3      811       960       47352     290       291       0         0         0         0         0         
2      811       960       47352     290       291       0         0         0         0         0         
1      1013      1180      47352     84        84        0         0         0         0         0         
1      526       782       47352     52        291       0         0         0         0         0         
1      862       677       47352     290       189       0         0         0         0         0         
1      551       459       47352     189       189       0         0         0         0         0         
1      827       537       47352     291       189       0         0         0         0         0         
1      549       852       47353     52        291       0         0         0         0         0         
1      651       851       47353     189       291       0         0         0         0         0         
1      481       838       47353     189       290       0         0         0         0         0         
4      720       693       47353     290       280       0         0         0         0         0         
2      864       456       47354     290       52        0         0         0         0         0         
4      602       959       47354     189       291       0         0         0         0         0         
1      297       332       47354     277       87        0         0         0         0         0         
1      971       906       47355     290       290       0         0         0         0         0         
2      1593      1517      47355     296       296       0         0         0         0         0         
1      894       824       47356     291       291       0         0         0         0         0         
2      749       651       47357     290       189       0         0         0         0         0         
2      549       484       47357     52        189       0         0         0         0         0         
1      743       1022      47357     290       291       0         0         0         0         0         
1      372       507       47357     119       189       0         0         0         0         0         
1      374       441       47358     119       168       0         0         0         0         0         
1      782       1211      47358     291       129       0         0         0         0         0         
1      601       573       47358     189       189       0         0         0         0         0         
1      416       536       47359     100       189       0         0         0         0         0         
1      431       488       47359     52        199       0         0         0         0         0         
1      485       326       47359     189       299       0         0         0         0         0         
1      766       813       47360     290       290       0         0         0         0         0         
1      600       387       47360     280       299       0         0         0         0         0         
3      841       792       47360     290       290       0         0         0         0         0         
1      436       724       47361     100       290       0         0         0         0         0         
1      633       621       47361     189       280       0         0         0         0         0         
1      674       397       47361     189       168       0         0         0         0         0         
1      234       354       47361     87        119       0         0         0         0         0         
1      217       287       47362     87        299       0         0         0         0         0         
3      233       155       47362     206       286       0         0         0         0         0         
2      233       155       47362     206       286       0         0         0         0         0         
1      788       699       47362     290       290       0         0         0         0         0         
1      647       739       47362     280       189       0         0         0         0         0         
1      573       984       47362     189       291       0         0         0         0         0         
1      1636      791       47362     296       290       0         0         0         0         0         
1      331       119       47363     127       286       0         0         0         0         0         
1      971       925       47363     290       290       0         0         0         0         0         
1      959       914       47364     291       291       0         0         0         0         0         
1      163       704       47364     178       290       0         0         0         0         0         
1      746       676       47365     290       189       0         0         0         0         0         
1      579       718       47365     189       189       0         0         0         0         0         
1      436       484       47365     100       189       0         0         0         0         0         
1      552       980       47366     189       291       0         0         0         0         0         
1      336       338       47366     277       277       0         0         0         0         0         
3      499       665       47367     52        131       0         0         0         0         0         
3      499       665       47367     52        131       0         0         0         0         0         
2      692       650       47367     280       189       0         0         0         0         0         
3      692       650       47367     280       189       0         0         0         0         0         
2      646       710       47367     280       131       0         0         0         0         0         
1      484       504       47367     189       52        0         0         0         0         0         
1      247       600       47367     266       280       0         0         0         0         0         
1      552       624       47367     189       189       0         0         0         0         0         
1      21        556       47367     98        199       0         0         0         0         0         
1      690       269       47367     131       127       0         0         0         0         0         
1      317       295       47367     277       87        0         0         0         0         0         
1      646       1387      47367     280       129       0         0         0         0         0         
1      721       739       47368     290       189       0         0         0         0         0         
1      699       604       47368     290       189       0         0         0         0         0         
2      698       626       47368     189       189       0         0         0         0         0         
1      649       576       47368     189       189       0         0         0         0         0         
2      789       1045      47368     290       291       0         0         0         0         0         
3      789       1045      47368     290       291       0         0         0         0         0         
2      213       510       47369     266       199       0         0         0         0         0         
