COLUMNS

passenger_count
pickup_ID
dropoff_ID
request_time_sec
pickup_district
dropoff_district
LDuals
IDuals
vehicle_ID
pick_position
drop_position

REQUESTS_INFO
2      22        694       31514     98        189       128       128       4         1         2         
2      812       582       31442     290       189       260       260       23        1         3         
1      609       265       31519     189       299       157       157       44        1         3         
2      908       441       31496     290       168       277       277       48        1         2         
3      794       485       31513     290       189       235       235       59        1         3         
1      458       156       31519     52        286       142.5     142.5     63        1         3         
1      874       580       31441     291       189       236       236       79        1         4         
2      834       1010      31498     290       290       224       224       83        1         3         
1      739       497       31470     189       999       164       164       88        1         3         
1      928       1086      31275     290       291       463       463       106       1         3         
1      549       601       31439     52        189       178       178       129       1         2         
2      258       137       31471     87        286       227       227       133       1         2         
1      632       860       31511     189       290       176       176       159       1         3         
3      948       984       31491     290       291       243       243       165       1         3         
2      608       252       31502     189       206       187       187       174       1         2         
1      1088      860       31420     291       290       297       297       228       1         2         
2      795       466       31483     290       199       267.5     267.5     237       1         3         
1      865       608       31423     290       189       342       342       237       2         4         
3      338       606       31506     277       189       265       265       256       1         2         
1      1048      881       31503     291       290       184       184       259       1         3         
1      782       851       31528     291       291       133       133       266       1         4         
1      887       648       31502     290       189       271       271       272       1         5         
1      624       581       31526     189       189       90        90        275       1         2         
1      817       1048      31502     290       291       193       193       294       1         3         
1      902       556       31472     50        199       268       268       345       1         3         
1      478       529       31501     52        189       172       172       352       1         4         
1      478       573       31513     52        189       160       160       352       2         3         
1      864       487       31497     290       199       256       256       419       1         3         
1      633       924       31457     189       290       242       242       426       1         2         
1      850       697       31423     291       189       285       285       473       1         3         
1      461       376       31498     189       168       174       174       480       1         2         
3      440       430       31528     168       52        139       139       483       1         2         
3      749       829       31450     290       50        302       302       488       1         2         
3      743       743       31520     290       290       166       166       513       1         2         
1      421       511       31504     168       199       152       152       542       1         2         
1      860       687       31517     290       131       196       196       559       1         3         
3      929       771       31473     290       290       259       259       562       1         3         
1      870       116       31497     291       9         219       219       575       1         2         
1      792       578       31523     290       189       163       163       610       1         4         
1      837       882       31498     290       290       132       132       641       1         4         
2      745       602       31484     290       189       220       220       646       1         2         
1      1046      923       31438     291       290       270       270       648       1         3         
1      608       624       31504     189       189       185       185       652       1         3         
1      603       698       31511     189       189       137       137       668       1         3         
1      882       554       31471     290       189       262       262       671       1         3         
3      621       558       31507     280       189       150       150       676       1         2         
1      905       558       31420     290       189       288       288       687       1         3         
3      969       721       31482     290       290       223       223       699       1         3         
1      969       623       31505     290       280       164       164       699       2         4         
3      440       430       31528     168       52        139       139       715       1         2         
3      838       459       31465     290       189       287       287       724       1         2         
1      873       812       31515     291       290       162       162       725       1         4         
1      865       810       31486     290       290       266       266       727       1         2         
3      968       783       31429     290       50        305       305       760       1         3         
1      526       882       31525     52        290       107       107       778       1         3         
2      815       484       31476     290       189       226       226       784       1         4         
1      790       678       31495     290       290       178       178       789       1         2         
3      842       233       31377     290       206       419.5     419.5     795       1         2         
1      745       1032      31460     290       84        244       244       805       1         2         
1      818       413       31471     290       52        304       304       812       1         3         
1      817       629       31514     290       189       222       222       817       1         2         
1      969       743       31472     290       290       203       203       825       1         3         
1      909       551       31486     290       189       247       247       830       1         4         
3      749       698       31467     290       189       285       285       835       1         3         
1      865       535       31511     290       189       241       241       835       2         4         
1      680       656       31505     290       290       190       190       842       1         2         
2      838       459       31465     290       189       273       273       844       1         3         
1      841       46        31302     290       98        476       476       854       1         3         
3      837       698       31415     290       189       313       313       856       1         2         
3      1129      772       31500     291       290       230       230       859       1         3         
1      860       376       31476     290       168       281       281       877       1         2         
1      523       1208      31521     52        192       123       123       887       1         3         
3      759       117       31489     131       286       216       216       892       1         2         
1      410       347       31503     52        299       130       130       897       1         2         
2      858       946       31512     290       290       211       211       902       1         4         
1      716       652       31479     189       189       198       198       911       1         2         
1      1066      871       31506     291       291       194       194       915       1         4         
1      1045      716       31513     291       189       196       196       915       2         6         
1      960       1025      31515     291       291       218       218       952       1         3         
1      476       369       31520     52        52        130       130       976       1         2         
3      749       829       31450     290       50        302       302       985       1         2         
1      973       882       31487     84        290       231       231       991       1         2         
1      851       192       31482     291       266       216       216       994       1         4         
1      675       625       31507     189       189       115       115       1015      1         3         
1      804       648       31508     291       189       195       195       1029      1         3         
1      922       499       31527     50        52        165       165       1031      1         4         
1      928       925       31433     290       290       305       305       1033      1         2         
1      1064      747       31490     291       290       263       263       1049      1         2         
1      961       958       31477     291       291       268       268       1058      1         2         
1      884       738       31501     290       189       180       180       1059      1         4         
1      771       886       31519     290       290       191       191       1063      1         2         
2      795       704       31470     290       290       280.5     280.5     1067      1         2         
2      715       417       31492     131       100       184       184       1077      1         3         
3      1129      772       31500     291       290       230       230       1089      1         2         
1      680       607       31427     290       189       269.5     269.5     1135      1         2         
1      813       399       31350     290       168       362       362       1170      1         3         
1      909       676       31511     290       189       214       214       1190      1         4         
1      864       727       31271     290       290       489       489       1192      1         2         
1      903       1233      31456     290       129       253       253       1236      1         3         
3      884       929       31421     290       290       330       330       1257      1         2         
1      916       527       31475     291       52        245       245       1265      1         4         
1      1206      649       31528     192       189       132       132       1284      1         4         
3      924       675       31463     290       189       260       260       1287      1         3         
3      861       602       31280     290       189       484       484       1303      1         2         
2      1025      722       31488     291       290       226       226       1317      1         3         
1      1088      914       31498     291       291       219       219       1319      1         3         
3      850       835       31444     291       290       264       264       1335      1         2         
1      393       209       31501     52        266       111       111       1371      1         3         
1      950       607       31515     290       189       194       194       1462      1         4         
3      794       485       31513     290       189       235       235       1475      1         2         
2      1044      1090      31484     291       291       258       258       1487      1         2         
2      750       793       31351     999       290       402.5     402.5     1713      1         2         
1      959       544       31519     291       52        153       153       1727      1         3         
3      970       722       31403     290       290       315       315       1743      1         2         
1      795       1046      31460     290       291       230       230       1751      1         4         
3      737       736       31511     189       131       148       148       1758      1         3         
3      905       674       31287     290       189       463       463       1783      1         3         
1      1031      649       31480     50        189       231       231       1800      1         2         
3      818       439       31220     290       189       562       562       1825      1         2         
3      1025      722       31488     291       290       272       272       1832      1         2         
1      861       48        31508     290       98        240       240       1853      1         4         
1      884       10        31521     290       98        191       191       1853      2         5         
1      482       350       31480     189       127       146       146       1863      1         2         
1      374       770       31506     119       290       150       150       1893      1         3         
1      928       630       31484     290       189       253       253       1900      1         3         
1      411       99        31503     52        286       112       112       1901      1         3         
1      666       479       31500     131       52        155       155       1911      1         3         
3      745       526       31493     290       52        211       211       1960      1         2         
3      374       629       31526     119       189       167       167       1976      1         2         
1      529       355       31530     189       119       0         0         0         0         0         
2      1044      1542      31530     291       296       0         0         0         0         0         
1      461       675       31530     189       189       0         0         0         0         0         
2      350       410       31530     127       52        0         0         0         0         0         
1      760       650       31530     291       189       0         0         0         0         0         
2      894       947       31530     291       290       0         0         0         0         0         
3      894       947       31530     291       290       0         0         0         0         0         
2      531       436       31530     189       100       0         0         0         0         0         
1      526       576       31531     52        189       0         0         0         0         0         
1      771       721       31531     290       290       0         0         0         0         0         
2      1053      1045      31531     84        291       0         0         0         0         0         
1      716       209       31531     189       266       0         0         0         0         0         
3      372       534       31531     119       199       0         0         0         0         0         
1      312       354       31531     87        119       0         0         0         0         0         
1      788       738       31531     290       189       0         0         0         0         0         
1      99        600       31531     286       280       0         0         0         0         0         
1      701       559       31531     290       189       0         0         0         0         0         
1      787       620       31531     50        131       0         0         0         0         0         
3      768       652       31531     290       189       0         0         0         0         0         
3      768       652       31531     290       189       0         0         0         0         0         
1      896       209       31532     291       266       0         0         0         0         0         
1      947       742       31532     290       290       0         0         0         0         0         
1      435       727       31532     52        290       0         0         0         0         0         
2      556       439       31532     199       189       0         0         0         0         0         
1      669       960       31532     280       291       0         0         0         0         0         
1      257       209       31532     87        266       0         0         0         0         0         
1      913       670       31533     291       280       0         0         0         0         0         
2      1150      1208      31533     291       192       0         0         0         0         0         
1      694       598       31533     189       189       0         0         0         0         0         
2      393       761       31533     52        50        0         0         0         0         0         
1      171       120       31533     286       57        0         0         0         0         0         
1      748       1054      31533     290       84        0         0         0         0         0         
1      802       691       31533     291       131       0         0         0         0         0         
3      662       649       31533     131       189       0         0         0         0         0         
3      662       649       31533     131       189       0         0         0         0         0         
1      325       824       31534     299       291       0         0         0         0         0         
1      811       675       31534     290       189       0         0         0         0         0         
1      580       396       31534     189       119       0         0         0         0         0         
1      499       597       31534     52        131       0         0         0         0         0         
1      308       523       31534     127       52        0         0         0         0         0         
3      578       696       31534     189       189       0         0         0         0         0         
1      579       82        31535     189       98        0         0         0         0         0         
1      325       544       31535     299       52        0         0         0         0         0         
1      535       10        31535     189       98        0         0         0         0         0         
1      605       735       31535     189       131       0         0         0         0         0         
1      948       675       31535     290       189       0         0         0         0         0         
3      959       720       31535     291       290       0         0         0         0         0         
2      959       720       31535     291       290       0         0         0         0         0         
1      908       47        31536     290       98        0         0         0         0         0         
1      466       699       31536     199       290       0         0         0         0         0         
1      236       507       31536     87        189       0         0         0         0         0         
1      690       624       31536     131       189       0         0         0         0         0         
2      535       694       31536     189       189       0         0         0         0         0         
2      10        65        31537     98        98        0         0         0         0         0         
1      413       551       31537     52        189       0         0         0         0         0         
1      689       738       31537     131       189       0         0         0         0         0         
1      749       937       31537     290       291       0         0         0         0         0         
1      481       555       31537     189       199       0         0         0         0         0         
1      1066      1169      31537     291       291       0         0         0         0         0         
1      253       350       31538     206       127       0         0         0         0         0         
2      465       335       31538     199       119       0         0         0         0         0         
1      417       488       31538     100       199       0         0         0         0         0         
2      557       463       31538     189       168       0         0         0         0         0         
1      757       696       31539     131       189       0         0         0         0         0         
3      455       283       31539     52        299       0         0         0         0         0         
1      460       308       31539     189       127       0         0         0         0         0         
1      48        529       31539     98        189       0         0         0         0         0         
1      959       527       31539     291       52        0         0         0         0         0         
3      791       656       31539     290       290       0         0         0         0         0         
2      791       656       31539     290       290       0         0         0         0         0         
1      881       698       31539     290       189       0         0         0         0         0         
1      925       864       31539     290       290       0         0         0         0         0         
1      269       504       31539     127       52        0         0         0         0         0         
1      791       556       31540     290       199       0         0         0         0         0         
1      608       858       31540     189       290       0         0         0         0         0         
1      31        45        31540     9         98        0         0         0         0         0         
1      827       835       31540     291       290       0         0         0         0         0         
1      455       393       31540     52        52        0         0         0         0         0         
1      393       374       31541     52        119       0         0         0         0         0         
1      155       603       31541     286       189       0         0         0         0         0         
1      408       673       31541     299       189       0         0         0         0         0         
1      881       485       31541     290       189       0         0         0         0         0         
3      1187      947       31541     291       290       0         0         0         0         0         
3      1187      947       31541     291       290       0         0         0         0         0         
1      947       693       31542     290       280       0         0         0         0         0         
1      309       371       31542     127       52        0         0         0         0         0         
2      386       602       31542     299       189       0         0         0         0         0         
2      579       174       31542     189       266       0         0         0         0         0         
1      771       876       31542     290       50        0         0         0         0         0         
1      133       760       31542     9         291       0         0         0         0         0         
1      827       992       31542     291       290       0         0         0         0         0         
1      60        666       31543     9         131       0         0         0         0         0         
2      923       551       31543     290       189       0         0         0         0         0         
3      550       1373      31543     189       129       0         0         0         0         0         
1      1022      794       31543     291       290       0         0         0         0         0         
3      550       1373      31543     189       129       0         0         0         0         0         
3      859       721       31543     290       290       0         0         0         0         0         
1      772       883       31543     290       290       0         0         0         0         0         
2      859       721       31543     290       290       0         0         0         0         0         
1      980       1065      31543     291       291       0         0         0         0         0         
1      457       335       31544     52        119       0         0         0         0         0         
1      969       1327      31545     290       129       0         0         0         0         0         
2      310       811       31545     127       290       0         0         0         0         0         
2      1010      1002      31546     290       291       0         0         0         0         0         
1      436       416       31546     100       100       0         0         0         0         0         
1      847       895       31546     291       291       0         0         0         0         0         
1      370       247       31546     52        266       0         0         0         0         0         
1      835       754       31546     290       999       0         0         0         0         0         
1      161       583       31546     178       189       0         0         0         0         0         
1      1556      1263      31547     296       192       0         0         0         0         0         
1      1149      1068      31547     291       291       0         0         0         0         0         
1      583       604       31547     189       189       0         0         0         0         0         
1      439       291       31547     189       87        0         0         0         0         0         
1      419       247       31547     168       266       0         0         0         0         0         
1      904       627       31547     290       189       0         0         0         0         0         
1      232       479       31547     266       52        0         0         0         0         0         
1      626       718       31547     189       189       0         0         0         0         0         
1      304       208       31547     299       286       0         0         0         0         0         
2      118       156       31547     286       286       0         0         0         0         0         
1      768       824       31548     290       291       0         0         0         0         0         
1      782       847       31548     291       291       0         0         0         0         0         
1      549       545       31548     52        52        0         0         0         0         0         
1      851       1045      31548     291       291       0         0         0         0         0         
1      416       626       31548     100       189       0         0         0         0         0         
1      656       582       31548     290       189       0         0         0         0         0         
1      179       513       31548     178       199       0         0         0         0         0         
1      733       621       31549     131       280       0         0         0         0         0         
1      465       533       31549     199       199       0         0         0         0         0         
1      984       884       31549     291       290       0         0         0         0         0         
1      313       557       31549     87        189       0         0         0         0         0         
1      61        188       31550     98        286       0         0         0         0         0         
4      255       502       31550     87        52        0         0         0         0         0         
1      959       1065      31550     291       291       0         0         0         0         0         
1      1187      743       31550     291       290       0         0         0         0         0         
3      716       396       31550     189       119       0         0         0         0         0         
3      716       396       31550     189       119       0         0         0         0         0         
1      653       749       31551     189       290       0         0         0         0         0         
2      233       395       31551     206       100       0         0         0         0         0         
1      457       190       31551     52        286       0         0         0         0         0         
1      621       760       31552     280       291       0         0         0         0         0         
1      1036      725       31552     84        290       0         0         0         0         0         
1      781       652       31552     291       189       0         0         0         0         0         
2      694       443       31552     189       168       0         0         0         0         0         
1      947       789       31552     290       290       0         0         0         0         0         
1      580       97        31552     189       9         0         0         0         0         0         
1      654       527       31552     189       52        0         0         0         0         0         
1      485       355       31552     189       119       0         0         0         0         0         
1      949       35        31552     290       98        0         0         0         0         0         
1      504       415       31552     52        100       0         0         0         0         0         
3      835       673       31553     290       189       0         0         0         0         0         
1      673       788       31553     189       290       0         0         0         0         0         
1      937       604       31553     291       189       0         0         0         0         0         
1      738       551       31553     189       189       0         0         0         0         0         
1      352       698       31553     119       189       0         0         0         0         0         
1      549       603       31553     52        189       0         0         0         0         0         
1      719       556       31553     189       199       0         0         0         0         0         
1      842       721       31553     290       290       0         0         0         0         0         
1      549       873       31553     52        291       0         0         0         0         0         
2      835       673       31553     290       189       0         0         0         0         0         
2      1187      507       31553     291       189       0         0         0         0         0         
1      767       439       31554     290       189       0         0         0         0         0         
1      135       291       31554     286       87        0         0         0         0         0         
1      505       604       31555     52        189       0         0         0         0         0         
1      804       851       31555     291       291       0         0         0         0         0         
1      604       815       31555     189       290       0         0         0         0         0         
1      549       694       31555     52        189       0         0         0         0         0         
1      915       829       31555     291       50        0         0         0         0         0         
1      549       674       31555     52        189       0         0         0         0         0         
1      371       308       31555     52        127       0         0         0         0         0         
1      859       526       31555     290       52        0         0         0         0         0         
1      191       328       31556     266       299       0         0         0         0         0         
1      336       628       31556     277       189       0         0         0         0         0         
1      761       829       31556     50        50        0         0         0         0         0         
1      631       536       31556     189       189       0         0         0         0         0         
2      654       47        31556     189       98        0         0         0         0         0         
1      929       947       31556     290       290       0         0         0         0         0         
1      415       483       31556     100       189       0         0         0         0         0         
3      654       47        31556     189       98        0         0         0         0         0         
1      948       905       31556     290       290       0         0         0         0         0         
1      554       411       31557     189       52        0         0         0         0         0         
3      34        544       31557     98        52        0         0         0         0         0         
1      419       250       31557     168       127       0         0         0         0         0         
1      502       597       31557     52        131       0         0         0         0         0         
1      438       438       31557     100       100       0         0         0         0         0         
1      505       875       31558     52        291       0         0         0         0         0         
1      626       11        31558     189       999       0         0         0         0         0         
1      852       19        31558     291       98        0         0         0         0         0         
1      622       551       31558     280       189       0         0         0         0         0         
3      504       372       31558     52        119       0         0         0         0         0         
3      504       372       31558     52        119       0         0         0         0         0         
1      1088      1010      31559     291       290       0         0         0         0         0         
1      119       79        31559     286       98        0         0         0         0         0         
1      173       133       31559     286       9         0         0         0         0         0         
2      948       836       31559     290       290       0         0         0         0         0         
