COLUMNS

passenger_count
pickup_ID
dropoff_ID
request_time_sec
pickup_district
dropoff_district

REQUESTS_INFO
3      136       697       29520     286       189       
1      397       576       29520     168       189       
1      662       421       29520     131       168       
1      971       716       29520     290       189       
3      136       697       29520     286       189       
1      504       531       29520     52        189       
1      480       463       29520     52        168       
1      746       926       29521     290       290       
1      415       627       29521     100       189       
1      229       436       29521     266       100       
4      183       209       29521     178       266       
3      670       555       29521     280       199       
2      670       555       29521     280       199       
3      959       22        29521     291       98        
3      959       22        29521     291       98        
1      768       654       29521     290       189       
2      947       35        29522     290       98        
3      947       35        29522     290       98        
2      860       1053      29522     290       84        
1      1168      777       29522     291       131       
1      766       626       29522     290       189       
1      631       534       29522     189       199       
1      862       393       29522     290       52        
1      663       669       29523     131       280       
1      937       718       29523     291       189       
1      527       834       29523     52        290       
1      597       628       29523     131       189       
1      549       676       29524     52        189       
1      499       576       29524     52        189       
1      375       48        29524     119       98        
1      1207      529       29524     192       189       
3      793       677       29524     290       189       
3      793       677       29524     290       189       
2      838       1207      29525     290       192       
1      1001      894       29525     291       291       
1      863       416       29525     290       100       
3      527       441       29526     52        168       
3      527       441       29526     52        168       
1      673       554       29526     189       189       
1      78        189       29526     9         286       
1      621       298       29527     280       277       
1      549       604       29527     52        189       
1      527       534       29527     52        199       
1      864       652       29527     290       189       
2      914       489       29527     291       199       
3      914       489       29527     291       199       
2      525       696       29527     52        189       
3      525       696       29527     52        189       
1      948       924       29527     290       290       
1      858       852       29528     290       291       
1      292       526       29528     87        52        
1      61        188       29528     98        286       
1      554       527       29528     189       52        
1      695       894       29529     189       291       
1      852       782       29529     291       291       
1      354       139       29529     119       57        
1      31        134       29529     9         9         
1      531       629       29529     189       189       
1      345       311       29530     299       87        
1      597       669       29530     131       280       
1      698       439       29530     189       189       
1      835       1388      29531     290       129       
1      527       393       29531     52        52        
1      864       508       29531     290       199       
1      171       21        29531     286       98        
1      892       716       29531     291       189       
1      839       247       29531     290       266       
1      389       533       29531     299       199       
3      804       694       29531     291       189       
3      804       694       29531     291       189       
1      325       717       29531     299       189       
1      835       646       29532     290       280       
1      972       839       29532     290       290       
1      697       1193      29532     189       129       
1      582       527       29532     189       52        
3      971       575       29532     290       189       
3      971       575       29532     290       189       
2      116       32        29533     9         98        
1      721       1001      29533     290       291       
1      755       620       29533     131       131       
1      959       604       29533     291       189       
1      981       651       29534     291       189       
1      1120      817       29534     84        290       
1      1132      940       29534     291       291       
1      135       334       29534     286       119       
1      1044      1217      29534     291       84        
1      926       573       29534     290       189       
1      817       479       29534     290       52        
1      504       442       29534     52        168       
1      551       624       29535     189       189       
1      597       480       29536     131       52        
1      791       652       29536     290       189       
1      817       10        29536     290       98        
2      336       745       29537     277       290       
1      304       650       29537     299       189       
1      235       117       29538     87        286       
1      486       670       29538     199       280       
1      191       171       29538     266       286       
1      654       512       29538     189       199       
1      504       392       29538     52        52        
1      457       648       29538     52        189       
1      758       628       29538     131       189       
2      924       672       29538     290       189       
1      791       696       29538     290       189       
3      947       414       29539     290       100       
1      137       695       29539     286       189       
2      947       414       29539     290       100       
1      680       630       29539     290       189       
1      81        416       29539     98        100       
1      717       228       29540     189       266       
3      598       811       29540     189       290       
3      598       811       29540     189       290       
1      1128      643       29541     291       131       
1      412       349       29541     52        127       
3      457       232       29541     52        266       
2      1128      1189      29541     291       192       
1      443       48        29542     168       98        
3      1001      1167      29542     291       291       
1      458       116       29542     52        9         
1      432       419       29543     52        168       
1      604       625       29543     189       189       
1      568       668       29543     52        280       
1      629       654       29544     189       189       
1      782       556       29544     291       199       
1      620       720       29544     131       290       
3      416       627       29544     100       189       
1      208       367       29545     286       299       
1      463       629       29545     168       189       
1      700       670       29545     290       280       
1      582       335       29545     189       119       
1      527       602       29545     52        189       
1      863       744       29546     290       290       
1      923       116       29546     290       9         
3      292       43        29547     87        9         
3      292       43        29547     87        9         
1      723       649       29547     290       189       
1      133       83        29547     9         98        
1      549       465       29547     52        199       
1      43        544       29548     9         52        
1      248       697       29548     266       189       
1      1142      1175      29548     84        129       
3      937       839       29548     291       290       
3      937       839       29548     291       290       
1      862       738       29548     290       189       
1      1129      1129      29549     291       291       
1      549       691       29549     52        131       
3      960       1090      29550     291       291       
2      960       1090      29550     291       291       
1      1066      698       29550     291       189       
1      439       604       29550     189       189       
1      1044      604       29550     291       189       
1      603       779       29550     189       131       
3      886       652       29550     290       189       
3      886       652       29550     290       189       
