COLUMNS

passenger_count
pickup_ID
dropoff_ID
request_time_sec
pickup_district
dropoff_district
LDuals
IDuals
vehicle_ID
pick_position
drop_position

REQUESTS_INFO
1      479       597       29461     52        131       143       143       41        1         2         
1      258       350       29483     87        127       176       176       43        1         2         
1      834       605       29464     290       189       186       186       50        1         2         
2      886       782       29433     290       291       271       271       70        1         2         
1      789       313       29470     290       87        125       125       94        1         3         
1      959       673       29395     291       189       269       269       107       1         3         
1      387       350       29452     299       127       172       172       115       1         2         
2      973       1581      29474     84        296       223       223       135       1         3         
1      237       116       29436     87        9         214       214       176       1         2         
1      505       646       29457     52        280       129       129       206       1         2         
3      1091      575       29397     291       189       324       324       258       1         2         
1      862       628       29436     290       189       243       243       346       1         5         
1      862       505       29485     290       52        127       127       346       2         6         
3      865       904       29426     290       290       258       258       359       1         2         
2      745       652       29443     290       189       169       169       429       1         2         
3      1109      576       29482     291       189       259       259       482       1         3         
1      793       768       29458     290       290       193       193       486       1         2         
2      1109      576       29482     291       189       259       259       488       1         2         
2      1066      981       29462     291       291       231       231       501       1         2         
1      852       628       29489     291       189       128       128       583       1         3         
1      927       765       29474     290       290       221       221       620       1         2         
3      928       652       29362     290       189       263       263       626       1         3         
1      928       395       29435     290       100       277       277       626       2         4         
3      865       904       29426     290       290       258       258       647       1         2         
1      749       652       29452     290       189       177.5     177.5     649       1         2         
3      938       670       29446     291       280       220       220       675       1         2         
1      791       99        29484     290       286       133       133       681       1         4         
1      838       746       29485     290       290       164       164       721       1         2         
1      794       698       29431     290       189       183       183       724       1         2         
1      991       969       29488     290       290       163       163       728       1         2         
1      1048      737       29479     291       189       215       215       731       1         2         
2      1167      1542      29330     291       296       368       368       732       1         2         
1      947       605       29410     290       189       280       280       782       1         2         
1      218       651       29443     87        189       155       155       857       1         2         
3      1189      578       29477     192       189       174       174       860       1         2         
1      505       649       29481     52        189       121       121       870       1         2         
1      914       647       29470     291       280       165       165       877       1         2         
1      663       399       29478     131       168       94.5      94.5      883       1         2         
3      863       627       29479     290       189       203       203       906       1         2         
3      835       673       29489     290       189       119       119       915       1         2         
1      1139      1077      29486     84        84        126       126       924       1         2         
1      861       722       29347     290       290       325       325       929       1         2         
1      749       671       29466     290       280       163.5     163.5     938       1         2         
1      909       652       29430     290       189       254       254       961       1         2         
1      981       1088      29470     291       291       184       184       1017      1         2         
4      947       738       29468     290       189       222       222       1034      1         2         
1      861       600       29453     290       280       219       219       1061      1         2         
3      886       782       29433     290       291       271       271       1068      1         2         
2      887       768       29357     290       290       327       327       1080      1         2         
1      836       766       29460     290       290       164       164       1083      1         2         
1      861       836       29471     290       290       192       192       1088      1         2         
1      842       675       29386     290       189       310       310       1090      1         4         
1      884       864       29469     290       290       190       190       1107      1         2         
1      970       905       29427     290       290       224       224       1118      1         5         
1      970       906       29460     290       290       200       200       1118      2         4         
1      749       603       29465     290       189       164.5     164.5     1129      1         3         
3      1045      1129      29426     291       291       278       278       1138      1         2         
3      1128      189       29192     291       286       485       485       1151      1         2         
1      1108      1115      29377     291       84        326       326       1169      1         2         
1      1044      958       29460     291       291       222       222       1185      1         2         
3      993       1198      29457     84        84        240       240       1186      1         2         
1      1090      718       29456     291       189       241       241       1191      1         2         
3      842       748       29447     290       290       153       153       1209      1         2         
3      980       557       29476     291       189       191       191       1227      1         3         
4      772       352       29432     290       119       190       190       1240      1         2         
1      1088      1267      29395     291       129       313       313       1242      1         3         
1      1129      1250      29471     291       129       191       191       1242      2         4         
1      906       603       29382     290       189       323       323       1243      1         3         
1      308       216       29462     127       178       150       150       1285      1         2         
1      413       651       29445     52        189       109       109       1294      1         4         
1      46        152       29490     98        9         0         0         0         0         0         
1      549       554       29490     52        189       0         0         0         0         0         
2      631       556       29490     189       199       0         0         0         0         0         
1      959       971       29491     291       290       0         0         0         0         0         
1      827       651       29491     291       189       0         0         0         0         0         
1      560       738       29491     189       189       0         0         0         0         0         
1      287       771       29491     299       290       0         0         0         0         0         
1      133       760       29491     9         291       0         0         0         0         0         
1      533       49        29491     199       98        0         0         0         0         0         
1      228       31        29492     266       9         0         0         0         0         0         
1      399       570       29492     168       52        0         0         0         0         0         
1      246       408       29492     266       299       0         0         0         0         0         
1      466       557       29492     199       189       0         0         0         0         0         
1      598       717       29492     189       189       0         0         0         0         0         
1      1148      1068      29492     291       291       0         0         0         0         0         
1      507       416       29493     189       100       0         0         0         0         0         
2      330       924       29493     127       290       0         0         0         0         0         
1      936       904       29493     291       290       0         0         0         0         0         
1      559       61        29493     189       98        0         0         0         0         0         
1      1192      737       29493     129       189       0         0         0         0         0         
1      479       476       29493     52        52        0         0         0         0         0         
1      805       675       29494     291       189       0         0         0         0         0         
1      463       650       29494     168       189       0         0         0         0         0         
1      991       675       29494     290       189       0         0         0         0         0         
1      551       116       29495     189       9         0         0         0         0         0         
1      418       504       29495     168       52        0         0         0         0         0         
1      257       415       29495     87        100       0         0         0         0         0         
2      536       579       29495     189       189       0         0         0         0         0         
3      536       579       29495     189       189       0         0         0         0         0         
1      252       394       29495     206       100       0         0         0         0         0         
2      306       675       29496     299       189       0         0         0         0         0         
1      722       601       29496     290       189       0         0         0         0         0         
1      1048      117       29496     291       286       0         0         0         0         0         
1      1097      1032      29496     84        84        0         0         0         0         0         
1      894       1517      29496     291       296       0         0         0         0         0         
1      1010      923       29496     290       290       0         0         0         0         0         
1      745       839       29496     290       290       0         0         0         0         0         
2      528       414       29496     52        100       0         0         0         0         0         
3      738       779       29496     189       131       0         0         0         0         0         
2      738       779       29496     189       131       0         0         0         0         0         
3      528       414       29496     52        100       0         0         0         0         0         
1      925       726       29497     290       290       0         0         0         0         0         
1      433       47        29497     52        98        0         0         0         0         0         
2      66        123       29497     98        54        0         0         0         0         0         
1      817       904       29497     290       290       0         0         0         0         0         
1      355       605       29498     119       189       0         0         0         0         0         
1      621       670       29498     280       280       0         0         0         0         0         
2      926       759       29498     290       131       0         0         0         0         0         
1      621       579       29498     280       189       0         0         0         0         0         
1      621       695       29498     280       189       0         0         0         0         0         
1      418       526       29498     168       52        0         0         0         0         0         
2      905       536       29499     290       189       0         0         0         0         0         
3      905       536       29499     290       189       0         0         0         0         0         
1      390       549       29500     52        52        0         0         0         0         0         
1      333       270       29500     119       127       0         0         0         0         0         
1      673       603       29500     189       189       0         0         0         0         0         
1      292       195       29501     87        207       0         0         0         0         0         
1      947       437       29502     290       100       0         0         0         0         0         
3      581       78        29502     189       9         0         0         0         0         0         
1      702       652       29502     290       189       0         0         0         0         0         
1      772       671       29502     290       280       0         0         0         0         0         
1      914       781       29502     291       291       0         0         0         0         0         
2      581       78        29502     189       9         0         0         0         0         0         
3      582       324       29503     189       299       0         0         0         0         0         
3      582       324       29503     189       299       0         0         0         0         0         
1      646       745       29503     280       290       0         0         0         0         0         
1      291       232       29503     87        266       0         0         0         0         0         
1      827       651       29503     291       189       0         0         0         0         0         
2      374       557       29504     119       189       0         0         0         0         0         
2      551       577       29504     189       189       0         0         0         0         0         
1      579       247       29504     189       266       0         0         0         0         0         
1      374       352       29504     119       119       0         0         0         0         0         
3      646       31        29505     280       9         0         0         0         0         0         
1      917       696       29505     291       189       0         0         0         0         0         
1      864       745       29505     290       290       0         0         0         0         0         
1      608       648       29505     189       189       0         0         0         0         0         
2      646       31        29505     280       9         0         0         0         0         0         
1      850       836       29506     291       290       0         0         0         0         0         
1      861       116       29506     290       9         0         0         0         0         0         
1      688       603       29506     131       189       0         0         0         0         0         
1      861       440       29507     290       168       0         0         0         0         0         
1      874       418       29507     291       168       0         0         0         0         0         
3      983       673       29507     291       189       0         0         0         0         0         
3      983       673       29507     291       189       0         0         0         0         0         
1      701       629       29507     290       189       0         0         0         0         0         
3      549       647       29508     52        280       0         0         0         0         0         
2      549       647       29508     52        280       0         0         0         0         0         
1      485       650       29508     189       189       0         0         0         0         0         
2      485       816       29508     189       290       0         0         0         0         0         
4      650       738       29508     189       189       0         0         0         0         0         
4      1002      692       29508     291       280       0         0         0         0         0         
1      528       398       29508     52        168       0         0         0         0         0         
1      118       153       29508     286       286       0         0         0         0         0         
1      598       291       29508     189       87        0         0         0         0         0         
1      410       604       29509     52        189       0         0         0         0         0         
1      716       31        29509     189       9         0         0         0         0         0         
1      721       903       29509     290       290       0         0         0         0         0         
1      466       630       29509     199       189       0         0         0         0         0         
1      788       652       29509     290       189       0         0         0         0         0         
1      99        273       29510     286       206       0         0         0         0         0         
1      927       649       29510     290       189       0         0         0         0         0         
2      330       828       29510     127       291       0         0         0         0         0         
1      532       484       29510     199       189       0         0         0         0         0         
4      654       415       29510     189       100       0         0         0         0         0         
2      1048      813       29510     291       290       0         0         0         0         0         
4      937       804       29511     291       291       0         0         0         0         0         
1      526       675       29511     52        189       0         0         0         0         0         
3      864       884       29512     290       290       0         0         0         0         0         
1      527       534       29512     52        199       0         0         0         0         0         
1      1010      479       29512     290       52        0         0         0         0         0         
4      626       672       29512     189       189       0         0         0         0         0         
1      434       389       29512     52        299       0         0         0         0         0         
2      688       625       29513     131       189       0         0         0         0         0         
1      1089      604       29513     291       189       0         0         0         0         0         
1      883       803       29513     290       291       0         0         0         0         0         
3      551       624       29513     189       189       0         0         0         0         0         
2      551       624       29513     189       189       0         0         0         0         0         
2      771       970       29513     290       290       0         0         0         0         0         
2      557       116       29514     189       9         0         0         0         0         0         
1      527       580       29514     52        189       0         0         0         0         0         
1      735       602       29514     131       189       0         0         0         0         0         
2      604       697       29514     189       189       0         0         0         0         0         
1      848       670       29514     291       280       0         0         0         0         0         
2      398       1207      29515     168       192       0         0         0         0         0         
1      804       760       29515     291       291       0         0         0         0         0         
1      358       78        29515     168       9         0         0         0         0         0         
1      364       710       29515     299       131       0         0         0         0         0         
1      725       533       29515     290       199       0         0         0         0         0         
1      291       351       29516     87        52        0         0         0         0         0         
1      463       328       29516     168       299       0         0         0         0         0         
2      527       355       29516     52        119       0         0         0         0         0         
1      134       288       29516     9         127       0         0         0         0         0         
2      78        981       29516     9         291       0         0         0         0         0         
3      78        981       29516     9         291       0         0         0         0         0         
1      712       698       29517     131       189       0         0         0         0         0         
1      499       645       29518     52        280       0         0         0         0         0         
1      596       505       29518     131       52        0         0         0         0         0         
3      653       582       29519     189       189       0         0         0         0         0         
3      1320      1229      29519     129       129       0         0         0         0         0         
3      662       1045      29519     131       291       0         0         0         0         0         
2      662       1045      29519     131       291       0         0         0         0         0         
2      527       350       29519     52        127       0         0         0         0         0         
3      527       350       29519     52        127       0         0         0         0         0         
