COLUMNS

passenger_count
pickup_ID
dropoff_ID
request_time_sec
pickup_district
dropoff_district

REQUESTS_INFO
1      692       685       30480     280       999       
1      667       571       30480     131       52        
1      598       627       30481     189       189       
2      605       906       30481     189       290       
3      118       581       30481     286       189       
3      605       906       30481     189       290       
1      874       647       30481     291       280       
1      632       883       30482     189       290       
2      482       760       30483     189       291       
1      767       485       30483     290       189       
2      841       644       30483     290       131       
3      623       581       30484     280       189       
1      882       551       30484     290       189       
3      623       581       30484     280       189       
1      874       526       30484     291       52        
1      526       1285      30485     52        129       
1      257       929       30485     87        290       
4      458       777       30485     52        131       
1      436       556       30487     100       199       
1      347       671       30487     299       280       
1      926       1218      30487     290       84        
3      388       593       30488     299       52        
1      670       650       30488     280       189       
1      556       396       30488     199       119       
2      1001      803       30488     291       291       
3      1001      803       30488     291       291       
2      388       593       30488     299       52        
1      156       578       30489     286       189       
1      327       116       30489     299       9         
1      720       573       30489     290       189       
2      451       861       30490     999       290       
1      527       498       30491     52        52        
3      81        599       30491     98        280       
1      711       640       30491     131       131       
2      836       527       30491     290       52        
3      836       527       30491     290       52        
1      1065      1211      30492     291       129       
1      461       556       30492     189       199       
3      293       371       30493     87        52        
1      836       651       30493     290       189       
1      1090      876       30493     291       50        
2      293       371       30493     87        52        
3      767       527       30494     290       52        
1      390       170       30494     52        286       
3      842       551       30494     290       189       
2      842       551       30494     290       189       
2      767       527       30494     290       52        
3      924       837       30495     290       290       
3      924       837       30495     290       290       
3      608       1005      30496     189       50        
1      1142      677       30496     84        189       
1      366       499       30496     299       52        
3      1089      851       30497     291       291       
1      1001      1301      30497     291       192       
1      1120      720       30497     84        290       
2      1089      851       30497     291       291       
1      928       925       30498     290       290       
1      368       61        30499     299       98        
2      627       740       30499     189       50        
2      859       532       30499     290       199       
1      883       812       30499     290       290       
1      841       296       30500     290       277       
1      1096      675       30500     84        189       
1      621       629       30500     280       189       
1      629       649       30500     189       189       
1      443       582       30500     168       189       
1      754       914       30501     999       291       
1      556       685       30501     199       999       
1      621       694       30501     280       189       
1      330       414       30502     127       100       
1      839       1067      30502     290       291       
3      1065      574       30503     291       189       
1      945       833       30505     50        50        
1      598       777       30505     189       131       
2      1160      1037      30505     84        84        
3      527       155       30505     52        286       
2      527       155       30505     52        286       
1      734       1555      30505     131       296       
1      642       526       30506     131       52        
1      497       372       30506     999       119       
1      527       727       30507     52        290       
1      688       826       30507     131       291       
1      1003      649       30507     291       189       
3      778       526       30508     131       52        
1      812       527       30508     290       52        
3      778       526       30508     131       52        
4      579       61        30509     189       98        
1      623       504       30509     280       52        
1      461       498       30509     189       52        
1      1355      434       30509     129       52        
3      888       373       30510     290       119       
1      927       782       30510     290       291       
1      504       335       30510     52        119       
1      903       327       30510     290       299       
1      894       620       30510     291       131       
2      354       720       30510     119       290       
2      883       603       30510     290       189       
1      970       656       30510     290       290       
