COLUMNS

passenger_count
pickup_ID
dropoff_ID
request_time_sec
pickup_district
dropoff_district

REQUESTS_INFO
3      351       436       50100     52        100       
1      483       650       50100     189       189       
2      408       440       50100     299       168       
3      408       440       50100     299       168       
1      413       481       50101     52        189       
1      760       720       50101     291       290       
1      408       307       50101     299       127       
1      744       721       50101     290       290       
1      376       488       50102     168       199       
1      649       607       50102     189       189       
1      211       593       50102     266       52        
1      695       827       50102     189       291       
1      390       285       50102     52        299       
1      192       80        50103     266       98        
1      947       909       50103     290       290       
4      371       526       50103     52        52        
1      677       677       50103     189       189       
1      527       9         50104     52        98        
1      528       668       50104     52        280       
1      45        45        50104     98        98        
2      760       804       50105     291       291       
1      1002      791       50105     291       290       
1      668       894       50105     280       291       
2      463       465       50106     168       199       
3      463       465       50106     168       199       
2      463       465       50106     168       199       
3      463       465       50106     168       199       
3      795       724       50106     290       290       
3      795       724       50106     290       290       
1      116       737       50106     9         189       
2      430       736       50106     52        131       
1      616       904       50106     131       290       
1      526       510       50107     52        199       
1      573       600       50107     189       280       
1      218       308       50107     87        127       
3      557       483       50108     189       189       
3      557       483       50108     189       189       
1      949       813       50109     290       290       
1      418       483       50109     168       189       
1      533       601       50109     199       189       
1      354       480       50110     119       52        
1      483       768       50111     189       290       
1      98        278       50111     98        87        
1      1065      511       50112     291       199       
1      576       438       50112     189       100       
1      332       714       50112     87        131       
1      484       650       50112     189       189       
2      745       698       50112     290       189       
3      553       717       50112     189       189       
1      549       390       50112     52        52        
1      290       269       50112     127       127       
1      948       969       50113     290       290       
1      760       651       50113     291       189       
2      724       550       50113     290       189       
2      791       702       50114     290       290       
1      621       697       50115     280       189       
1      376       463       50115     168       168       
1      436       440       50116     100       168       
1      716       390       50116     189       52        
1      749       675       50116     290       189       
2      505       782       50116     52        291       
1      578       330       50117     189       127       
2      499       458       50117     52        52        
1      438       465       50117     100       199       
1      292       527       50117     87        52        
2      395       232       50118     100       266       
1      696       431       50118     189       52        
1      233       409       50119     206       52        
1      1167      1088      50119     291       291       
1      677       463       50119     189       168       
3      410       694       50120     52        189       
1      992       1046      50120     290       291       
1      720       578       50120     290       189       
2      629       621       50121     189       280       
1      349       481       50121     127       189       
3      671       739       50121     280       189       
1      760       673       50121     291       189       
3      417       252       50121     100       206       
2      698       602       50122     189       189       
1      358       358       50122     168       168       
1      718       413       50122     189       52        
3      579       882       50123     189       290       
3      455       617       50124     52        131       
1      749       906       50124     290       290       
1      718       1032      50124     189       84        
1      547       312       50124     52        87        
1      1016      1032      50124     84        84        
1      462       479       50124     189       52        
3      455       617       50124     52        131       
4      249       117       50125     266       286       
1      62        188       50125     98        286       
1      568       408       50125     52        299       
1      697       805       50126     189       291       
2      477       35        50126     52        98        
1      443       839       50126     168       290       
2      960       350       50126     291       127       
3      233       268       50126     206       299       
3      233       268       50126     206       299       
1      527       646       50127     52        280       
2      577       724       50127     189       290       
3      827       749       50128     291       290       
3      256       412       50128     87        52        
1      1087      1010      50128     291       290       
1      417       458       50129     100       52        
2      968       577       50129     290       189       
2      465       416       50129     199       100       
3      968       577       50129     290       189       
1      603       579       50129     189       189       
1      755       640       50130     131       131       
1      572       173       50130     131       286       
