COLUMNS

passenger_count
pickup_ID
dropoff_ID
ready_time_sec
pickup_district
dropoff_district
LDuals
IDuals
vehicle_ID
pick_position
drop_position

REQUESTS_INFO
3      397       257       49529     168       87        371       371       6         1         2         
1      579       527       49603     189       52        283       283       10        1         3         
1      395       413       49623     100       52        227       227       15        1         2         
1      679       584       49405     290       189       475       475       16        2         3         
2      505       745       49620     52        290       238       238       22        1         3         
3      981       1188      49626     291       192       231       231       33        1         2         
1      652       860       49374     189       290       419       419       53        1         4         
1      502       273       49633     52        206       239       239       55        2         4         
1      372       125       49623     119       54        255       255       57        1         3         
1      549       961       49599     52        291       258.333   258.333   59        1         3         
3      646       116       49602     280       9         257       257       60        1         3         
2      633       464       49607     189       168       323       323       70        1         2         
1      925       1003      49510     290       291       312       312       83        1         3         
3      654       626       49478     189       189       410       410       84        1         3         
1      43        325       49638     9         299       123       123       91        1         2         
3      574       287       49557     189       299       320       320       106       1         3         
1      991       557       49648     290       189       164       164       111       1         3         
2      766       653       49584     290       189       268       268       113       1         3         
2      616       412       49596     131       52        321       321       115       1         3         
3      851       670       49636     291       280       272       272       119       2         4         
1      760       229       49640     291       266       217       217       127       2         4         
3      616       412       49596     131       52        321       321       137       1         3         
1      793       834       49641     290       290       245       245       138       2         3         
3      793       559       49328     290       189       565       565       141       1         3         
2      747       947       49528     290       290       349       349       143       1         4         
2      747       860       49615     290       290       262       262       143       2         3         
2      1087      1032      49579     291       84        222       222       146       1         2         
1      801       478       49562     291       52        292       292       156       1         4         
4      531       581       49211     189       189       716       716       157       1         2         
1      670       599       49596     280       280       239       239       161       1         3         
4      648       593       49537     189       52        346       346       169       1         2         
1      711       227       49504     131       266       321       321       170       1         3         
1      582       531       49633     189       189       239       239       176       1         2         
3      581       835       49578     189       290       321       321       177       1         3         
3      619       1066      49487     131       291       403       403       180       1         3         
2      352       605       49428     119       189       445       445       192       1         3         
2      924       557       49623     290       189       211       211       195       1         4         
2      882       722       49636     290       290       220       220       195       2         3         
1      862       439       49560     290       189       287       287       196       1         4         
3      959       668       49403     291       280       475       475       203       1         3         
1      759       421       49626     131       168       208.333   208.333   216       2         4         
1      697       850       49623     189       291       204       204       220       1         4         
2      673       734       49583     189       131       291       291       220       2         3         
1      560       527       49599     189       52        282       282       236       1         4         
1      331       557       49612     127       189       274       274       243       1         3         
1      354       626       49424     119       189       439       439       252       1         2         
3      791       993       49383     290       84        482       482       257       1         4         
1      791       766       49632     290       290       233       233       257       2         3         
1      1132      937       49605     291       291       148       148       260       1         3         
1      606       748       49355     189       290       525       525       261       1         2         
1      505       556       49596     52        199       262       262       263       1         4         
1      439       498       49643     189       52        211       211       265       1         3         
1      533       438       49566     199       100       276       276       279       1         2         
2      555       693       49629     199       280       202       202       282       1         3         
3      672       232       49596     189       266       271       271       309       1         2         
1      743       969       49627     290       290       228       228       316       1         3         
3      864       772       49589     290       290       291       291       317       1         3         
1      864       482       49621     290       189       210       210       317       2         4         
1      345       234       49601     299       87        225       225       328       1         2         
4      374       512       49542     119       199       363       363       335       1         2         
2      507       575       49520     189       189       377       377       342       1         2         
1      675       714       49645     189       131       211       211       345       1         3         
1      700       849       49561     290       291       339       339       345       2         4         
2      804       507       49459     291       189       432.333   432.333   351       1         3         
4      465       313       49364     199       87        546       546       352       1         2         
4      462       272       49608     189       127       282       282       353       1         2         
3      581       527       49540     189       52        359       359       355       1         3         
1      692       651       49617     280       189       216       216       357       1         3         
2      772       533       49593     290       199       191       191       359       1         3         
2      462       745       49361     189       290       524       524       366       1         4         
1      526       486       49631     52        199       222       222       368       1         2         
1      813       905       49639     290       290       224       224       374       1         2         
4      760       408       49649     291       299       251       251       376       2         3         
1      749       814       49596     290       290       259       259       393       2         3         
1      675       858       49522     189       290       278       278       398       1         2         
3      582       580       49604     189       189       288       288       403       1         3         
1      581       702       49629     189       290       270       270       403       2         4         
2      549       231       49529     52        266       328.333   328.333   408       1         2         
4      803       958       49325     291       291       623       623       409       1         2         
3      484       695       49545     189       189       348       348       415       1         2         
1      767       485       49620     290       189       246       246       418       1         2         
3      619       1066      49487     131       291       403       403       422       1         2         
1      697       859       49550     189       290       278       278       425       1         4         
3      720       984       49240     290       291       638       638       429       1         3         
2      389       438       49636     299       100       175       175       440       1         3         
3      838       477       49599     290       52        266       266       460       1         3         
1      906       991       49603     290       290       236       236       464       1         3         
3      633       464       49607     189       168       323       323       470       3         4         
1      665       805       49565     131       291       298       298       473       1         3         
1      507       604       49594     189       189       264       264       477       1         2         
1      990       1047      49580     290       291       265       265       480       1         3         
1      905       949       49523     290       290       269       269       487       1         2         
3      925       1024      49554     290       291       307       307       495       1         3         
1      414       355       49625     100       119       184       184       499       1         3         
1      648       744       49631     189       290       215       215       509       1         3         
1      695       534       49596     189       199       245       245       511       1         3         
1      504       546       49591     52        52        287       287       518       1         3         
1      504       310       49599     52        127       289       289       518       2         4         
3      649       505       49606     189       52        271       271       520       1         3         
3      698       122       49648     189       54        194       194       526       1         3         
2      511       839       49635     199       290       240       240       527       1         3         
3      1087      1032      49579     291       84        251       251       528       1         2         
1      817       375       49617     290       119       124       124       529       1         4         
1      627       10        49612     189       98        176       176       534       1         3         
1      777       1603      49597     131       296       301       301       538       1         3         
2      509       486       49509     199       199       367       367       543       1         2         
3      582       580       49604     189       189       288       288       545       1         2         
1      524       694       49636     52        189       241       241       551       1         3         
1      722       738       49553     290       189       304       304       555       1         3         
1      386       552       49623     299       189       173       173       556       1         4         
3      509       599       49473     199       280       426       426       558       1         2         
3      479       46        49539     52        98        352       352       567       1         2         
1      668       604       49579     280       189       289       289       569       1         3         
2      758       624       49564     131       189       258       258       572       1         3         
1      779       602       49620     131       189       277.333   277.333   572       2         4         
3      695       413       49547     189       52        294       294       573       2         4         
3      1069      937       49393     291       291       469       469       576       1         2         
3      310       180       49566     127       178       267       267       591       1         3         
4      618       479       49496     131       52        405       405       592       1         2         
3      882       722       49636     290       290       220       220       594       1         3         
1      858       670       49645     290       280       186       186       596       1         3         
2      812       628       49614     290       189       228       228       601       1         3         
1      439       439       49634     189       189       159       159       605       1         3         
1      483       308       49616     189       127       264       264       605       2         5         
1      759       915       49450     131       291       405       405       606       1         3         
1      549       532       49593     52        199       264.333   264.333   610       1         3         
3      651       836       49628     189       290       236       236       611       1         3         
2      1087      924       49554     291       290       247       247       620       1         2         
1      414       623       49525     100       280       206       206       625       1         3         
1      355       179       49601     119       178       276       276       657       1         4         
1      294       241       49421     87        87        402       402       661       1         2         
4      905       859       49512     290       290       349       349       663       1         2         
1      554       626       49589     189       189       261       261       671       1         4         
2      529       645       49613     189       280       269       269       673       1         3         
2      744       527       49630     290       52        222       222       684       1         4         
3      415       737       49563     100       189       297       297       685       1         3         
2      642       415       49626     131       100       188       188       697       1         3         
1      864       1011      49608     290       84        186       186       700       1         3         
4      993       949       49575     84        290       263       263       702       1         2         
1      501       377       49641     52        168       206       206       705       1         3         
3      896       1001      49413     291       291       503       503       706       1         2         
4      623       551       49571     280       189       312       312       710       2         3         
1      838       276       49612     290       87        205       205       714       1         4         
3      887       885       49414     290       290       479       479       720       1         2         
1      720       834       49643     290       290       242       242       727       1         3         
2      583       312       49603     189       87        334       334       728       1         4         
1      760       420       49632     291       168       230       230       729       1         3         
3      792       655       49287     290       189       572       572       731       1         3         
3      816       608       49607     290       189       252       252       732       1         2         
2      700       577       49560     290       189       312       312       733       1         3         
1      745       882       49639     290       290       236       236       750       1         2         
3      646       116       49602     280       9         257       257       758       1         3         
3      940       1106      49624     291       291       254       254       760       1         2         
3      441       581       49489     168       189       374       374       761       1         2         
2      871       895       49636     291       291       287       287       765       1         2         
1      905       908       49496     290       290       264       264       775       1         2         
2      648       650       49511     189       189       335       335       776       1         3         
3      940       175       49584     291       266       294       294       782       1         2         
3      484       604       49370     189       189       523       523       796       1         3         
1      860       991       49516     290       290       359       359       798       1         2         
1      309       534       49619     127       199       225       225       812       1         3         
1      739       923       49603     189       290       242       242       813       1         3         
1      549       694       49636     52        189       221.333   221.333   817       1         4         
1      549       697       49641     52        189       216.333   216.333   817       2         5         
1      907       924       49421     290       290       458       458       824       1         2         
1      332       86        49583     87        287       225       225       825       1         4         
1      726       851       49613     290       291       238       238       827       1         3         
1      700       837       49635     290       290       197       197       837       1         4         
1      652       719       49579     189       189       270       270       838       1         2         
3      744       527       49630     290       52        249       249       842       1         3         
3      864       772       49589     290       290       291       291       845       1         2         
1      826       1128      49627     291       291       115       115       846       1         5         
3      871       895       49636     291       291       287       287       848       1         3         
3      925       479       49580     290       52        281       281       852       1         3         
1      1189      1213      49647     192       129       90        90        861       1         4         
3      554       393       49530     189       52        338       338       867       1         3         
1      861       946       49621     290       290       235       235       870       1         2         
1      873       747       49615     291       290       225.667   225.667   876       1         3         
1      531       650       49645     189       189       240       240       879       1         4         
2      812       1065      49456     290       291       377       377       880       1         3         
1      287       372       49604     299       119       174       174       884       1         3         
3      286       545       49438     299       52        370       370       884       2         4         
2      663       758       49619     131       131       273       273       890       1         2         
3      940       1106      49624     291       291       254       254       895       1         3         
1      1023      1032      49492     291       84        317       317       898       1         3         
1      1044      1213      49640     291       129       185       185       898       2         5         
1      626       668       49581     189       280       312       312       905       1         3         
2      760       504       49598     291       52        292       292       916       1         3         
1      827       915       49616     291       291       226.667   226.667   924       1         3         
3      827       572       49620     291       131       291       291       924       2         4         
1      654       414       49571     189       100       311       311       930       1         4         
1      925       417       49605     290       100       249       249       939       1         3         
2      1044      1143      49626     291       84        199       199       940       2         5         
3      672       431       49572     189       52        283       283       941       2         4         
2      907       818       49570     290       290       309       309       946       1         3         
2      883       1108      49577     290       291       274       274       950       1         3         
2      672       431       49572     189       52        283       283       957       2         4         
3      971       1138      49615     290       84        197       197       961       1         3         
1      980       1047      49578     291       291       255.667   255.667   966       1         3         
1      601       694       49632     189       189       224       224       968       1         3         
2      578       742       49632     189       290       251       251       968       2         4         
1      726       45        49486     290       98        335       335       974       1         4         
1      417       600       49628     100       280       215       215       976       1         2         
1      1023      915       49560     291       291       260       260       979       1         2         
3      805       834       49506     291       290       403       403       995       1         2         
1      655       512       49592     189       199       321       321       996       1         3         
3      352       464       49586     119       168       287       287       1001      1         3         
1      623       624       49645     280       189       238       238       1002      1         3         
2      1121      1192      49603     84        129       187       187       1005      1         3         
3      511       839       49635     199       290       250       250       1010      1         3         
1      352       554       49631     119       189       234       234       1014      1         3         
3      1068      939       49419     291       291       437       437       1023      1         2         
4      621       506       49354     280       189       572       572       1024      1         2         
1      532       272       49635     199       127       203       203       1026      1         2         
1      628       438       49535     189       100       327       327       1028      1         3         
1      746       488       49571     290       199       251       251       1031      1         4         
1      545       526       49430     52        52        453       453       1041      1         2         
3      607       1530      49470     189       296       427       427       1045      1         3         
1      430       137       49648     52        286       128       128       1047      1         2         
1      460       597       49461     189       131       397       397       1049      1         3         
1      573       485       49485     189       189       381       381       1050      1         2         
2      480       365       49629     52        299       270       270       1055      1         3         
2      533       415       49410     199       100       457       457       1063      1         4         
1      509       527       49607     199       52        269       269       1063      2         3         
1      483       810       49592     189       290       293       293       1075      1         3         
3      483       650       49590     189       189       305       305       1075      2         4         
3      314       463       49459     119       168       384       384       1093      1         3         
1      314       509       49629     119       199       214       214       1093      2         4         
2      621       917       49650     280       291       0         0         0         0         0         
2      199       504       49650     178       52        0         0         0         0         0         
1      693       737       49650     280       189       0         0         0         0         0         
1      484       698       49651     189       189       0         0         0         0         0         
1      674       915       49651     189       291       0         0         0         0         0         
1      597       759       49651     131       131       0         0         0         0         0         
1      312       458       49651     87        52        0         0         0         0         0         
2      527       504       49651     52        52        0         0         0         0         0         
1      416       558       49651     100       189       0         0         0         0         0         
2      430       779       49652     52        131       0         0         0         0         0         
2      556       506       49652     199       189       0         0         0         0         0         
2      694       527       49652     189       52        0         0         0         0         0         
1      274       306       49653     87        299       0         0         0         0         0         
1      295       465       49653     87        199       0         0         0         0         0         
3      894       1088      49654     291       291       0         0         0         0         0         
2      894       1088      49654     291       291       0         0         0         0         0         
1      1044      1148      49655     291       291       0         0         0         0         0         
1      530       212       49655     189       266       0         0         0         0         0         
2      689       647       49655     131       280       0         0         0         0         0         
3      689       647       49655     131       280       0         0         0         0         0         
1      841       836       49655     290       290       0         0         0         0         0         
1      527       601       49655     52        189       0         0         0         0         0         
1      583       509       49655     189       199       0         0         0         0         0         
3      161       295       49656     178       87        0         0         0         0         0         
1      837       1056      49656     290       84        0         0         0         0         0         
2      232       219       49656     266       87        0         0         0         0         0         
1      627       394       49656     189       100       0         0         0         0         0         
1      804       532       49656     291       199       0         0         0         0         0         
1      649       743       49657     189       290       0         0         0         0         0         
1      598       671       49657     189       280       0         0         0         0         0         
1      862       674       49657     290       189       0         0         0         0         0         
1      1069      925       49657     291       290       0         0         0         0         0         
1      675       581       49657     189       189       0         0         0         0         0         
1      21        669       49657     98        280       0         0         0         0         0         
1      652       742       49657     189       290       0         0         0         0         0         
1      790       651       49658     290       189       0         0         0         0         0         
1      175       392       49658     266       52        0         0         0         0         0         
2      305       32        49658     299       98        0         0         0         0         0         
1      457       618       49658     52        131       0         0         0         0         0         
1      527       377       49658     52        168       0         0         0         0         0         
1      536       698       49658     189       189       0         0         0         0         0         
2      1042      1529      49659     291       296       0         0         0         0         0         
1      368       371       49659     299       52        0         0         0         0         0         
1      32        507       49659     98        189       0         0         0         0         0         
1      332       115       49659     87        9         0         0         0         0         0         
1      926       842       49660     290       290       0         0         0         0         0         
1      436       409       49660     100       52        0         0         0         0         0         
1      859       990       49660     290       290       0         0         0         0         0         
1      256       509       49660     87        199       0         0         0         0         0         
1      873       735       49660     291       131       0         0         0         0         0         
1      875       669       49661     291       280       0         0         0         0         0         
1      64        534       49661     98        199       0         0         0         0         0         
1      367       325       49661     299       299       0         0         0         0         0         
1      1053      914       49661     84        291       0         0         0         0         0         
1      171       116       49661     286       9         0         0         0         0         0         
1      549       695       49661     52        189       0         0         0         0         0         
1      738       1197      49662     189       129       0         0         0         0         0         
3      336       10        49662     277       98        0         0         0         0         0         
3      336       10        49662     277       98        0         0         0         0         0         
1      460       332       49663     189       87        0         0         0         0         0         
1      837       903       49663     290       290       0         0         0         0         0         
1      815       677       49663     290       189       0         0         0         0         0         
1      714       715       49663     131       131       0         0         0         0         0         
1      239       393       49663     87        52        0         0         0         0         0         
1      881       693       49663     290       280       0         0         0         0         0         
1      556       676       49663     199       189       0         0         0         0         0         
3      392       233       49663     52        206       0         0         0         0         0         
2      392       233       49663     52        206       0         0         0         0         0         
1      440       583       49664     168       189       0         0         0         0         0         
2      581       768       49664     189       290       0         0         0         0         0         
1      675       524       49666     189       52        0         0         0         0         0         
1      273       194       49666     206       207       0         0         0         0         0         
1      498       828       49666     52        291       0         0         0         0         0         
2      646       720       49666     280       290       0         0         0         0         0         
1      608       949       49666     189       290       0         0         0         0         0         
3      509       651       49667     199       189       0         0         0         0         0         
1      929       1616      49667     290       296       0         0         0         0         0         
2      859       837       49667     290       290       0         0         0         0         0         
1      463       529       49667     168       189       0         0         0         0         0         
1      487       276       49667     199       87        0         0         0         0         0         
1      580       267       49668     189       266       0         0         0         0         0         
1      526       959       49668     52        291       0         0         0         0         0         
1      420       332       49668     168       87        0         0         0         0         0         
1      719       415       49669     189       100       0         0         0         0         0         
2      193       604       49670     266       189       0         0         0         0         0         
1      556       153       49670     199       286       0         0         0         0         0         
3      581       721       49670     189       290       0         0         0         0         0         
1      158       64        49670     174       98        0         0         0         0         0         
2      626       392       49670     189       52        0         0         0         0         0         
1      597       189       49671     131       286       0         0         0         0         0         
2      654       351       49671     189       52        0         0         0         0         0         
2      194       737       49671     207       189       0         0         0         0         0         
1      507       747       49671     189       290       0         0         0         0         0         
3      738       97        49671     189       9         0         0         0         0         0         
3      738       97        49671     189       9         0         0         0         0         0         
1      298       349       49672     277       127       0         0         0         0         0         
1      818       629       49672     290       189       0         0         0         0         0         
1      654       511       49672     189       199       0         0         0         0         0         
1      527       412       49672     52        52        0         0         0         0         0         
1      628       748       49672     189       290       0         0         0         0         0         
1      356       488       49672     119       199       0         0         0         0         0         
1      631       399       49672     189       168       0         0         0         0         0         
1      817       804       49672     290       291       0         0         0         0         0         
2      352       408       49673     119       299       0         0         0         0         0         
2      47        100       49673     98        57        0         0         0         0         0         
1      691       800       49673     131       131       0         0         0         0         0         
2      459       174       49673     189       266       0         0         0         0         0         
2      778       502       49673     131       52        0         0         0         0         0         
1      1048      749       49673     291       290       0         0         0         0         0         
3      701       655       49673     290       189       0         0         0         0         0         
3      701       655       49673     290       189       0         0         0         0         0         
2      308       409       49674     127       52        0         0         0         0         0         
1      811       904       49674     290       290       0         0         0         0         0         
3      308       409       49674     127       52        0         0         0         0         0         
1      645       35        49674     280       98        0         0         0         0         0         
1      1089      1503      49674     291       296       0         0         0         0         0         
2      1090      1169      49674     291       291       0         0         0         0         0         
1      765       827       49674     290       291       0         0         0         0         0         
1      559       579       49674     189       189       0         0         0         0         0         
1      527       551       49674     52        189       0         0         0         0         0         
1      560       631       49675     189       189       0         0         0         0         0         
4      330       232       49676     127       266       0         0         0         0         0         
1      858       790       49676     290       290       0         0         0         0         0         
1      486       672       49676     199       189       0         0         0         0         0         
1      534       697       49676     199       189       0         0         0         0         0         
1      1191      1175      49676     129       129       0         0         0         0         0         
1      275       45        49676     87        98        0         0         0         0         0         
1      215       285       49676     178       299       0         0         0         0         0         
3      259       399       49676     87        168       0         0         0         0         0         
2      259       399       49676     87        168       0         0         0         0         0         
2      285       760       49677     299       291       0         0         0         0         0         
1      664       625       49677     131       189       0         0         0         0         0         
3      285       760       49677     299       291       0         0         0         0         0         
1      630       557       49677     189       189       0         0         0         0         0         
1      285       226       49677     299       266       0         0         0         0         0         
1      647       650       49677     280       189       0         0         0         0         0         
1      551       412       49677     189       52        0         0         0         0         0         
1      1604      1417      49677     296       129       0         0         0         0         0         
1      228       98        49677     266       98        0         0         0         0         0         
1      860       652       49678     290       189       0         0         0         0         0         
1      415       508       49678     100       199       0         0         0         0         0         
1      158       21        49678     174       98        0         0         0         0         0         
1      139       886       49678     57        290       0         0         0         0         0         
1      571       458       49679     52        52        0         0         0         0         0         
1      526       760       49679     52        291       0         0         0         0         0         
1      699       631       49679     290       189       0         0         0         0         0         
