COLUMNS

passenger_count
pickup_ID
dropoff_ID
ready_time_sec
pickup_district
dropoff_district
LDuals
IDuals
vehicle_ID
pick_position
drop_position

REQUESTS_INFO
3      220       486       44040     87        199       229       229       1         1         2         
3      276       348       43921     87        299       440       440       9         1         2         
4      702       237       43699     290       87        875.144   875.144   15        1         2         
4      1131      1175      43915     291       129       378       378       18        1         2         
1      497       158       43973     52        266       366.5     366.5     21        1         3         
1      337       520       44024     168       52        300.824   300.824   22        1         3         
2      749       559       43959     290       189       542.788   542.788   30        1         4         
1      728       656       44049     290       290       372       372       30        2         3         
1      1150      1168      43884     291       291       370.5     370.5     35        1         2         
3      767       580       43981     290       189       497.505   497.505   38        1         4         
1      788       768       44052     290       290       392.5     392.5     38        2         3         
3      915       1026      44062     291       291       288       288       52        1         3         
1      434       486       44049     52        199       329.713   329.713   55        1         3         
3      629       675       43946     189       290       534.644   534.644   57        1         2         
1      727       906       43968     290       290       487.788   487.788   59        1         4         
3      726       864       43730     290       290       815.985   815.985   59        2         3         
2      607       804       43875     189       291       524.5     524.5     61        1         4         
3      507       141       43796     189       174       763.5     763.5     66        1         3         
3      903       744       43788     290       290       644.644   644.644   71        1         3         
3      484       553       43871     189       280       566.761   566.761   73        1         2         
2      374       510       44028     168       199       394       394       75        1         4         
2      374       510       43990     168       199       470       470       75        2         3         
1      200       532       44019     87        189       242       242       78        1         3         
3      337       215       43930     168       87        470.5     470.5     79        1         3         
1      502       508       43966     52        189       360       360       84        1         3         
1      721       827       44046     290       291       233.572   233.572   85        1         3         
1      292       556       43967     87        189       329.5     329.5     90        1         3         
3      509       232       43779     199       127       790.5     790.5     91        1         2         
1      748       915       43946     290       291       546.288   546.288   96        1         3         
3      690       499       44009     131       52        458.23    458.23    97        1         2         
1      771       650       43969     290       189       441.288   441.288   99        1         4         
1      463       416       43976     199       189       492.5     492.5     100       1         2         
3      372       604       44012     100       189       406.5     406.5     103       1         3         
3      864       860       44026     290       290       422       422       104       1         2         
3      306       188       43901     299       286       437.5     437.5     106       1         2         
1      351       221       43962     52        87        448.5     448.5     109       1         3         
3      333       510       44011     119       199       386       386       111       1         2         
1      649       731       44044     189       131       396.88    396.88    117       1         2         
2      744       230       44063     290       127       322.567   322.567   118       1         4         
2      606       218       44033     189       87        337       337       119       1         4         
1      970       1188      44029     290       192       346.932   346.932   120       1         3         
2      1187      526       43949     192       52        323       323       124       1         2         
1      557       549       43882     189       131       540.5     540.5     125       1         2         
1      632       905       43989     189       290       443.288   443.288   127       1         3         
1      269       327       44062     127       299       206.5     206.5     129       1         3         
3      327       176       43998     299       266       352.5     352.5     129       2         4         
2      418       725       43907     168       290       582.5     582.5     133       1         3         
1      253       608       44047     206       189       236       236       134       1         3         
3      686       649       44044     131       189       399.23    399.23    136       1         2         
3      606       218       44033     189       87        337       337       138       1         3         
1      465       312       43993     199       119       420.357   420.357   139       1         3         
1      465       247       44056     199       299       350       350       139       2         5         
3      839       1059      44005     290       84        485       485       140       1         2         
4      526       645       43878     52        280       663.713   663.713   142       1         2         
1      861       948       44054     290       290       334       334       147       1         3         
3      629       675       43946     189       290       534.644   534.644   149       1         2         
3      1022      674       44065     291       189       277.167   277.167   151       1         3         
1      818       835       44061     290       290       353.788   353.788   154       1         4         
3      839       813       44001     290       290       489       489       154       2         3         
3      552       850       43845     189       291       623       623       155       1         3         
1      702       723       44000     290       290       402       402       157       1         2         
1      459       272       43952     52        127       387.57    387.57    158       1         4         
1      504       294       43967     52        87        472.811   472.811   159       1         2         
1      391       435       43864     52        52        582.5     582.5     161       1         2         
2      983       460       44001     291       189       294       294       162       1         4         
1      483       940       43996     189       291       412       412       166       1         4         
1      441       653       44017     168       189       474.713   474.713   168       1         4         
3      441       533       43766     168       199       769       769       168       2         3         
2      194       288       44053     266       127       183       183       170       1         4         
1      1075      1102      44068     84        84        280       280       171       1         2         
2      508       723       44058     189       290       415.261   415.261   174       1         2         
1      477       498       44010     52        52        425.5     425.5     175       1         3         
3      691       548       43977     131       52        433.98    433.98    178       1         3         
1      529       81        43974     189       286       484       484       181       1         4         
3      692       11        43802     189       98        574.5     574.5     183       1         3         
3      505       219       43885     52        87        590.213   590.213   184       1         3         
2      771       198       43911     290       87        598.932   598.932   185       1         3         
2      699       600       44060     290       280       397.567   397.567   186       1         3         
1      19        176       44024     98        266       195       195       189       1         2         
1      550       782       43997     131       291       367       367       192       1         3         
1      314       488       44060     119       199       329       329       197       1         3         
3      314       527       44054     119       189       335       335       197       2         4         
3      376       974       44049     168       84        433       433       198       1         2         
3      135       709       43938     286       131       361       361       199       1         2         
4      506       577       43832     189       189       660.811   660.811   200       1         2         
3      375       10        43986     168       98        481       481       201       1         2         
2      715       376       44031     131       168       386.067   386.067   203       1         4         
1      693       754       43895     189       131       552.48    552.48    210       1         4         
1      907       678       44008     290       290       423.932   423.932   211       1         5         
1      907       769       43901     290       290       442       442       211       2         4         
3      865       974       43824     290       84        642.288   642.288   215       1         2         
1      374       233       44030     168       206       326.5     326.5     220       1         3         
3      374       257       43888     168       87        674       674       220       2         4         
3      715       875       43972     131       291       476.23    476.23    222       1         2         
1      1055      1218      44051     84        84        308       308       225       1         2         
1      527       893       43857     189       291       541.5     541.5     231       1         4         
2      618       873       44065     131       291       267.5     267.5     236       1         2         
1      881       979       44019     290       291       394.644   394.644   239       1         3         
2      679       484       43919     290       189       594.288   594.288   240       1         2         
1      811       1148      43992     290       291       375.716   375.716   249       1         4         
2      839       760       43910     290       291       545.288   545.288   255       1         4         
2      839       813       44001     290       290       489       489       255       2         3         
2      337       275       44049     168       87        367       367       266       1         2         
1      97        692       44040     9         189       210       210       268       1         2         
2      881       649       43921     290       189       581.644   581.644   269       1         2         
4      556       175       43707     189       266       785       785       273       1         2         
1      858       743       44054     290       290       345.5     345.5     276       1         3         
3      767       622       44057     290       280       421.505   421.505   276       2         4         
1      1012      851       43858     84        291       550       550       281       1         3         
3      1022      924       43947     291       290       406       406       288       1         3         
1      1066      769       44065     291       290       231       231       288       2         4         
1      874       1625      44045     291       296       284       284       289       1         4         
1      393       482       44069     100       189       348.713   348.713   300       1         2         
1      836       580       44020     290       189       342.288   342.288   305       1         3         
1      747       10        44025     290       98        462.288   462.288   308       1         4         
3      726       652       43725     290       189       853.144   853.144   308       2         3         
1      308       305       44060     127       299       155       155       311       1         2         
1      885       420       43964     290       168       430.144   430.144   313       1         4         
3      864       609       43948     290       189       550.644   550.644   313       2         3         
1      699       374       44064     290       168       379.867   379.867   317       1         4         
3      699       600       44060     290       280       429.817   429.817   317       2         3         
2      503       368       44032     52        52        412.213   412.213   319       1         2         
1      1264      906       44053     192       290       164.5     164.5     320       1         3         
1      925       789       43988     290       290       386.432   386.432   325       1         4         
2      925       551       44045     290       189       383.932   383.932   325       2         5         
1      367       233       43890     52        206       465       465       326       1         4         
1      390       550       44031     52        131       348       348       327       1         3         
2      507       760       43931     189       291       572       572       330       1         3         
1      355       20        44021     168       98        422.5     422.5     331       1         3         
3      927       814       43993     290       290       447       447       338       1         2         
3      333       510       44011     119       199       386       386       344       1         2         
1      45        760       44014     98        291       249       249       346       1         2         
4      675       326       43951     290       299       565.23    565.23    348       1         2         
1      771       788       44006     290       290       401.288   401.288   349       1         3         
1      925       430       43957     290       52        367.932   367.932   350       1         3         
3      768       827       44007     290       291       481.838   481.838   353       1         2         
2      795       1091      44065     290       291       375       375       354       1         3         
2      646       291       44068     280       127       350.98    350.98    357       1         4         
1      646       351       44002     280       52        374.75    374.75    357       2         3         
2      871       288       43997     291       127       407.5     407.5     359       1         3         
2      726       863       43916     290       290       596.773   596.773   363       1         3         
2      728       928       43981     290       290       503.5     503.5     363       2         4         
1      793       969       44037     290       290       383.788   383.788   367       1         4         
2      686       649       44044     131       189       350.98    350.98    368       1         2         
1      328       252       44011     299       127       343       343       380       1         3         
2      397       606       43933     168       189       532       532       383       1         2         
1      369       60        44050     52        9         214.5     214.5     390       1         4         
4      511       642       44036     189       131       454.324   454.324   392       1         2         
2      571       431       44045     131       52        243.213   243.213   395       1         4         
3      905       813       44013     290       290       406.5     406.5     397       1         2         
1      743       499       43994     290       52        404.067   404.067   399       1         3         
2      174       386       44054     266       299       180       180       402       1         2         
2      946       793       43813     290       290       580       580       405       1         3         
1      905       509       44053     290       199       337.144   337.144   405       2         5         
1      256       498       44013     87        52        291.5     291.5     407       1         3         
2      198       451       44022     87        52        247       247       410       1         3         
3      643       479       44032     131       52        346.48    346.48    418       1         3         
1      848       554       43970     291       189       452.5     452.5     419       1         4         
2      871       735       44056     291       131       319       319       419       2         3         
2      436       123       44023     189       54        337.57    337.57    420       1         3         
2      439       534       43906     189       199       528.24    528.24    423       1         4         
1      485       532       43953     199       189       455.76    455.76    423       2         3         
4      141       297       44034     174       277       213       213       428       1         2         
1      456       116       44031     52        9         343.713   343.713   429       1         3         
3      503       48        44023     52        98        419.5     419.5     429       2         4         
3      419       714       43892     168       131       633.5     633.5     431       1         3         
2      485       211       44066     199       266       332.5     332.5     432       1         4         
1      985       876       43992     291       291       313       313       435       1         3         
3      984       760       44055     291       291       329.5     329.5     435       2         4         
1      395       192       44046     100       266       294       294       438       1         3         
1      549       731       44042     131       131       292       292       443       1         4         
1      213       792       44052     266       290       233       233       444       1         2         
3      311       436       44005     119       189       356       356       447       1         2         
2      291       772       44010     127       290       334       334       448       1         2         
2      860       772       43878     290       290       552       552       449       1         3         
2      860       371       43885     290       100       597.144   597.144   449       2         4         
3      918       694       43959     291       189       384       384       451       1         2         
1      572       668       43867     131       131       463.5     463.5     453       1         2         
1      157       627       44050     266       189       231       231       458       1         2         
3      375       10        43986     168       98        461       461       459       1         3         
1      415       502       44018     189       52        394.141   394.141   462       1         3         
1      788       946       43963     290       290       489       489       464       1         3         
3      788       1002      43686     290       291       799.485   799.485   464       2         4         
1      527       499       44038     189       52        388       388       465       1         4         
1      527       454       44041     189       52        385       385       465       2         5         
4      327       555       44049     299       189       301.5     301.5     466       1         2         
1      619       230       44013     131       127       303.213   303.213   467       1         3         
4      915       414       43989     291       52        367       367       472       1         2         
3      333       722       44008     119       290       389       389       474       1         2         
1      135       250       44028     286       127       184       184       476       1         3         
2      992       1131      43841     84        291       624       624       482       1         4         
2      1011      990       44045     84        290       338       338       482       2         3         
1      476       199       43914     52        87        370.287   370.287   484       1         4         
1      476       432       43867     52        52        440.713   440.713   484       2         3         
1      654       828       43994     290       291       389       389       492       1         3         
3      860       971       43814     290       84        661       661       494       1         2         
1      431       184       44036     52        87        278.5     278.5     501       1         3         
2      550       918       44052     131       291       357.5     357.5     504       1         4         
2      549       804       44040     131       291       365.713   365.713   504       2         3         
1      970       948       43991     290       290       353.932   353.932   510       1         2         
3      1000      452       44000     291       52        292.5     292.5     514       1         2         
2      913       568       44044     291       131       357       357       516       1         3         
1      1026      308       44049     291       127       315       315       518       1         3         
2      621       527       43929     280       189       452.311   452.311   519       1         2         
4      194       81        44041     266       286       214       214       521       1         2         
3      233       276       44068     206       87        223.5     223.5     530       1         2         
3      200       390       44045     87        52        234       234       532       1         2         
2      295       81        43981     119       286       363       363       533       1         3         
3      408       523       43991     52        52        323       323       536       1         2         
1      408       250       44033     52        127       319.5     319.5     537       1         2         
1      701       268       44051     290       299       374       374       538       1         4         
1      1096      529       44054     84        189       281       281       539       1         3         
4      848       980       44033     291       291       431       431       542       1         2         
2      652       292       43971     189       87        495.6     495.6     547       1         3         
3      598       440       44030     280       189       434.811   434.811   548       1         3         
3      672       649       44000     189       189       462.23    462.23    549       1         2         
1      418       556       43958     168       189       494.713   494.713   551       1         2         
2      573       981       43696     131       291       626       626       560       1         4         
1      896       744       44001     291       290       404       404       562       1         2         
1      627       699       44060     189       290       242       242       563       1         3         
1      593       534       44065     131       199       279.5     279.5     564       1         4         
2      533       649       43987     199       189       495.26    495.26    572       1         3         
2      672       649       44000     189       189       528.26    528.26    574       1         2         
1      813       827       43979     290       291       508.788   508.788   578       1         3         
3      679       817       43859     290       290       668.485   668.485   583       1         2         
3      461       794       43728     189       290       745.713   745.713   586       1         3         
1      770       959       44051     290       291       388.288   388.288   593       1         3         
3      420       215       43973     168       87        623.213   623.213   594       1         4         
1      420       298       43836     168       277       555.5     555.5     594       2         3         
1      431       437       44033     52        189       314       314       599       1         2         
2      746       827       44003     290       291       468.288   468.288   608       1         4         
2      768       827       44007     290       291       457.02    457.02    608       2         3         
1      413       594       43930     52        131       477.5     477.5     613       1         5         
3      311       436       44005     119       189       356       356       621       1         3         
1      476       250       44003     52        127       409.5     409.5     627       1         2         
1      482       615       43937     189       131       559.713   559.713   628       1         4         
1      673       335       43893     189       119       561.24    561.24    631       1         3         
3      628       328       43914     189       299       582.74    582.74    631       2         4         
3      231       177       44055     127       207       185       185       634       1         2         
3      486       672       43934     199       189       597       597       636       1         2         
1      455       532       44044     52        189       324.713   324.713   643       1         4         
2      434       415       44005     52        189       416.357   416.357   643       2         3         
1      699       626       43951     290       189       420.199   420.199   644       1         4         
3      744       674       43929     290       189       614.485   614.485   644       2         3         
1      349       480       44007     52        52        330.5     330.5     647       1         2         
1      924       724       44019     290       290       337.144   337.144   648       1         3         
1      812       699       43999     290       290       456.932   456.932   650       1         4         
2      836       671       43979     290       189       437.788   437.788   650       2         5         
1      34        674       44063     98        189       197       197       654       1         2         
3      545       372       44027     52        100       429.811   429.811   656       1         2         
1      481       736       44064     52        131       221.5     221.5     659       1         4         
1      604       313       44035     189       119       343       343       664       1         3         
1      1187      1262      44062     192       192       187       187       666       1         2         
1      603       924       43903     189       290       577.26    577.26    669       1         3         
3      650       971       43955     189       84        514       514       669       2         4         
2      860       909       44061     290       290       388.288   388.288   674       1         4         
3      914       850       43980     291       291       405.072   405.072   675       1         3         
3      549       804       44040     131       291       409       409       676       1         3         
1      1046      1115      44049     291       129       282.5     282.5     679       1         3         
1      1119      1181      44060     84        84        267       267       680       1         2         
3      535       527       43921     189       189       557       557       690       1         3         
2      554       792       43937     189       290       515       515       692       1         3         
3      418       510       43812     168       199       677.5     677.5     693       1         3         
3      703       312       43971     290       119       550.144   550.144   694       1         4         
1      702       398       44022     290       168       419       419       694       2         3         
3      642       365       43816     131       299       683.897   683.897   695       1         3         
1      642       66        44048     131       287       276.713   276.713   695       2         4         
1      230       174       44041     127       266       229       229       697       1         3         
2      481       352       44050     52        119       390.643   390.643   698       1         3         
1      505       143       44016     52        178       436.57    436.57    698       2         4         
1      744       580       44033     290       189       282.5     282.5     705       1         4         
1      894       946       44040     291       290       253.5     253.5     707       1         3         
2      1230      1265      44000     129       192       241       241       708       1         2         
1      460       596       43935     189       131       550       550       709       1         3         
1      328       626       44057     299       189       297.5     297.5     712       1         3         
3      328       721       43996     299       290       358.5     358.5     712       2         4         
4      583       839       43709     189       290       872.713   872.713   715       1         2         
1      526       693       43947     52        189       433.5     433.5     721       1         2         
1      651       398       44042     189       168       385.76    385.76    724       1         3         
3      484       837       44022     189       290       469.261   469.261   725       1         3         
4      527       91        44055     189       178       434.811   434.811   726       1         2         
1      429       594       43970     52        131       333.5     333.5     728       1         2         
1      761       937       44060     291       291       253.5     253.5     731       1         3         
1      1002      1150      43988     291       291       319       319       735       1         2         
3      1048      246       43990     291       299       338       338       736       1         3         
1      527       579       43994     189       189       426       426       739       1         4         
3      220       486       44040     87        199       229       229       740       1         2         
2      623       365       44022     280       299       308.5     308.5     742       1         3         
3      436       532       43867     189       189       543.5     543.5     745       1         2         
1      553       813       44031     280       290       228       228       751       1         4         
3      527       556       43713     189       189       839.5     839.5     755       1         3         
1      508       437       44054     189       189       324.76    324.76    762       1         3         
1      314       884       44056     119       290       315       315       765       1         4         
1      782       736       44000     291       131       371.572   371.572   768       1         3         
3      732       668       44016     131       131       307       307       769       1         3         
3      545       372       44027     52        100       429.811   429.811   772       1         2         
3      767       580       43981     290       189       497.505   497.505   775       1         2         
3      858       962       43895     290       291       663.932   663.932   784       1         3         
1      316       373       44056     277       100       349.5     349.5     785       1         3         
2      744       827       44006     290       291       384.5     384.5     793       1         2         
1      767       581       43983     290       189       386.567   386.567   794       1         3         
3      768       233       43899     290       206       647.005   647.005   794       2         4         
3      793       928       43871     290       290       687.432   687.432   795       1         3         
3      409       778       43984     52        291       419       419       797       1         2         
1      460       389       43978     189       52        426       426       800       1         3         
1      484       511       44023     189       189       306.5     306.5     801       1         3         
1      303       208       44039     299       266       180       180       802       1         3         
2      417       273       43953     189       87        528.5     528.5     805       1         2         
3      549       643       43979     131       131       475.713   475.713   806       1         3         
1      549       605       44030     131       189       354.5     354.5     806       2         4         
2      608       887       44029     189       290       452.26    452.26    807       1         4         
3      726       652       43725     290       189       853.144   853.144   809       1         2         
3      599       849       43905     280       291       557       557       812       1         3         
3      795       1091      44065     290       291       399       399       813       1         3         
2      929       804       44058     290       291       350       350       817       1         2         
2      804       210       44036     291       266       369.572   369.572   822       1         4         
2      717       628       44025     189       189       391.413   391.413   822       2         3         
1      482       232       44046     189       127       415       415       824       1         3         
2      396       604       44032     189       189       417       417       825       1         3         
3      757       436       44019     131       189       349       349       827       1         3         
1      454       351       43950     52        52        439.5     439.5     829       1         2         
1      571       474       44026     131       52        331.713   331.713   830       1         3         
2      409       778       43984     52        291       450.5     450.5     832       1         2         
1      894       578       44069     291       189       277.072   277.072   833       1         3         
3      503       48        44023     52        98        419.5     419.5     834       1         3         
1      408       886       44045     52        290       245.5     245.5     835       1         4         
3      408       552       43817     52        189       550.5     550.5     835       2         3         
3      488       698       43550     199       290       916       916       843       1         2         
1      436       698       44056     189       290       348.5     348.5     844       1         5         
1      480       576       43967     52        280       543       543       844       2         3         
3      650       971       43955     189       84        517.261   517.261   846       1         3         
1      838       865       43968     290       290       518.932   518.932   855       1         4         
2      1090      885       43935     291       290       297       297       856       1         3         
2      927       371       44016     290       100       425       425       856       2         4         
1      811       903       43977     290       290       390.716   390.716   857       1         4         
1      377       608       44021     168       189       423       423       859       1         2         
3      864       860       44026     290       290       422       422       860       1         2         
3      137       250       43964     286       127       301       301       871       1         2         
1      349       459       44009     52        52        288       288       874       1         2         
1      608       408       44026     189       52        409.76    409.76    880       1         3         
1      459       255       43975     52        87        378.5     378.5     884       1         3         
2      333       626       44065     119       189       332       332       885       1         3         
4      961       1152      44039     291       192       342       342       886       1         2         
3      233       276       44068     206       87        223.5     223.5     889       1         3         
2      925       746       43883     290       290       545.932   545.932   891       1         4         
3      618       275       43844     131       87        670.787   670.787   894       1         4         
1      529       485       44025     189       199       410       410       894       2         3         
1      674       924       43977     189       290       350.505   350.505   896       1         3         
2      45        505       44025     98        52        213.5     213.5     901       1         3         
2      218       484       44041     87        189       261       261       902       1         2         
1      652       136       44036     189       286       371.76    371.76    904       1         3         
1      527       675       43930     189       290       492.5     492.5     906       1         4         
3      484       553       43871     189       280       653       653       906       2         3         
1      697       789       44030     189       290       324       324       907       1         2         
1      771       1218      44053     290       84        332.288   332.288   913       1         4         
3      950       624       44019     290       280       401       401       914       1         2         
1      887       818       44026     290       290       380.788   380.788   915       1         3         
2      842       680       44017     290       290       399.144   399.144   915       2         5         
1      510       479       43988     199       52        288       288       919       1         4         
1      285       389       44055     299       52        246       246       928       1         2         
1      804       792       44029     291       290       334.48    334.48    930       1         3         
3      793       928       43871     290       290       647.505   647.505   930       2         4         
3      598       440       44030     280       189       434.811   434.811   934       1         2         
1      461       499       43985     189       52        511.141   511.141   935       1         2         
1      48        287       44050     98        299       195       195       940       1         2         
1      134       387       44048     286       52        184.5     184.5     941       1         2         
1      653       950       43953     189       290       358.5     358.5     944       1         3         
3      758       326       44064     291       299       338.5     338.5     945       1         3         
2      597       699       43897     131       290       533.5     533.5     950       1         4         
3      961       1171      43894     291       192       493       493       953       1         3         
1      961       1218      44012     291       84        288.644   288.644   953       2         4         
2      434       396       43982     52        189       441.357   441.357   954       1         3         
1      325       387       44069     299       52        239       239       956       1         3         
3      325       526       44053     299       52        255       255       956       2         4         
3      348       723       44014     299       290       373.5     373.5     960       1         2         
2      1005      1208      43975     291       192       335       335       965       1         3         
1      509       675       44024     199       290       298       298       968       1         3         
1      527       386       44057     189       299       266.5     266.5     969       1         3         
2      621       914       43992     280       291       365.5     365.5     970       1         3         
1      521       429       44046     52        52        323.811   323.811   971       1         2         
1      431       209       43951     52        266       394       394       974       1         3         
4      552       715       43873     189       131       608       608       975       1         2         
1      596       505       43887     131       52        621.811   621.811   976       1         2         
2      1168      981       43975     291       291       283.167   283.167   982       1         3         
1      1044      527       44041     291       189       275.333   275.333   982       2         4         
3      333       722       44008     119       290       389       389       985       1         2         
1      529       335       43839     189       119       669.357   669.357   992       1         4         
2      526       600       44011     52        280       383.213   383.213   994       1         3         
2      526       935       43995     52        291       451.713   451.713   994       2         4         
1      504       474       44063     52        52        376.713   376.713   998       1         3         
2      702       438       43941     290       189       553.618   553.618   999       1         4         
1      702       352       44028     290       119       414.5     414.5     999       2         5         
1      511       373       43924     189       100       473.213   473.213   1000      1         3         
2      465       249       43932     199       127       580.357   580.357   1000      2         4         
1      597       735       43906     131       131       384.713   384.713   1003      1         3         
1      314       595       44062     119       131       327       327       1005      1         3         
1      813       970       43964     290       290       521.432   521.432   1006      1         3         
1      905       892       44063     290       291       255.932   255.932   1015      1         3         
1      392       504       43960     100       52        413.5     413.5     1016      1         2         
1      392       466       44048     100       199       320       320       1018      1         4         
3      65        407       44027     98        52        275       275       1020      1         2         
3      925       551       44045     290       189       405       405       1021      1         3         
3      175       305       43980     266       299       288       288       1022      1         3         
2      759       592       43914     291       131       537.567   537.567   1033      1         3         
2      758       326       44064     291       299       319.913   319.913   1033      2         4         
3      484       556       43753     189       189       793       793       1039      1         2         
1      529       697       44023     189       189       263       263       1040      1         3         
3      277       356       43951     87        168       418.5     418.5     1042      1         2         
1      295       438       44051     119       189       313       313       1044      1         3         
3      419       714       43892     168       131       633.5     633.5     1045      1         3         
2      946       481       44044     290       52        399       399       1046      1         2         
1      551       736       44011     189       131       349       349       1047      1         4         
1      927       791       44028     290       290       367.932   367.932   1052      1         3         
3      927       371       44016     290       100       440       440       1052      2         4         
1      269       180       44044     127       178       229.5     229.5     1055      1         2         
3      1025      915       43911     291       291       463.167   463.167   1056      1         2         
1      581       647       44017     189       280       344.88    344.88    1057      1         3         
3      925       876       43961     290       291       486       486       1065      1         3         
2      442       315       44050     199       119       391.324   391.324   1066      1         4         
2      442       296       43940     199       277       560.889   560.889   1066      2         3         
2      950       535       43990     290       189       384.788   384.788   1067      1         2         
3      34        212       43931     98        266       329       329       1076      1         2         
1      641       969       44040     131       290       272.5     272.5     1077      1         4         
2      839       1059      44005     290       84        468.644   468.644   1081      1         3         
1      1048      669       43908     291       280       399.5     399.5     1082      1         3         
1      352       418       43872     119       168       464.213   464.213   1084      1         2         
1      393       251       44004     100       127       348       348       1085      1         2         
1      304       604       43974     299       189       329       329       1086      1         3         
1      626       574       44005     189       280       422.26    422.26    1092      1         3         
1      553       497       44010     280       52        366       366       1092      2         4         
1      925       526       44030     290       52        363.432   363.432   1096      1         3         
3      715       376       44031     131       168       414.72    414.72    1100      1         4         
1      717       630       44060     189       189       325.76    325.76    1100      2         3         
2      527       557       43910     189       189       514.5     514.5     1101      1         3         
1      527       840       43988     189       290       438       438       1101      2         4         
3      804       210       44036     291       266       369.572   369.572   1103      1         3         
2      434       216       43902     52        87        559.213   559.213   1105      1         4         
1      477       112       43947     52        178       450       450       1107      1         3         
2      668       1025      43976     131       291       397       397       1108      1         3         
1      871       580       43987     291       189       364.5     364.5     1109      1         4         
1      267       803       44019     299       291       261       261       1114      1         2         
4      578       462       44003     189       189       445.811   445.811   1119      1         2         
1      862       670       44023     290       189       387.432   387.432   1120      1         3         
1      526       232       44025     52        127       362       362       1121      1         3         
3      1044      1529      43853     291       296       508.5     508.5     1122      1         3         
1      451       416       44062     52        189       276       276       1129      1         3         
1      841       721       43964     290       290       405.288   405.288   1130      1         3         
1      333       34        44019     119       98        250       250       1132      1         3         
3      813       557       43509     290       189       1063.08   1063.08   1133      1         3         
1      813       532       44056     290       189       422.788   422.788   1133      2         4         
4      408       307       44055     52        299       319       319       1142      1         2         
4      582       387       43739     189       52        806.713   806.713   1144      1         2         
2      721       804       43962     290       291       428       428       1146      1         3         
4      464       801       43735     199       291       874.713   874.713   1149      1         2         
1      644       982       44046     131       291       245       245       1152      1         3         
1      863       859       43920     290       290       394.356   394.356   1153      1         3         
3      971       31        43921     84        98        485       485       1157      1         2         
3      618       275       43844     131       87        670.787   670.787   1158      1         3         
1      619       198       43991     131       87        313.5     313.5     1158      2         4         
1      298       441       43930     277       168       382       382       1163      1         3         
1      906       1056      43890     290       84        563.932   563.932   1164      1         3         
1      620       960       44056     131       291       318       318       1165      1         3         
3      644       648       44026     131       280       342.73    342.73    1166      1         2         
1      936       687       43966     291       131       307       307       1168      1         3         
1      180       178       44011     178       178       205       205       1169      1         2         
1      397       308       43995     168       127       408       408       1173      1         3         
1      291       579       44043     127       189       301       301       1174      1         2         
3      549       64        43995     131       98        465.5     465.5     1176      1         3         
2      553       858       43982     280       290       344.5     344.5     1177      1         3         
3      924       792       43986     290       290       452.856   452.856   1179      1         3         
1      608       721       43971     189       290       464.76    464.76    1184      1         3         
1      925       554       44017     290       189       305.432   305.432   1191      1         3         
2      575       480       43874     280       52        551       551       1197      1         3         
1      1065      526       43987     291       52        338.333   338.333   1199      1         5         
2      1044      917       44009     291       291       318.833   318.833   1199      2         4         
3      726       863       43916     290       290       642.512   599.485   0         0         0         
3      702       438       43941     290       189       606.45    565.838   0         0         0         
2      701       620       44018     290       131       507.611   473.618   0         0         0         
3      701       620       44018     290       131       507.611   473.618   0         0         0         
3      484       837       44022     189       290       502.941   469.261   0         0         0         
2      770       909       44025     290       290       499.467   430.788   0         0         0         
3      770       909       44025     290       290       499.467   466.019   0         0         0         
3      608       887       44029     189       290       494.872   461.732   0         0         0         
2      442       507       44036     199       189       486.933   454.324   0         0         0         
3      694       505       44038     189       52        484.688   452.23    0         0         0         
3      694       505       44038     189       52        484.688   452.23    0         0         0         
1      747       887       44038     290       290       484.688   452.23    0         0         0         
2      463       372       44047     199       100       474.713   442.923   0         0         0         
2      596       136       44060     131       286       460.667   429.817   0         0         0         
3      596       136       44060     131       286       460.667   429.817   0         0         0         
2      702       527       44066     290       189       454.324   423.9     0         0         0         
4      649       535       44069     189       189       451.186   412.98    0         0         0         
2      651       508       44070     189       189       450.145   0         0         0         0         
1      134       544       44070     286       52        450.145   0         0         0         0         
1      499       770       44070     52        290       450.145   0         0         0         0         
2      287       348       44070     299       299       450.145   0         0         0         0         
2      645       61        44070     280       9         450.145   0         0         0         0         
1      621       551       44071     280       189       449.106   0         0         0         0         
4      231       722       44071     127       290       449.106   0         0         0         0         
2      557       690       44072     189       131       448.07    0         0         0         0         
1      134       249       44072     286       127       448.07    0         0         0         0         
1      913       1091      44072     291       291       448.07    0         0         0         0         
2      1229      851       44072     129       291       448.07    0         0         0         0         
3      1229      851       44072     129       291       448.07    0         0         0         0         
1      804       712       44073     291       131       447.035   0         0         0         0         
1      817       646       44073     290       280       447.035   0         0         0         0         
1      437       328       44073     189       299       447.035   0         0         0         0         
1      194       47        44073     266       98        447.035   0         0         0         0         
2      910       671       44074     290       189       446.004   0         0         0         0         
3      910       671       44074     290       189       446.004   0         0         0         0         
3      1090      887       44074     291       290       446.004   0         0         0         0         
3      1090      887       44074     291       290       446.004   0         0         0         0         
1      694       556       44075     189       189       444.974   0         0         0         0         
2      655       630       44075     290       189       444.974   0         0         0         0         
2      256       233       44075     87        206       444.974   0         0         0         0         
2      618       211       44075     131       266       444.974   0         0         0         0         
1      772       884       44075     290       290       444.974   0         0         0         0         
1      727       926       44075     290       290       444.974   0         0         0         0         
1      237       850       44075     87        291       444.974   0         0         0         0         
1      349       275       44075     52        87        444.974   0         0         0         0         
2      508       673       44077     189       189       442.923   0         0         0         0         
1      481       649       44077     52        189       442.923   0         0         0         0         
1      314       673       44077     119       189       442.923   0         0         0         0         
1      97        429       44077     9         52        442.923   0         0         0         0         
2      782       875       44077     291       291       442.923   0         0         0         0         
2      842       1102      44077     290       84        442.923   0         0         0         0         
2      826       1195      44077     291       129       442.923   0         0         0         0         
1      627       551       44078     189       189       441.901   0         0         0         0         
1      755       528       44078     131       189       441.901   0         0         0         0         
1      1090      697       44078     291       189       441.901   0         0         0         0         
1      60        212       44078     9         266       441.901   0         0         0         0         
1      813       924       44078     290       290       441.901   0         0         0         0         
1      816       909       44078     290       290       441.901   0         0         0         0         
1      816       1218      44078     290       84        441.901   0         0         0         0         
1      527       693       44079     189       189       440.881   0         0         0         0         
1      835       508       44079     290       189       440.881   0         0         0         0         
1      250       645       44079     127       280       440.881   0         0         0         0         
1      504       284       44079     52        299       440.881   0         0         0         0         
2      894       1282      44079     291       192       440.881   0         0         0         0         
1      333       510       44080     119       199       439.864   0         0         0         0         
1      551       390       44080     189       52        439.864   0         0         0         0         
1      1091      1212      44080     291       129       439.864   0         0         0         0         
1      644       531       44081     131       189       438.848   0         0         0         0         
1      691       777       44081     131       131       438.848   0         0         0         0         
2      896       600       44081     291       280       438.848   0         0         0         0         
1      703       157       44081     290       266       438.848   0         0         0         0         
1      163       155       44081     178       286       438.848   0         0         0         0         
1      199       203       44081     87        87        438.848   0         0         0         0         
1      89        200       44081     178       87        438.848   0         0         0         0         
1      915       694       44082     291       189       437.836   0         0         0         0         
1      32        387       44082     98        52        437.836   0         0         0         0         
1      781       378       44082     291       168       437.836   0         0         0         0         
1      366       136       44082     52        286       437.836   0         0         0         0         
1      533       395       44083     199       100       436.825   0         0         0         0         
1      217       606       44084     87        189       435.817   0         0         0         0         
1      529       576       44084     189       280       435.817   0         0         0         0         
3      285       598       44084     299       280       435.817   0         0         0         0         
3      285       598       44084     299       280       435.817   0         0         0         0         
2      374       419       44084     168       168       435.817   0         0         0         0         
1      909       789       44084     290       290       435.817   0         0         0         0         
1      699       580       44085     290       189       434.811   0         0         0         0         
1      236       584       44085     87        189       434.811   0         0         0         0         
1      972       670       44085     84        189       434.811   0         0         0         0         
1      526       645       44085     52        280       434.811   0         0         0         0         
1      674       858       44085     189       290       434.811   0         0         0         0         
1      526       970       44085     52        290       434.811   0         0         0         0         
1      702       793       44085     290       290       434.811   0         0         0         0         
1      782       725       44085     291       290       434.811   0         0         0         0         
1      716       622       44086     189       280       433.808   0         0         0         0         
1      578       125       44086     189       54        433.808   0         0         0         0         
1      549       141       44086     131       174       433.808   0         0         0         0         
1      760       860       44086     291       290       433.808   0         0         0         0         
1      462       804       44086     189       291       433.808   0         0         0         0         
1      395       760       44086     100       291       433.808   0         0         0         0         
1      1151      782       44086     291       291       433.808   0         0         0         0         
3      602       483       44087     189       189       432.807   0         0         0         0         
1      749       605       44087     290       189       432.807   0         0         0         0         
1      352       397       44087     119       168       432.807   0         0         0         0         
1      437       171       44087     189       286       432.807   0         0         0         0         
2      152       136       44087     286       286       432.807   0         0         0         0         
1      310       199       44087     127       87        432.807   0         0         0         0         
2      618       627       44088     131       189       431.808   0         0         0         0         
3      618       627       44088     131       189       431.808   0         0         0         0         
1      293       123       44088     87        54        431.808   0         0         0         0         
1      415       309       44088     189       127       431.808   0         0         0         0         
1      679       863       44088     290       290       431.808   0         0         0         0         
1      906       882       44088     290       290       431.808   0         0         0         0         
1      1129      1135      44088     291       129       431.808   0         0         0         0         
1      549       461       44089     131       189       430.811   0         0         0         0         
1      352       507       44089     119       189       430.811   0         0         0         0         
2      760       409       44089     291       52        430.811   0         0         0         0         
2      392       176       44089     100       266       430.811   0         0         0         0         
1      119       174       44089     286       266       430.811   0         0         0         0         
1      436       700       44089     189       290       430.811   0         0         0         0         
2      484       215       44089     189       87        430.811   0         0         0         0         
3      484       215       44089     189       87        430.811   0         0         0         0         
1      254       201       44089     87        87        430.811   0         0         0         0         
2      556       557       44090     189       189       429.817   0         0         0         0         
2      413       329       44090     52        127       429.817   0         0         0         0         
4      463       511       44091     199       189       428.825   0         0         0         0         
1      194       390       44091     266       52        428.825   0         0         0         0         
1      462       247       44091     189       299       428.825   0         0         0         0         
2      194       147       44091     266       178       428.825   0         0         0         0         
3      194       147       44091     266       178       428.825   0         0         0         0         
1      213       508       44092     266       189       427.835   0         0         0         0         
2      1128      624       44092     291       280       427.835   0         0         0         0         
2      632       749       44092     189       290       427.835   0         0         0         0         
1      293       328       44092     87        299       427.835   0         0         0         0         
1      19        217       44092     98        87        427.835   0         0         0         0         
1      436       311       44093     189       119       426.848   0         0         0         0         
1      1005      782       44093     291       291       426.848   0         0         0         0         
2      1011      1218      44093     84        84        426.848   0         0         0         0         
3      1011      1218      44093     84        84        426.848   0         0         0         0         
1      481       534       44094     52        199       425.863   0         0         0         0         
2      950       170       44094     290       286       425.863   0         0         0         0         
3      950       170       44094     290       286       425.863   0         0         0         0         
3      852       555       44095     291       189       424.88    0         0         0         0         
3      852       555       44095     291       189       424.88    0         0         0         0         
2      436       593       44095     189       131       424.88    0         0         0         0         
1      259       390       44095     87        52        424.88    0         0         0         0         
1      940       1002      44095     291       291       424.88    0         0         0         0         
1      523       179       44095     52        178       424.88    0         0         0         0         
1      554       369       44096     189       52        423.9     0         0         0         0         
2      608       817       44096     189       290       423.9     0         0         0         0         
3      608       817       44096     189       290       423.9     0         0         0         0         
1      369       727       44096     52        290       423.9     0         0         0         0         
1      31        386       44096     98        299       423.9     0         0         0         0         
1      759       579       44097     291       189       422.921   0         0         0         0         
1      650       504       44097     189       52        422.921   0         0         0         0         
1      443       679       44097     168       290       422.921   0         0         0         0         
1      694       623       44098     189       280       421.945   0         0         0         0         
1      460       486       44098     189       199       421.945   0         0         0         0         
2      349       312       44098     52        119       421.945   0         0         0         0         
1      510       250       44098     199       127       421.945   0         0         0         0         
3      665       695       44099     131       189       420.972   0         0         0         0         
1      524       333       44099     52        119       420.972   0         0         0         0         
1      61        189       44099     9         286       420.972   0         0         0         0         
1      860       744       44099     290       290       420.972   0         0         0         0         
