COLUMNS

passenger_count
pickup_ID
dropoff_ID
request_time_sec
pickup_time_sec
pickup_depart_sec
vehicle_ID
pickup_district
dropoff_district
position

REQUESTS_INFO
3      841       605       28728     28861     28891     2              290            189            1              
1      532       602       28808     28881     28911     3              199            189            1              
1      527       521       28722     28783     28813     8              52             52             1              
1      60        648       28748     28835     28865     17             9              189            1              
1      59        651       28665     28772     28802     17             999            189            2              
1      839       248       28512     28629     28659     22             290            266            1              
2      598       726       28644     28708     28738     28             189            290            1              
1      654       233       28864     28965     28995     28             189            206            2              
1      498       118       28876     28920     28950     30             52             286            1              
1      396       189       28387     28508     28538     34             119            286            1              
1      366       189       28833     28938     28968     34             299            286            2              
1      368       604       28556     28677     28707     39             299            189            1              
2      461       627       28551     28687     28717     48             189            189            1              
1      412       526       28698     28860     28890     60             52             52             1              
2      413       674       28838     28957     28987     60             52             189            2              
1      434       232       28782     28910     28940     61             52             266            1              
1      557       46        28789     28830     28860     66             189            98             1              
1      442       335       28843     28956     28986     79             168            119            1              
1      452       738       28425     28567     28597     81             52             189            1              
3      768       794       28801     28923     28953     96             290            290            1              
1      749       488       28778     28834     28864     96             290            199            2              
1      458       607       28616     28713     28743     98             52             189            1              
1      937       719       28716     28789     28819     115            291            189            1              
1      936       649       28679     28751     28781     115            291            189            2              
1      412       213       28551     28713     28743     116            52             266            1              
1      533       599       28881     28975     29005     118            199            280            1              
1      769       460       28788     28877     28907     123            290            189            1              
1      837       420       28827     28944     28974     123            290            168            2              
3      277       924       28507     28600     28630     128            87             290            1              
1      925       578       28707     28781     28811     133            290            189            1              
1      903       647       28763     28887     28917     133            290            280            2              
1      713       599       28633     28750     28780     142            131            280            1              
1      758       559       28791     28863     28893     142            131            189            2              
3      655       696       28874     28926     28956     146            189            189            1              
1      655       925       28778     28896     28926     146            189            290            2              
1      728       534       28640     28708     28738     151            290            199            1              
1      749       116       28677     28753     28783     151            290            9              2              
1      195       481       28840     28956     28986     160            207            189            1              
1      374       674       28608     28775     28805     162            119            189            1              
1      373       962       28754     28837     28867     162            119            291            2              
2      195       532       28858     28972     29002     163            207            199            1              
1      815       923       28610     28697     28727     169            290            290            1              
1      949       1218      28821     28946     28976     169            290            84             2              
2      398       293       28729     28869     28899     175            168            87             1              
1      397       386       28769     28817     28847     175            168            299            2              
3      926       415       28638     28802     28832     176            290            100            1              
1      839       974       28858     28959     28989     182            290            84             2              
2      632       656       28862     28961     28991     185            189            290            1              
1      584       756       28808     28908     28938     185            189            131            2              
1      330       532       28860     29045     29075     189            127            199            1              
1      172       672       28791     28865     28895     190            286            189            1              
1      527       46        28626     28680     28710     193            52             98             1              
1      628       417       28861     28938     28968     197            189            100            1              
1      398       580       28500     28628     28658     200            168            189            1              
1      374       581       28709     28765     28795     200            119            189            2              
1      502       720       28852     28977     29007     201            52             290            1              
1      308       604       28676     28795     28825     204            127            189            1              
1      694       1128      28774     28830     28860     207            189            291            1              
2      621       579       28834     28905     28935     208            280            189            1              
1      621       484       28882     28935     28965     208            280            189            2              
1      349       461       28651     28764     28794     209            127            189            1              
3      700       36        28837     28928     28958     212            290            98             1              
1      817       1024      28574     28683     28713     213            290            291            1              
1      1012      35        28886     29011     29041     213            84             98             2              
3      233       651       28588     28655     28685     214            206            189            1              
2      418       529       28856     28973     29003     216            168            189            1              
1      771       651       28882     28973     29003     218            290            189            1              
1      771       534       28861     28943     28973     218            290            199            2              
2      237       332       28825     28921     28951     219            87             87             2              
1      259       600       28474     28616     28646     222            87             280            1              
3      716       1529      28720     28816     28846     225            189            296            1              
1      286       740       28357     28465     28495     229            299            50             1              
2      229       697       28527     28628     28658     230            266            189            1              
1      419       436       28800     28936     28966     232            168            100            1              
1      464       498       28766     28859     28889     232            168            52             2              
1      277       576       28611     28696     28726     235            87             189            1              
1      334       508       28498     28656     28686     237            119            199            1              
3      237       332       28825     28936     28966     239            87             87             2              
1      536       596       28690     28801     28831     242            189            131            1              
3      189       600       28846     28966     28996     244            286            280            1              
1      903       460       28881     28987     29017     251            290            189            1              
1      883       393       28748     28913     28943     251            290            52             2              
1      253       581       28883     28957     28987     253            206            189            2              
1      476       291       28623     28758     28788     254            52             87             1              
2      372       650       28648     28697     28727     256            119            189            1              
1      372       695       28547     28667     28697     256            119            189            2              
1      397       674       28805     28921     28951     256            168            189            3              
1      748       624       28550     28620     28650     258            290            189            1              
2      794       461       28613     28680     28710     258            290            189            2              
3      923       601       28735     28840     28870     262            290            189            1              
1      326       695       28686     28868     28898     265            299            189            1              
3      345       600       28830     28951     28981     265            299            280            2              
1      421       672       28756     28883     28913     267            168            189            1              
1      600       535       28675     28715     28745     269            280            189            1              
1      436       377       28738     28814     28844     270            100            168            1              
1      276       602       28846     28943     28973     277            87             189            1              
1      373       604       28495     28608     28638     279            119            189            1              
1      692       737       28774     28868     28898     282            280            189            1              
2      760       875       28857     28949     28979     282            291            291            2              
1      527       437       28818     28893     28923     283            52             100            1              
1      527       474       28881     28923     28953     283            52             52             2              
1      345       62        28750     28817     28847     284            299            98             1              
1      434       155       28875     28933     28963     285            52             286            1              
1      434       189       28767     28903     28933     285            52             286            2              
1      393       249       28784     28888     28918     291            52             266            1              
1      312       464       28753     28835     28865     293            87             168            1              
1      312       627       28716     28805     28835     293            87             189            2              
1      293       626       28699     28753     28783     293            87             189            3              
1      354       623       28814     28925     28955     293            119            280            4              
2      277       924       28507     28629     28659     294            87             290            1              
1      549       665       28834     28915     28945     297            52             131            1              
3      549       651       28841     28945     28975     297            52             189            2              
1      604       675       28856     28890     28920     298            189            189            1              
2      605       371       28878     28951     28981     298            189            52             2              
2      325       627       28829     28864     28894     302            299            189            1              
1      60        488       28721     28805     28835     309            9              199            1              
1      757       655       28651     28803     28833     311            131            189            1              
3      350       602       28563     28737     28767     313            127            189            1              
3      256       549       28508     28653     28683     315            87             52             2              
1      391       544       28750     28866     28896     326            52             52             1              
3      387       670       28845     29002     29032     326            299            280            2              
1      463       415       28838     28920     28950     328            168            100            3              
1      677       535       28697     28750     28780     329            189            189            1              
2      304       698       28379     28421     28451     330            299            189            1              
1      509       628       28879     28977     29007     331            199            189            1              
1      984       116       28731     28854     28884     332            291            9              1              
1      314       747       28652     28802     28832     333            119            290            1              
1      337       629       28506     28640     28670     337            277            189            1              
3      398       293       28729     28865     28895     339            168            87             1              
1      356       550       28732     28886     28916     341            119            189            1              
1      462       671       28650     28767     28797     343            189            280            1              
1      418       371       28723     28830     28860     344            168            52             1              
1      345       671       28471     28539     28569     345            299            280            1              
1      347       173       28660     28712     28742     347            299            286            1              
2      324       118       28726     28874     28904     347            299            286            2              
2      438       357       28862     28986     29016     349            100            277            1              
1      317       556       28679     28734     28764     353            277            199            1              
1      336       765       28430     28539     28569     355            277            290            1              
3      654       578       28843     28895     28925     360            189            189            1              
2      598       696       28831     28948     28978     364            189            189            1              
2      805       627       28858     28940     28970     366            291            189            1              
2      737       925       28821     28877     28907     366            189            290            2              
3      605       728       28782     28865     28895     368            189            290            1              
1      483       32        28615     28712     28742     372            189            98             1              
3      376       10        28587     28711     28741     376            168            98             1              
1      630       835       28786     28861     28891     379            189            290            1              
3      654       578       28843     28937     28967     379            189            189            2              
1      715       739       28837     28934     28964     383            131            189            1              
3      452       760       28487     28620     28650     390            52             291            1              
1      372       392       28809     28973     29003     392            119            52             1              
1      372       532       28759     28943     28973     392            119            199            2              
1      374       993       28615     28738     28768     394            119            84             1              
2      397       842       28791     28893     28923     399            168            290            1              
2      506       884       28695     28774     28804     400            189            290            1              
1      441       653       28833     28968     28998     401            168            189            1              
1      82        577       28841     28947     28977     406            98             189            1              
1      598       578       28747     28841     28871     411            189            189            1              
1      598       626       28829     28901     28931     411            189            189            2              
2      392       484       28869     28976     29006     412            52             189            1              
3      291       627       28845     28958     28988     420            87             189            1              
1      483       393       28846     28989     29019     423            189            52             1              
1      483       371       28831     28959     28989     423            189            52             2              
1      354       676       28472     28610     28640     425            119            189            1              
1      443       487       28762     28854     28884     426            168            199            1              
3      349       228       28704     28854     28884     427            127            266            1              
3      549       621       28867     28956     28986     433            52             280            1              
1      928       701       28649     28742     28772     437            290            290            1              
1      325       555       28361     28510     28540     440            299            199            1              
2      665       826       28745     28873     28903     441            131            291            1              
1      463       651       28664     28751     28781     443            168            189            1              
1      686       581       28657     28800     28830     444            131            189            1              
2      925       771       28568     28623     28653     446            290            290            1              
1      790       647       28753     28832     28862     446            290            280            2              
1      503       545       28872     28994     29024     450            52             52             1              
1      349       533       28514     28612     28642     452            127            199            1              
1      960       694       28698     28778     28808     455            291            189            1              
1      851       668       28747     28878     28908     455            291            280            2              
1      418       648       28830     28965     28995     460            168            189            1              
3      732       1301      28850     28986     29016     461            131            192            1              
1      463       555       28885     28979     29009     463            168            199            1              
1      662       550       28860     28936     28966     469            131            189            1              
3      485       267       28849     28926     28956     472            189            266            1              
1      686       1225      28674     28761     28791     473            131            192            1              
2      454       99        28334     28511     28541     474            52             286            1              
1      386       117       28541     28686     28716     474            299            286            2              
1      506       979       28875     28974     29004     475            189            291            1              
1      476       303       28829     28860     28890     476            52             299            1              
1      433       526       28705     28801     28831     478            52             52             1              
1      433       555       28641     28771     28801     478            52             199            2              
1      686       694       28882     28938     28968     479            131            189            1              
1      433       651       28499     28615     28645     480            52             189            1              
2      550       603       28750     28824     28854     480            189            189            2              
1      913       728       28736     28822     28852     482            291            290            1              
3      655       696       28874     28982     29012     487            189            189            1              
1      699       35        28767     28846     28876     487            290            98             2              
1      927       605       28499     28654     28684     495            290            189            1              
2      466       698       28739     28820     28850     496            199            189            1              
1      455       176       28553     28709     28739     499            52             174            1              
1      433       311       28720     28873     28903     503            52             87             1              
1      366       291       28830     28972     29002     503            299            87             2              
3      335       534       28543     28664     28694     504            119            199            1              
1      466       675       28864     28959     28989     504            199            189            2              
2      418       486       28770     28952     28982     507            168            199            1              
2      388       650       28615     28729     28759     510            299            189            1              
1      170       695       28792     28899     28929     512            286            189            1              
1      441       534       28754     28872     28902     514            168            199            1              
1      34        213       28617     28694     28724     521            98             266            1              
2      526       365       28845     28953     28983     527            52             299            1              
1      270       273       28808     28903     28933     535            127            206            1              
1      270       350       28869     28933     28963     535            127            127            2              
1      804       1529      28808     28909     28939     536            291            296            1              
1      312       373       28745     28845     28875     537            87             119            1              
2      350       628       28811     28951     28981     537            127            189            2              
1      372       628       28692     28756     28786     542            119            189            1              
2      134       603       28515     28576     28606     544            9              189            1              
1      500       435       28807     28931     28961     546            52             52             2              
3      579       173       28883     28920     28950     549            189            286            1              
1      304       251       28790     28930     28960     550            299            127            1              
1      304       64        28872     28960     28990     550            299            98             2              
1      396       504       28866     28983     29013     551            119            52             1              
3      376       332       28700     28756     28786     555            168            87             2              
2      837       116       28573     28704     28734     556            290            9              1              
1      287       718       28554     28643     28673     562            299            189            1              
1      631       725       28885     28953     28983     563            189            290            1              
3      847       578       28793     28878     28908     565            291            189            1              
1      598       679       28582     28678     28708     566            189            290            1              
1      747       458       28861     28986     29016     571            290            52             1              
1      549       436       28854     28924     28954     573            52             100            1              
2      549       138       28829     28894     28924     573            52             57             2              
1      308       580       28878     28980     29010     574            127            189            1              
2      291       627       28845     28901     28931     574            87             189            2              
2      527       557       28877     28922     28952     577            52             189            1              
1      527       695       28810     28892     28922     577            52             189            2              
1      504       81        28779     28843     28873     580            52             98             1              
1      286       652       28632     28775     28805     581            299            189            1              
1      621       687       28886     28937     28967     582            280            131            1              
1      781       671       28855     28911     28941     583            291            280            1              
1      781       643       28865     28941     28971     583            291            131            2              
1      273       1032      28667     28770     28800     585            206            84             1              
1      885       671       28532     28675     28705     586            290            280            1              
1      332       835       28617     28701     28731     588            87             290            1              
1      549       737       28863     28969     28999     589            52             189            1              
2      526       744       28769     28824     28854     589            52             290            2              
2      476       736       28656     28772     28802     593            52             131            1              
3      621       725       28756     28862     28892     597            280            290            1              
1      665       693       28711     28783     28813     602            131            280            1              
1      630       624       28872     28926     28956     606            189            189            1              
3      925       1032      28776     28988     29018     607            290            84             1              
3      579       173       28883     28947     28977     609            189            286            1              
1      583       702       28757     28842     28872     610            189            290            1              
1      724       554       28849     28960     28990     611            290            189            1              
2      793       728       28706     28837     28867     613            290            290            1              
1      793       604       28763     28867     28897     613            290            189            2              
1      817       1530      28689     28849     28879     616            290            296            1              
3      418       604       28702     28825     28855     621            168            189            1              
3      581       415       28879     28939     28969     622            189            100            1              
1      643       526       28796     28907     28937     623            131            52             1              
1      505       579       28724     28870     28900     625            52             189            1              
2      505       580       28871     28930     28960     625            52             189            2              
1      505       691       28846     28900     28930     625            52             131            3              
1      757       626       28791     28866     28896     628            131            189            1              
1      351       577       28560     28776     28806     630            52             189            1              
3      796       48        28617     28783     28813     631            290            98             1              
2      501       344       28698     28793     28823     632            52             299            1              
1      333       374       28867     29009     29039     638            119            119            1              
1      354       528       28693     28916     28946     638            119            52             2              
2      333       697       28860     28979     29009     638            119            189            3              
1      791       721       28829     28920     28950     639            290            290            3              
1      641       19        28570     28635     28665     640            131            98             1              
1      598       693       28840     28948     28978     641            189            280            1              
3      665       826       28745     28865     28895     642            131            291            1              
1      711       311       28630     28754     28784     646            131            87             1              
1      621       871       28766     28822     28852     652            280            291            1              
1      236       726       28563     28653     28683     653            87             290            1              
1      927       747       28744     28866     28896     655            290            290            1              
1      908       653       28638     28781     28811     655            290            189            2              
1      863       747       28786     28930     28960     658            290            290            1              
3      795       651       28712     28847     28877     658            290            189            2              
1      293       757       28623     28689     28719     661            87             131            1              
1      663       367       28706     28799     28829     663            131            299            1              
3      571       155       28724     28831     28861     668            52             286            1              
1      597       624       28734     28781     28811     669            131            189            1              
1      597       647       28577     28751     28781     669            131            280            2              
1      718       742       28884     28949     28979     671            189            290            1              
1      527       78        28652     28732     28762     673            52             9              1              
3      700       36        28837     28928     28958     675            290            98             1              
1      413       552       28867     28990     29020     677            52             189            1              
3      413       604       28842     28960     28990     677            52             189            2              
1      628       527       28827     28883     28913     678            189            52             1              
1      819       605       28520     28696     28726     681            999            189            1              
1      527       213       28466     28501     28531     684            52             266            1              
1      770       274       28531     28749     28779     685            290            87             1              
4      1069      1245      28795     28924     28954     689            291            192            1              
1      734       189       28598     28710     28740     691            131            286            1              
2      693       526       28885     28940     28970     694            280            52             1              
1      693       11        28844     28910     28940     694            280            999            2              
3      700       673       28832     28890     28920     700            290            189            1              
1      700       993       28871     28920     28950     700            290            84             2              
2      814       527       28599     28724     28754     701            290            52             1              
1      350       604       28671     28787     28817     707            127            189            1              
2      350       602       28563     28757     28787     707            127            189            2              
1      333       533       28740     28845     28875     711            119            199            1              
2      333       580       28750     28875     28905     711            119            189            2              
2      375       551       28662     28779     28809     712            119            189            1              
1      712       646       28647     28734     28764     713            131            280            1              
3      716       1529      28720     28833     28863     715            189            296            1              
1      718       253       28848     28896     28926     719            189            206            1              
1      723       1198      28879     28930     28960     723            290            84             1              
1      813       1300      28631     28759     28789     727            290            192            1              
2      795       651       28712     28846     28876     729            290            189            1              
1      862       582       28814     28937     28967     729            290            189            2              
1      330       556       28854     29072     29102     732            127            199            1              
1      827       691       28748     28841     28871     736            291            131            1              
1      738       621       28837     28901     28931     739            189            280            1              
1      759       599       28862     28980     29010     739            131            280            2              
1      805       501       28723     28861     28891     743            291            52             1              
1      838       536       28858     28991     29021     745            290            189            1              
2      768       794       28801     28906     28936     746            290            290            1              
1      862       393       28377     28515     28545     747            290            52             1              
1      719       604       28882     28938     28968     748            189            189            1              
1      816       696       28685     28783     28813     750            290            189            1              
1      816       551       28722     28813     28843     750            290            189            2              
1      1107      462       28757     28823     28853     751            291            189            1              
1      757       602       28552     28645     28675     756            131            189            1              
1      441       695       28602     28677     28707     759            168            189            1              
1      676       745       28842     28934     28964     761            189            290            1              
1      398       576       28708     28940     28970     762            168            189            1              
2      836       676       28842     28940     28970     764            290            189            1              
1      789       651       28768     28865     28895     764            290            189            2              
1      373       232       28816     28939     28969     765            119            266            1              
1      373       286       28887     28969     28999     765            119            299            2              
2      772       604       28827     28880     28910     771            290            189            1              
1      643       134       28804     28928     28958     774            131            9              1              
2      929       864       28831     28936     28966     775            290            290            1              
1      929       737       28802     28906     28936     775            290            189            2              
1      499       720       28707     28790     28820     777            52             290            1              
1      499       881       28753     28820     28850     777            52             290            2              
3      848       533       28838     28976     29006     783            291            199            1              
3      526       903       28861     28991     29021     787            52             290            1              
1      836       20        28728     28819     28849     789            290            98             1              
1      860       417       28554     28650     28680     790            290            100            1              
1      557       727       28593     28662     28692     791            189            290            1              
1      768       556       28884     28957     28987     791            290            199            2              
1      793       460       28601     28713     28743     793            290            189            1              
1      374       527       28798     28870     28900     799            119            52             1              
1      1168      695       28867     28960     28990     802            291            189            1              
1      371       579       28491     28606     28636     807            52             189            1              
1      461       651       28742     28845     28875     807            189            189            2              
2      441       622       28821     28947     28977     807            168            280            3              
1      772       627       28577     28662     28692     812            290            189            1              
1      885       603       28644     28749     28779     813            290            189            1              
1      818       536       28785     28957     28987     819            290            189            1              
1      841       699       28622     28736     28766     822            290            290            1              
3      848       533       28838     28987     29017     825            291            199            1              
2      770       657       28643     28772     28802     832            290            999            2              
2      605       625       28751     28834     28864     837            189            189            1              
1      410       116       28852     28947     28977     838            52             9              1              
1      864       621       28814     28911     28941     841            290            280            1              
1      864       507       28829     28941     28971     841            290            189            2              
1      875       575       28564     28697     28727     845            291            189            1              
3      782       1022      28651     28773     28803     846            291            291            1              
1      790       557       28822     28883     28913     848            290            189            1              
1      850       1047      28668     28778     28808     850            291            291            1              
1      827       947       28591     28694     28724     850            291            290            2              
1      909       535       28641     28764     28794     851            290            189            1              
1      907       625       28632     28687     28717     851            290            189            2              
1      601       506       28889     28922     28952     852            189            189            1              
1      896       693       28577     28676     28706     853            291            280            1              
2      553       34        28867     28920     28950     854            189            98             1              
3      925       1032      28776     28922     28952     855            290            84             2              
3      1168      1218      28624     28761     28791     857            291            84             1              
3      873       605       28854     28952     28982     862            291            189            1              
1      527       579       28793     28830     28860     863            52             189            1              
3      886       628       28588     28741     28771     864            290            189            1              
2      841       581       28701     28800     28830     865            290            189            1              
1      842       718       28345     28491     28521     866            290            189            1              
1      817       716       28556     28633     28663     866            290            189            2              
1      118       192       28880     28966     28996     868            286            266            1              
1      772       10        28786     28845     28875     869            290            98             1              
1      894       604       28663     28766     28796     872            291            189            1              
1      893       369       28602     28704     28734     872            291            52             2              
3      336       605       28551     28642     28672     873            277            189            1              
3      874       670       28887     28941     28971     874            291            280            1              
3      418       604       28702     28827     28857     876            168            189            1              
1      396       510       28630     28747     28777     878            119            199            1              
1      968       696       28705     28838     28868     880            290            189            1              
3      923       21        28799     28934     28964     880            290            98             2              
1      860       805       28831     28987     29017     881            290            291            1              
1      881       1002      28803     28900     28930     881            290            291            2              
2      726       434       28668     28710     28740     888            290            52             1              
1      618       604       28810     28906     28936     890            131            189            1              
1      618       535       28845     28936     28966     890            131            189            2              
3      972       1088      28755     28942     28972     891            290            291            1              
1      892       133       28282     28427     28457     892            291            9              1              
3      896       331       28669     28770     28800     896            291            127            1              
1      692       81        28800     28892     28922     897            280            98             1              
2      689       556       28682     28784     28814     898            131            199            1              
1      115       581       28885     28943     28973     901            9              189            1              
2      927       377       28703     28858     28888     905            290            168            1              
3      464       598       28752     28842     28872     906            168            189            1              
1      949       994       28820     28955     28985     907            290            84             1              
3      907       604       28774     28862     28892     907            290            189            2              
1      328       117       28671     28788     28818     913            299            286            1              
2      276       557       28882     29001     29031     916            87             189            1              
2      276       557       28849     28971     29001     916            87             189            2              
2      851       690       28769     28875     28905     918            291            131            1              
2      873       605       28854     28926     28956     918            291            189            2              
2      745       815       28777     28900     28930     919            290            290            1              
1      769       64        28879     28955     28985     919            290            98             2              
1      419       488       28713     28822     28852     920            168            199            1              
1      903       652       28744     28849     28879     922            290            189            1              
1      904       35        28670     28748     28778     922            290            98             2              
2      973       353       28625     28783     28813     924            84             119            1              
3      926       735       28539     28696     28726     926            290            131            1              
2      972       1088      28755     28863     28893     930            290            291            1              
2      906       1244      28746     28930     28960     930            290            192            2              
1      1107      851       28634     28809     28839     931            291            291            1              
1      267       136       28684     28772     28802     932            266            286            1              
1      325       116       28734     28860     28890     932            299            9              2              
2      285       62        28822     28922     28952     932            299            98             3              
1      860       1218      28763     28823     28853     933            290            84             1              
1      917       925       28718     28838     28868     934            291            290            1              
1      876       909       28805     28927     28957     934            50             290            2              
1      936       937       28876     28947     28977     935            291            291            1              
1      913       768       28810     28923     28953     936            291            290            1              
1      772       535       28725     28781     28811     938            290            189            1              
1      771       415       28721     28812     28842     938            290            100            2              
3      527       437       28886     28938     28968     940            52             100            1              
2      967       462       28831     28994     29024     945            50             189            1              
1      813       376       28559     28691     28721     947            290            168            1              
3      929       864       28831     28948     28978     951            290            290            1              
3      908       527       28377     28520     28550     955            290            52             1              
1      916       578       28635     28689     28719     956            291            189            1              
1      916       578       28639     28719     28749     956            291            189            2              
1      891       740       28856     28932     28962     958            291            50             1              
1      892       652       28794     28899     28929     958            291            189            2              
2      963       629       28663     28765     28795     959            50             189            1              
1      557       488       28860     28955     28985     962            189            199            1              
1      1048      652       28885     28971     29001     963            291            189            1              
2      1005      651       28802     28904     28934     963            50             189            2              
2      839       698       28721     28903     28933     969            290            189            1              
1      924       650       28666     28767     28797     969            290            189            2              
1      839       35        28874     28933     28963     969            290            98             3              
1      621       606       28780     28871     28901     970            280            189            1              
3      485       267       28849     28912     28942     972            189            266            1              
1      842       421       28502     28580     28610     973            290            168            1              
1      649       267       28775     28850     28880     974            189            266            1              
1      906       1001      28856     28993     29023     975            290            291            1              
3      906       1244      28746     28963     28993     975            290            192            2              
2      1000      1053      28886     28994     29024     983            291            84             1              
1      1045      971       28806     28916     28946     983            291            290            2              
2      571       155       28724     28797     28827     985            52             286            1              
3      967       462       28831     28983     29013     988            50             189            1              
1      985       304       28397     28487     28517     990            50             299            1              
1      838       628       28470     28633     28663     994            290            189            1              
1      840       267       28578     28681     28711     995            290            266            1              
1      479       372       28518     28657     28687     996            52             119            1              
1      433       355       28630     28774     28804     996            52             119            2              
1      394       675       28866     28959     28989     996            100            189            3              
3      526       903       28861     28973     29003     998            52             290            1              
1      937       672       28844     28936     28966     999            291            189            1              
1      716       533       28574     28634     28664     1005           189            199            1              
2      815       720       28825     28929     28959     1008           290            290            1              
1      794       527       28700     28853     28883     1008           290            52             2              
1      794       573       28771     28883     28913     1008           290            189            3              
1      989       393       28743     28926     28956     1010           50             52             1              
2      969       555       28710     28859     28889     1011           290            199            1              
1      946       847       28774     28935     28965     1011           290            291            2              
1      458       526       28845     28950     28980     1012           52             52             1              
1      438       134       28784     28865     28895     1012           100            9              2              
3      817       625       28662     28710     28740     1014           290            189            1              
1      871       350       28693     28752     28782     1015           291            127            1              
1      971       672       28799     28881     28911     1017           290            189            1              
1      949       693       28513     28635     28665     1018           290            280            1              
2      605       646       28876     28932     28962     1018           189            280            2              
1      1065      675       28497     28582     28612     1019           291            189            1              
1      1066      673       28808     28920     28950     1020           291            189            1              
3      1089      651       28695     28852     28882     1020           291            189            2              
1      557       507       28722     28784     28814     1022           189            189            1              
1      1087      442       28714     28819     28849     1023           291            168            1              
1      917       534       28643     28712     28742     1029           291            199            1              
1      907       760       28350     28520     28550     1033           290            291            1              
2      926       415       28638     28734     28764     1034           290            100            1              
1      906       616       28711     28806     28836     1036           290            131            3              
1      489       652       28642     28727     28757     1038           199            189            1              
1      395       232       28848     28947     28977     1039           100            266            1              
1      366       578       28534     28625     28655     1041           299            189            1              
1      1069      922       28666     28832     28862     1043           291            50             1              
1      375       526       28628     28822     28852     1045           119            52             1              
1      397       60        28774     28904     28934     1045           168            9              2              
1      670       596       28888     28920     28950     1046           280            131            1              
1      881       675       28773     28893     28923     1047           290            189            1              
2      1048      604       28541     28639     28669     1047           291            189            2              
1      882       594       28847     28949     28979     1047           290            131            3              
1      137       356       28706     28747     28777     1048           286            119            1              
1      213       578       28889     28992     29022     1048           266            189            2              
1      948       578       28584     28700     28730     1050           290            189            1              
1      726       527       28875     28961     28991     1050           290            52             2              
1      948       621       28691     28812     28842     1051           290            280            1              
1      1053      600       28447     28565     28595     1052           84             280            1              
1      992       923       28766     28869     28899     1055           290            290            1              
1      992       695       28855     28899     28929     1055           290            189            2              
3      1033      460       28869     28951     28981     1060           84             189            1              
1      550       703       28705     28776     28806     1062           189            290            1              
1      971       647       28652     28775     28805     1066           290            280            1              
1      970       20        28633     28751     28781     1073           290            98             1              
3      621       11        28763     28865     28895     1080           280            999            1              
3      818       63        28584     28783     28813     1082           290            98             1              
3      700       673       28832     28928     28958     1085           290            189            1              
1      1067      580       28788     28872     28902     1086           291            189            1              
1      389       544       28760     28842     28872     1088           299            52             1              
1      465       417       28812     28959     28989     1093           199            100            1              
2      479       671       28719     28873     28903     1094           52             280            1              
1      1031      604       28761     28822     28852     1095           50             189            1              
1      701       580       28706     28776     28806     1096           290            189            1              
1      884       627       28866     28924     28954     1097           290            189            1              
3      862       551       28556     28726     28756     1097           290            189            2              
1      839       696       28758     28880     28910     1098           290            189            1              
1      928       936       28758     28846     28876     1100           290            291            1              
1      815       535       28479     28722     28752     1104           290            189            1              
3      488       180       28687     28806     28836     1106           199            178            1              
2      1107      116       28512     28607     28637     1107           291            9              1              
1      863       213       28337     28566     28596     1114           290            266            1              
1      865       925       28643     28738     28768     1124           290            290            1              
3      972       507       28868     28969     28999     1124           290            189            2              
3      328       676       28831     29004     29034     1125           299            189            1              
1      939       694       28636     28794     28824     1127           291            189            1              
2      771       527       28812     28914     28944     1131           290            52             1              
3      462       628       28806     28907     28937     1132           189            189            1              
1      778       697       28716     28832     28862     1134           131            189            1              
2      848       552       28811     28951     28981     1134           291            189            2              
2      1128      1244      28786     28891     28921     1135           291            192            1              
1      78        757       28849     28942     28972     1137           9              131            1              
4      971       699       28710     28921     28951     1140           290            290            1              
1      372       555       28800     28947     28977     1151           119            199            1              
3      233       651       28588     28677     28707     1151           206            189            2              
2      905       971       28568     28707     28737     1156           290            290            1              
1      863       675       28736     28860     28890     1167           290            189            1              
1      863       604       28721     28830     28860     1167           290            189            2              
3      827       981       28716     28817     28847     1168           291            291            1              
1      929       790       28584     28685     28715     1170           290            290            1              
1      816       653       28753     28847     28877     1170           290            189            2              
1      1187      794       28845     28917     28947     1171           291            290            1              
1      1053      925       28711     28808     28838     1177           84             290            1              
3      923       21        28799     28950     28980     1177           290            98             2              
1      1119      1305      28868     28960     28990     1181           84             129            1              
1      568       134       28876     28983     29013     1191           52             9              1              
4      1031      949       28814     28920     28950     1196           50             290            1              
2      747       488       28659     28729     28759     1199           290            199            1              
1      557       399       28738     28798     28828     1200           189            168            1              
1      779       670       28844     28973     29003     1207           131            280            1              
1      510       393       28603     28689     28719     1213           199            52             1              
1      377       557       28880     28960     28990     1213           168            189            2              
1      582       268       28888     28943     28973     1227           189            299            1              
3      527       138       28729     28786     28816     1228           52             57             1              
1      745       993       28709     28791     28821     1230           290            84             1              
1      971       116       28620     28756     28786     1234           290            9              1              
4      373       674       28823     28936     28966     1242           119            189            1              
1      693       479       28832     28902     28932     1247           280            52             1              
3      693       526       28885     28932     28962     1247           280            52             2              
2      1268      1212      28885     28941     28971     1269           129            129            1              
1      509       674       28701     28803     28833     1275           199            189            1              
1      509       671       28783     28833     28863     1275           199            280            2              
1      893       671       28755     28861     28891     1300           291            280            1              
2      874       460       28630     28757     28787     1300           291            189            2              
1      1188      1037      28700     28827     28857     1301           192            84             1              
1      556       116       28432     28470     28500     1316           199            9              1              
1      373       504       28648     28692     28722     1326           119            52             1              
1      1355      880       28888     28955     28985     1357           129            50             1              
1      509       674       28708     28796     28826     1371           199            189            1              
4      861       651       28859     28991     29021     1385           290            189            1              
1      455       555       28669     28793     28823     1489           52             199            2              
1      457       603       28747     28855     28885     1489           52             189            3              
1      793       1150      28675     28791     28821     1593           290            291            1              
1      274       724       28844     28967     28997     1726           87             290            1              
1      500       580       28609     28791     28821     1757           52             189            1              
1      333       578       28518     28581     28611     1764           119            189            1              
1      802       833       28747     28843     28873     1777           291            50             1              
1      837       1068      28867     28947     28977     1778           290            291            3              
1      778       21        28676     28761     28791     1795           131            98             1              
3      354       578       28808     28938     28968     1813           119            189            1              
1      354       621       28717     28908     28938     1813           119            280            2              
3      505       580       28871     28971     29001     1814           52             189            1              
1      314       513       28828     28902     28932     1816           119            199            1              
2      314       675       28734     28872     28902     1816           119            189            2              
1      314       727       28868     28932     28962     1816           119            290            3              
2      549       621       28867     28955     28985     1818           52             280            1              
1      162       233       28872     28958     28988     1831           178            206            1              
1      115       479       28887     28948     28978     1833           9              52             1              
1      133       415       28829     28899     28929     1833           9              100            2              
1      603       663       28801     28884     28914     1836           189            131            1              
1      118       627       28867     28945     28975     1837           286            189            1              
1      328       390       28835     28983     29013     1841           299            52             1              
1      328       671       28809     28923     28953     1841           299            280            2              
2      328       676       28831     28953     28983     1841           299            189            3              
1      171       192       28855     28909     28939     1851           286            266            1              
1      171       247       28829     28879     28909     1851           286            266            2              
1      189       652       28839     28952     28982     1851           286            189            3              
1      478       621       28863     28968     28998     1860           52             280            2              
1      475       9         28413     28516     28546     1861           52             98             1              
1      135       698       28774     28847     28877     1869           286            189            1              
1      419       504       28590     28724     28754     1871           168            52             1              
1      527       268       28860     28956     28986     1871           52             299            2              
1      335       439       28591     28685     28715     1873           119            189            1              
2      354       578       28808     28932     28962     1877           119            189            1              
2      352       674       28748     28834     28864     1877           119            189            2              
1      758       596       28773     28883     28913     1878           131            131            1              
1      162       580       28590     28689     28719     1879           178            189            1              
1      215       397       28838     28959     28989     1880           178            168            1              
1      771       331       28715     28782     28812     1881           290            127            1              
1      366       673       28380     28479     28509     1883           299            189            1              
3      835       232       28657     28798     28828     1888           290            266            1              
2      457       376       28534     28711     28741     1889           52             168            1              
2      862       551       28556     28682     28712     1891           290            189            1              
1      461       393       28845     28915     28945     1892           189            52             1              
1      717       623       28865     28920     28950     1893           189            280            1              
1      197       409       28636     28744     28774     1896           178            52             1              
1      200       535       28830     28920     28950     1899           87             189            1              
1      549       488       28539     28624     28654     1900           52             199            1              
1      720       153       28710     28817     28847     1901           290            286            1              
1      620       740       28642     28744     28774     1904           131            50             1              
2      328       718       28581     28683     28713     1907           299            189            1              
1      234       462       28810     28904     28934     1913           87             189            1              
1      235       603       28846     28970     29000     1913           87             189            2              
1      371       336       28849     28990     29020     1914           52             277            1              
3      727       280       28803     28873     28903     1922           290            277            1              
3      189       600       28846     28935     28965     1924           286            280            1              
1      292       486       28532     28654     28684     1933           87             199            1              
2      349       458       28806     28938     28968     1938           127            52             1              
1      329       554       28755     28895     28925     1938           127            189            2              
1      306       673       28680     28804     28834     1938           299            189            3              
1      1043      697       28859     28958     28988     1939           291            189            1              
1      287       596       28746     28910     28940     1948           299            131            1              
3      256       549       28508     28642     28672     1953           87             52             1              
1      236       191       28595     28681     28711     1955           87             266            1              
1      749       557       28836     28937     28967     1958           290            189            1              
3      356       484       28829     28966     28996     1960           119            189            1              
1      356       671       28804     28936     28966     1960           119            280            2              
1      328       603       28783     28912     28942     1961           299            189            1              
1      747       602       28872     28977     29007     1964           290            189            1              
1      348       545       28692     28885     28915     1967           299            52             1              
3      345       600       28830     28989     29019     1967           299            280            2              
1      457       117       28807     28862     28892     1969           52             286            1              
1      484       556       28875     28973     29003     1971           189            199            1              
3      462       628       28806     28916     28946     1971           189            189            2              
1      273       372       28849     28953     28983     1972           206            119            1              
1      273       556       28852     28983     29013     1972           206            199            2              
1      546       117       28758     28881     28911     1979           52             286            1              
2      581       415       28879     28966     28996     1987           189            100            1              
3      644       45        28375     28480     28510     1988           131            98             1              
2      722       330       28830     28957     28987     1989           290            127            1              
1      1048      790       28765     28833     28863     1991           291            290            1              
2      990       650       28859     28957     28987     1991           290            189            2              
1      1048      460       28777     28863     28893     1991           291            189            3              
1      464       35        28392     28488     28518     1994           168            98             1              
1      702       116       28488     28561     28591     1995           290            9              1              
1      279       1542      28703     28806     28836     1997           87             296            1              
3      356       484       28829     28975     29005     1998           119            189            1              
1      337       581       28755     28881     28911     1998           277            189            2              
