COLUMNS

passenger_count
pickup_ID
dropoff_ID
request_time_sec
pickup_district
dropoff_district
LDuals
IDuals
vehicle_ID
pick_position
drop_position

REQUESTS_INFO
2      905       604       31636     290       189       201       201       8         1         3         
1      460       413       31639     189       52        141       141       38        1         3         
1      861       48        31508     290       98        356       356       43        1         2         
1      937       670       31618     291       280       191       191       45        1         3         
1      523       413       31624     52        52        180       180       48        1         3         
3      909       1022      31605     290       291       243       243       56        1         3         
3      482       430       31636     189       52        145       145       59        1         3         
4      1003      873       31426     291       291       489       489       83        1         2         
1      936       437       31599     291       100       202       202       103       1         3         
1      436       399       31644     100       168       129       129       105       1         3         
1      816       532       31643     290       199       178       178       125       1         2         
1      804       1167      31598     291       291       198       198       128       1         3         
1      757       504       31632     131       52        139       139       143       1         2         
1      269       192       31633     127       266       141       141       148       1         2         
1      801       557       31598     291       189       199       199       153       1         2         
1      499       596       31623     52        131       159       159       187       1         2         
3      1065      962       31385     291       291       512       512       214       1         3         
1      1022      522       31599     291       52        296       296       214       2         4         
3      915       923       31648     291       290       183       183       221       1         3         
1      863       599       31628     290       280       264       264       222       1         2         
1      813       1053      31622     290       84        211       211       226       1         2         
1      452       554       31633     52        189       141       141       246       1         2         
3      1187      1048      31628     291       291       228       228       289       1         2         
3      794       485       31513     290       189       309       309       295       1         2         
3      335       209       31600     119       266       222       222       302       1         2         
1      948       905       31556     290       290       271       271       315       1         2         
1      827       992       31542     291       290       223       223       341       1         4         
1      294       284       31622     87        299       236       236       371       1         3         
1      595       719       31633     131       189       147       147       375       1         3         
4      618       694       31565     131       189       204       204       383       1         2         
1      896       209       31532     291       266       276       276       450       1         4         
1      795       628       31596     290       189       215       215       480       1         4         
2      842       605       31593     290       189       316       316       480       2         3         
1      791       674       31605     290       189       168       168       503       1         2         
1      893       627       31573     291       189       210       210       507       1         4         
3      273       624       31561     206       189       239       239       512       1         2         
1      852       673       31634     291       189       161       161       534       1         3         
3      1025      720       31613     291       290       268       268       543       1         3         
3      1187      1048      31628     291       291       228       228       572       1         2         
1      1096      949       31631     84        290       194       194       580       1         2         
3      771       723       31627     290       290       178       178       583       1         2         
3      1023      1685      31581     291       142       313       313       591       1         3         
1      560       268       31624     189       299       124       124       594       1         3         
2      723       474       31642     290       52        112       112       599       1         3         
1      330       460       31603     127       189       179       179       616       1         2         
3      372       133       31624     119       9         142       142       635       1         3         
1      883       737       31434     290       189       403       403       674       1         2         
1      557       393       31630     189       52        127.5     127.5     675       1         2         
1      559       580       31634     189       189       109       109       694       1         2         
1      419       462       31640     168       189       127       127       697       1         2         
1      557       537       31649     189       189       117       117       702       1         2         
2      791       535       31624     290       189       188       188       711       1         2         
1      687       717       31607     131       189       140       140       740       1         3         
1      858       766       31623     290       290       168       168       756       1         2         
3      842       605       31593     290       189       316       316       764       1         3         
1      1043      873       31641     291       291       282       282       794       1         2         
2      1044      1010      31311     291       290       593       593       810       1         2         
1      914       722       31582     291       290       0         0         823       1         4         
1      949       253       31634     290       206       169       169       824       1         3         
1      772       968       31619     290       290       217       217       836       1         2         
2      483       574       31645     189       189       146       146       850       1         2         
1      1024      1047      31642     291       291       238       238       851       1         2         
3      694       651       31629     189       189       116       116       863       1         2         
2      269       399       31622     127       168       152       152       877       1         2         
1      1023      1010      31628     291       290       247       247       884       1         3         
3      1023      1685      31581     291       142       314       314       884       2         4         
2      960       524       31395     291       52        418       418       890       1         3         
2      891       697       31629     291       189       184       184       892       1         3         
1      621       374       31633     280       119       117       117       897       1         4         
1      726       947       31630     290       290       169       169       912       1         2         
3      959       720       31535     291       290       328       328       913       1         2         
1      311       626       31593     87        189       224       224       914       1         3         
1      991       790       31470     290       290       263       263       919       1         3         
1      197       292       31645     178       87        150       150       941       1         2         
1      847       1231      31646     291       129       164       164       959       1         3         
1      478       459       31632     52        189       137       137       961       1         2         
2      337       421       31622     277       168       190       190       976       1         2         
1      749       627       31606     290       189       203       203       979       1         3         
3      842       233       31377     290       206       532       532       984       1         2         
1      864       487       31497     290       199       337       337       988       1         2         
3      550       1373      31543     189       129       226       226       991       1         2         
1      297       628       31593     277       189       210       210       1010      1         2         
3      1025      720       31613     291       290       308       308       1018      1         2         
3      905       864       31477     290       290       366       366       1019      1         3         
1      885       1217      31623     290       84        225       225       1019      2         4         
1      914       1002      31647     291       291       183       183       1035      1         2         
1      1043      739       31573     291       189       322       322       1049      1         4         
1      883       947       31594     290       290       237       237       1068      1         4         
1      927       770       31524     290       290       300       300       1089      1         3         
3      927       394       31629     290       100       228       228       1089      2         4         
1      1225      1001      31616     192       291       220       220       1105      1         2         
1      850       189       31500     291       286       317       317       1110      1         2         
3      788       771       31600     290       290       189       189       1129      1         2         
1      392       534       31636     52        199       129       129       1130      1         3         
2      1047      780       31620     291       291       248       248       1133      1         3         
3      908       441       31496     290       168       426       426       1139      1         2         
1      1206      649       31528     192       189       311       311       1143      1         2         
1      841       653       31608     290       189       184       184       1148      1         4         
3      909       1022      31605     290       291       270       270       1149      1         4         
1      865       815       31602     290       290       231       231       1149      2         3         
3      795       743       31238     290       290       594       594       1157      1         2         
1      916       527       31475     291       52        383       383       1165      1         2         
1      621       624       31638     280       189       112       112       1173      1         2         
1      181       674       31592     178       189       189       189       1189      1         3         
1      1149      1068      31547     291       291       320       320       1220      1         2         
3      859       721       31543     290       290       271       271       1222      1         2         
1      1128      1263      31561     291       192       320       320       1224      1         2         
2      1088      1263      31634     291       192       252       252       1236      1         3         
2      972       925       31646     290       290       182       182       1238      1         3         
1      906       696       31642     290       189       201       201       1238      2         4         
1      772       887       31635     290       290       149       149       1256      1         2         
3      838       625       31604     290       189       241       241       1261      1         2         
2      1065      837       31613     291       290       263       263       1280      1         4         
1      198       727       31649     178       290       136       136       1282      1         4         
1      825       671       31574     291       280       238       238       1287      1         2         
1      1016      1218      31646     84        84        256       256       1296      1         2         
1      485       417       31648     189       100       115       115       1297      1         2         
1      760       788       31604     291       290       162       162       1312      1         3         
1      511       418       31642     199       168       93        93        1331      1         3         
1      1129      1140      31648     291       84        236       236       1340      1         3         
1      749       817       31641     290       290       147       147       1343      1         2         
1      1045      1088      31562     291       291       328       328       1349      1         2         
1      255       483       31631     87        189       154       154       1351      1         3         
3      905       604       31636     290       189       207       207       1369      1         2         
1      889       788       31571     290       290       283       283       1381      1         2         
1      794       675       31639     290       189       183       183       1388      1         2         
1      236       522       31615     87        52        169       169       1408      1         3         
1      1148      1225      31622     291       192       248       248       1417      1         2         
2      929       881       31525     290       290       329       329       1428      1         2         
1      903       601       31602     290       189       238       238       1487      1         2         
1      522       573       31650     52        189       0         0         0         0         0         
1      791       627       31650     290       189       0         0         0         0         0         
1      894       34        31650     291       98        0         0         0         0         0         
1      608       535       31650     189       189       0         0         0         0         0         
1      1044      759       31650     291       131       0         0         0         0         0         
1      841       781       31651     290       291       0         0         0         0         0         
1      620       825       31651     131       291       0         0         0         0         0         
1      896       765       31651     291       290       0         0         0         0         0         
1      791       604       31651     290       189       0         0         0         0         0         
3      790       622       31652     290       280       0         0         0         0         0         
2      333       285       31652     119       299       0         0         0         0         0         
3      333       285       31652     119       299       0         0         0         0         0         
4      722       531       31652     290       189       0         0         0         0         0         
1      399       532       31652     168       199       0         0         0         0         0         
1      499       331       31652     52        127       0         0         0         0         0         
2      1172      1053      31652     129       84        0         0         0         0         0         
2      790       622       31652     290       280       0         0         0         0         0         
1      413       651       31653     52        189       0         0         0         0         0         
3      578       551       31653     189       189       0         0         0         0         0         
2      578       551       31653     189       189       0         0         0         0         0         
1      702       1011      31653     290       84        0         0         0         0         0         
1      842       837       31653     290       290       0         0         0         0         0         
1      457       430       31654     52        52        0         0         0         0         0         
2      330       412       31654     127       52        0         0         0         0         0         
1      646       594       31654     280       131       0         0         0         0         0         
1      389       570       31654     299       52        0         0         0         0         0         
1      909       602       31654     290       189       0         0         0         0         0         
2      836       605       31654     290       189       0         0         0         0         0         
3      836       605       31654     290       189       0         0         0         0         0         
2      21        376       31655     98        168       0         0         0         0         0         
2      1273      1216      31655     84        129       0         0         0         0         0         
1      600       663       31655     280       131       0         0         0         0         0         
2      481       647       31655     189       280       0         0         0         0         0         
1      630       743       31655     189       290       0         0         0         0         0         
1      485       626       31656     189       189       0         0         0         0         0         
1      557       372       31657     189       119       0         0         0         0         0         
1      760       675       31657     291       189       0         0         0         0         0         
3      1023      851       31657     291       291       0         0         0         0         0         
1      529       533       31657     189       199       0         0         0         0         0         
1      1022      772       31657     291       290       0         0         0         0         0         
1      484       647       31657     189       280       0         0         0         0         0         
1      118       552       31658     286       189       0         0         0         0         0         
1      702       97        31658     290       9         0         0         0         0         0         
1      171       533       31658     286       199       0         0         0         0         0         
2      396       545       31658     119       52        0         0         0         0         0         
1      816       651       31658     290       189       0         0         0         0         0         
1      527       265       31658     52        299       0         0         0         0         0         
1      654       437       31658     189       100       0         0         0         0         0         
2      888       925       31658     290       290       0         0         0         0         0         
2      311       600       31658     87        280       0         0         0         0         0         
1      737       698       31658     189       189       0         0         0         0         0         
1      810       697       31659     290       189       0         0         0         0         0         
1      913       701       31659     291       290       0         0         0         0         0         
1      929       780       31659     290       291       0         0         0         0         0         
1      304       628       31659     299       189       0         0         0         0         0         
1      505       20        31660     52        98        0         0         0         0         0         
1      252       350       31660     206       127       0         0         0         0         0         
2      858       749       31660     290       290       0         0         0         0         0         
2      883       626       31660     290       189       0         0         0         0         0         
1      691       760       31661     131       291       0         0         0         0         0         
1      366       433       31661     299       52        0         0         0         0         0         
1      607       33        31661     189       98        0         0         0         0         0         
1      317       535       31661     277       189       0         0         0         0         0         
1      727       556       31661     290       199       0         0         0         0         0         
1      81        63        31661     98        98        0         0         0         0         0         
1      711       628       31661     131       189       0         0         0         0         0         
1      99        192       31662     286       266       0         0         0         0         0         
1      936       597       31662     291       131       0         0         0         0         0         
1      272       527       31662     127       52        0         0         0         0         0         
1      580       200       31662     189       87        0         0         0         0         0         
1      410       376       31662     52        168       0         0         0         0         0         
1      631       603       31662     189       189       0         0         0         0         0         
1      626       721       31662     189       290       0         0         0         0         0         
2      393       527       31662     52        52        0         0         0         0         0         
1      99        573       31662     286       189       0         0         0         0         0         
1      554       419       31663     189       168       0         0         0         0         0         
1      606       355       31663     189       119       0         0         0         0         0         
1      462       604       31663     189       189       0         0         0         0         0         
1      331       247       31663     127       266       0         0         0         0         0         
2      475       526       31663     52        52        0         0         0         0         0         
3      475       526       31663     52        52        0         0         0         0         0         
1      388       373       31664     299       119       0         0         0         0         0         
1      354       578       31664     119       189       0         0         0         0         0         
1      276       737       31664     87        189       0         0         0         0         0         
1      509       698       31664     199       189       0         0         0         0         0         
1      1168      720       31664     291       290       0         0         0         0         0         
2      331       289       31664     127       127       0         0         0         0         0         
3      891       737       31664     291       189       0         0         0         0         0         
1      968       716       31665     290       189       0         0         0         0         0         
1      550       438       31665     189       100       0         0         0         0         0         
1      602       481       31665     189       189       0         0         0         0         0         
1      556       488       31665     199       199       0         0         0         0         0         
1      559       676       31665     189       189       0         0         0         0         0         
3      304       134       31665     299       9         0         0         0         0         0         
3      304       134       31665     299       9         0         0         0         0         0         
1      354       465       31665     119       199       0         0         0         0         0         
1      505       409       31666     52        52        0         0         0         0         0         
2      356       549       31666     119       52        0         0         0         0         0         
1      443       232       31666     168       266       0         0         0         0         0         
3      804       599       31667     291       280       0         0         0         0         0         
2      804       599       31667     291       280       0         0         0         0         0         
1      669       526       31667     280       52        0         0         0         0         0         
1      556       578       31667     199       189       0         0         0         0         0         
1      630       464       31667     189       168       0         0         0         0         0         
1      530       672       31668     189       189       0         0         0         0         0         
1      393       291       31668     52        87        0         0         0         0         0         
1      509       790       31668     199       290       0         0         0         0         0         
2      743       860       31669     290       290       0         0         0         0         0         
1      788       651       31669     290       189       0         0         0         0         0         
1      328       292       31670     299       87        0         0         0         0         0         
1      727       579       31670     290       189       0         0         0         0         0         
1      971       984       31671     290       291       0         0         0         0         0         
2      194       346       31671     207       299       0         0         0         0         0         
2      723       737       31671     290       189       0         0         0         0         0         
1      688       623       31672     131       280       0         0         0         0         0         
2      935       1065      31672     291       291       0         0         0         0         0         
2      1142      1140      31672     84        84        0         0         0         0         0         
2      849       99        31672     291       286       0         0         0         0         0         
1      556       139       31672     199       57        0         0         0         0         0         
1      813       948       31672     290       290       0         0         0         0         0         
1      552       365       31672     189       299       0         0         0         0         0         
1      655       881       31672     189       290       0         0         0         0         0         
4      293       116       31672     87        9         0         0         0         0         0         
1      827       521       31672     291       52        0         0         0         0         0         
1      860       969       31673     290       290       0         0         0         0         0         
1      527       521       31673     52        52        0         0         0         0         0         
1      475       310       31673     52        127       0         0         0         0         0         
1      437       373       31673     100       119       0         0         0         0         0         
1      337       571       31673     277       52        0         0         0         0         0         
2      1054      948       31673     84        290       0         0         0         0         0         
1      419       505       31673     168       52        0         0         0         0         0         
1      273       331       31673     206       127       0         0         0         0         0         
1      137       192       31674     286       266       0         0         0         0         0         
1      771       116       31674     290       9         0         0         0         0         0         
1      848       480       31674     291       52        0         0         0         0         0         
1      139       213       31674     57        266       0         0         0         0         0         
1      436       416       31675     100       100       0         0         0         0         0         
1      971       47        31675     290       98        0         0         0         0         0         
1      701       625       31675     290       189       0         0         0         0         0         
1      35        535       31676     98        189       0         0         0         0         0         
1      991       905       31676     290       290       0         0         0         0         0         
1      1370      1263      31676     129       192       0         0         0         0         0         
3      410       458       31676     52        52        0         0         0         0         0         
1      947       698       31676     290       189       0         0         0         0         0         
1      726       557       31676     290       189       0         0         0         0         0         
1      927       885       31676     290       290       0         0         0         0         0         
1      827       992       31676     291       290       0         0         0         0         0         
1      275       142       31676     87        54        0         0         0         0         0         
1      1168      1231      31676     291       129       0         0         0         0         0         
2      373       881       31676     119       290       0         0         0         0         0         
3      509       604       31676     199       189       0         0         0         0         0         
2      509       604       31676     199       189       0         0         0         0         0         
1      462       627       31677     189       189       0         0         0         0         0         
1      759       527       31677     131       52        0         0         0         0         0         
1      460       606       31678     189       189       0         0         0         0         0         
1      413       505       31678     52        52        0         0         0         0         0         
1      847       528       31678     291       52        0         0         0         0         0         
2      1044      1189      31678     291       192       0         0         0         0         0         
1      596       116       31678     131       9         0         0         0         0         0         
1      499       352       31678     52        119       0         0         0         0         0         
3      792       675       31679     290       189       0         0         0         0         0         
2      792       675       31679     290       189       0         0         0         0         0         
1      726       531       31679     290       189       0         0         0         0         0         
1      510       652       31679     199       189       0         0         0         0         0         
