COLUMNS

passenger_count
pickup_ID
dropoff_ID
request_time_sec
pickup_district
dropoff_district

REQUESTS_INFO
2      1091      791       49200     291       290       
1      696       734       49200     189       131       
1      78        444       49200     9         168       
2      671       882       49200     280       290       
1      812       1127      49200     290       291       
3      671       882       49200     280       290       
1      655       793       49201     189       290       
1      479       101       49201     52        57        
1      99        134       49201     286       9         
1      483       417       49201     189       100       
1      436       695       49201     100       189       
1      790       817       49202     290       290       
1      768       719       49202     290       189       
1      701       677       49203     290       189       
1      936       526       49203     291       52        
1      333       237       49203     119       87        
1      527       483       49203     52        189       
1      462       633       49203     189       189       
1      858       923       49204     290       290       
1      717       604       49204     189       189       
1      663       674       49204     131       189       
1      622       693       49205     280       280       
1      646       906       49205     280       290       
1      760       816       49205     291       290       
2      699       350       49205     290       127       
1      442       309       49206     168       127       
1      626       655       49206     189       189       
1      1109      781       49207     291       291       
1      712       745       49207     131       290       
1      768       923       49208     290       290       
3      10        121       49208     98        57        
3      10        121       49208     98        57        
1      749       814       49208     290       290       
1      577       598       49208     189       189       
1      758       671       49208     131       280       
1      21        648       49208     98        189       
1      309       307       49208     127       127       
3      599       686       49209     280       131       
1      650       625       49209     189       189       
3      651       600       49209     189       280       
3      459       676       49210     189       189       
1      814       605       49210     290       189       
3      116       189       49210     9         286       
3      116       189       49210     9         286       
1      604       738       49210     189       189       
1      551       172       49210     189       286       
2      459       676       49210     189       189       
1      616       644       49211     131       131       
1      583       189       49211     189       286       
2      1105      390       49211     291       52        
1      1089      1148      49211     291       291       
2      459       160       49211     189       54        
3      717       804       49212     189       291       
1      413       397       49212     52        168       
2      717       804       49212     189       291       
1      436       605       49212     100       189       
1      48        217       49212     98        87        
1      436       527       49212     100       52        
2      529       668       49213     189       280       
1      247       530       49213     266       189       
1      710       666       49214     131       131       
2      233       292       49214     206       87        
1      924       949       49214     290       290       
1      803       675       49214     291       189       
1      1023      718       49214     291       189       
3      648       719       49214     189       189       
1      78        34        49215     9         98        
1      1088      1002      49215     291       291       
2      858       699       49215     290       290       
1      437       376       49215     100       168       
3      45        476       49216     98        52        
3      482       529       49216     189       189       
1      732       574       49216     131       189       
3      482       529       49216     189       189       
3      45        476       49216     98        52        
2      371       371       49216     52        52        
3      371       371       49216     52        52        
1      768       858       49217     290       290       
2      1152      1308      49217     291       129       
4      506       605       49217     189       189       
4      839       852       49217     290       291       
2      527       377       49217     52        168       
1      624       527       49218     189       52        
1      35        97        49218     98        9         
1      463       396       49218     168       119       
1      670       968       49218     280       290       
3      333       232       49218     119       266       
2      333       232       49218     119       266       
1      533       416       49219     199       100       
1      559       551       49219     189       189       
1      324       396       49220     299       119       
1      928       905       49220     290       290       
1      555       671       49220     199       280       
1      336       291       49220     277       87        
1      331       674       49220     127       189       
1      158       331       49221     174       127       
1      690       116       49221     131       9         
1      280       232       49221     277       266       
2      826       669       49221     291       280       
1      810       644       49221     290       131       
1      736       1530      49223     131       296       
2      314       420       49223     119       168       
1      346       330       49223     299       127       
1      393       624       49224     52        189       
1      627       485       49224     189       189       
1      418       116       49224     168       9         
1      115       9         49225     9         98        
1      559       464       49225     189       168       
3      580       414       49225     189       100       
2      484       627       49225     189       189       
1      838       888       49225     290       290       
3      545       526       49225     52        52        
2      580       414       49225     189       100       
1      557       578       49226     189       189       
2      609       791       49226     189       290       
2      486       558       49226     199       189       
1      458       701       49226     52        290       
1      544       743       49226     52        290       
1      485       259       49226     189       87        
2      780       781       49226     291       291       
3      780       781       49226     291       291       
1      645       527       49226     280       52        
1      133       693       49227     9         280       
1      580       440       49227     189       168       
2      345       414       49227     299       100       
1      386       503       49227     299       52        
2      718       755       49227     189       131       
1      134       31        49227     9         9         
1      232       171       49227     266       286       
1      608       49        49227     189       98        
1      697       813       49227     189       290       
2      720       850       49228     290       291       
1      344       303       49228     299       299       
1      392       415       49229     52        100       
1      232       332       49229     266       87        
1      874       725       49230     291       290       
1      410       438       49230     52        100       
1      549       828       49230     52        291       
1      721       903       49230     290       290       
1      479       247       49230     52        266       
