COLUMNS

passenger_count
pickup_ID
dropoff_ID
request_time_sec
pickup_district
dropoff_district
LDuals
IDuals
vehicle_ID
pick_position
drop_position

REQUESTS_INFO
1      663       394       31477     131       100       198.919   198.919   13        1         5         
1      685       453       31356     999       52        450.081   450.081   13        2         3         
3      1131      805       31305     291       291       688.086   688.086   14        2         3         
2      1355      139       31476     129       57        406       406       15        1         3         
4      804       1189      30872     291       192       984       984       18        1         2         
2      545       393       31522     52        52        230       230       20        1         2         
1      745       717       31500     290       189       337       337       22        1         3         
1      745       692       31517     290       280       320       320       22        2         4         
2      388       576       31368     299       189       376       376       23        1         2         
2      1245      928       31362     192       290       505.319   505.319   24        2         3         
3      889       676       31067     290       189       848.25    848.25    26        2         4         
1      435       604       31500     52        189       261       261       27        1         4         
2      509       716       31424     199       189       308       308       40        1         2         
1      485       332       31512     189       87        239       239       43        1         3         
3      1211      858       31222     129       290       739.872   739.872   48        1         3         
1      1211      651       31457     129       189       456.848   456.848   48        2         4         
1      715       650       31516     131       189       265.5     265.5     51        1         4         
1      715       715       31516     131       131       273.5     273.5     51        2         3         
2      894       626       31478     291       189       393.04    393.04    54        1         4         
2      914       719       31467     291       189       415.04    415.04    54        2         3         
1      618       415       31447     131       100       278.081   278.081   55        1         3         
2      827       958       31486     291       291       363       363       56        3         4         
1      972       593       31299     290       52        617.5     617.5     57        1         4         
1      633       60        31399     189       9         392       392       69        1         3         
2      782       716       31466     291       189       360.5     360.5     77        1         2         
1      876       963       31290     50        50        591.081   591.081   79        1         3         
1      628       251       31415     189       127       257       257       80        1         3         
1      324       779       31464     299       131       216       216       81        1         2         
3      716       550       31417     189       189       389       389       83        1         3         
1      452       372       31475     52        119       235       235       87        1         2         
1      229       213       31515     266       266       179       179       91        1         3         
3      947       929       30944     290       290       978.872   978.872   93        1         3         
1      947       1198      31521     290       84        387       387       93        2         4         
1      663       715       31329     131       131       449       449       99        1         3         
1      630       512       31511     189       199       237       237       101       1         5         
3      694       978       31431     189       291       350       350       106       1         3         
1      509       460       31485     199       189       247       247       111       1         3         
3      509       716       31424     199       189       308       308       111       2         4         
1      1401      717       31462     129       189       343.848   343.848   112       1         4         
1      252       725       31447     206       290       269       269       115       1         4         
2      252       504       31479     206       52        237       237       115       2         3         
1      290       537       31509     127       189       235.5     235.5     117       1         3         
3      695       373       31337     189       119       386       386       121       1         3         
1      411       116       31500     52        9         213       213       126       1         3         
2      557       483       31486     189       189       258       258       133       1         4         
2      557       441       31528     189       168       202       202       133       2         3         
1      476       350       31429     52        127       315       315       139       1         3         
1      618       284       31497     131       299       228.081   228.081   142       1         3         
1      834       699       31512     290       290       355       355       143       1         3         
1      702       139       31519     290       57        305       305       146       1         4         
3      702       574       31316     290       189       509       509       146       2         3         
1      582       421       31449     189       168       293       293       147       1         3         
1      905       1208      31488     290       192       356.5     356.5     148       2         5         
3      927       996       30617     290       84        1313      1313      148       3         4         
1      676       671       31520     189       280       259       259       149       1         2         
3      626       720       31466     189       290       304       304       159       1         3         
3      645       788       31220     280       290       538       538       160       1         3         
3      991       484       31400     290       189       530.872   530.872   166       1         4         
1      973       748       31086     84        290       846       846       166       2         3         
1      724       558       31483     290       189       332       332       167       1         4         
1      482       413       31484     189       52        229       229       168       1         3         
3      749       398       31215     290       168       646.25    646.25    174       2         4         
1      642       625       31326     131       189       447       447       175       1         2         
1      275       480       31444     87        52        335       335       178       1         3         
1      1014      1053      31453     84        84        470.5     470.5     179       1         3         
3      1034      599       31345     84        280       622.5     622.5     179       2         4         
1      745       903       31514     290       290       323       323       185       1         3         
1      485       627       31506     189       189       245       245       190       1         3         
1      485       550       31511     189       189       240       240       190       2         4         
1      689       719       31480     131       189       289       289       196       1         3         
1      990       675       31508     290       189       388.5     388.5     200       2         4         
1      1022      873       31504     291       291       405.081   405.081   206       1         2         
1      287       505       31500     299       52        213       213       210       1         2         
2      834       484       31265     290       189       602       602       212       1         3         
1      739       922       31387     189       50        351       351       214       1         3         
1      527       416       31528     52        100       237       237       215       1         3         
3      415       696       31474     100       189       292       292       216       1         2         
4      772       693       30537     290       280       1358      1358      221       2         3         
4      780       778       30674     291       131       1169      1169      230       1         2         
1      509       482       31489     199       189       243       243       236       1         2         
1      257       578       31347     87        189       472       472       244       1         2         
2      811       969       31516     290       290       290.5     290.5     249       1         3         
3      929       553       31177     290       189       724.5     724.5     250       1         3         
1      859       601       31326     290       189       521       521       257       2         3         
1      723       484       31400     290       189       407       407       260       1         3         
1      270       127       31520     127       178       167       167       262       1         3         
1      723       656       31472     290       290       335       335       263       1         3         
1      723       842       31488     290       290       319       319       263       2         4         
3      981       873       30945     291       291       993.081   993.081   267       1         4         
1      1022      896       31355     291       291       574       574       267       2         3         
3      394       268       31521     100       299       249       249       271       1         3         
2      502       368       31444     52        299       255       255       277       1         4         
1      526       436       31529     52        100       186       186       277       2         3         
1      390       408       31405     52        299       362       362       280       1         2         
1      827       871       31496     291       291       342       342       281       1         3         
3      894       483       31500     291       189       385       385       281       2         4         
1      630       557       31362     189       189       312       312       282       1         3         
1      236       48        31506     87        98        142       142       289       1         4         
3      791       604       31457     290       189       396.5     396.5     293       1         3         
3      677       670       31505     189       280       285.5     285.5     296       2         4         
2      851       748       31262     291       290       603       603       299       2         4         
3      841       116       31344     290       9         536.5     536.5     306       2         5         
1      842       508       31395     290       199       498.5     498.5     306       3         4         
1      273       171       31452     206       286       286       286       308       1         3         
1      772       651       31136     290       189       729.25    729.25    309       1         3         
3      950       749       31358     290       290       566       566       310       2         4         
1      950       528       31527     290       52        382.5     382.5     310       3         5         
1      972       535       31463     290       189       413.5     413.5     314       2         3         
3      926       778       31254     290       131       680       680       316       1         3         
1      745       580       31291     290       189       546       546       324       2         6         
1      745       602       31499     290       189       276       276       324       3         5         
1      849       134       31248     291       9         701       701       325       1         4         
1      849       758       31452     291       131       497       497       325       2         3         
1      870       621       31419     291       280       486.081   486.081   340       1         3         
3      870       602       31455     291       189       451       451       340       2         4         
1      607       742       31383     189       290       387       387       341       1         3         
4      857       673       31351     290       189       546       546       347       1         2         
1      743       991       31446     290       290       350.5     350.5     352       1         3         
2      1167      1085      31455     291       291       490.616   490.616   355       1         2         
1      481       828       31497     189       291       259       259       358       2         4         
3      741       529       31479     50        189       293       293       364       1         3         
4      771       990       31075     290       290       819       819       368       1         2         
1      633       748       31413     189       290       398       398       371       2         3         
4      948       1264      31053     290       192       919       919       372       2         3         
1      802       604       31511     291       189       316       316       374       1         4         
4      850       602       30820     291       189       1053      1053      375       2         3         
3      631       699       31384     189       290       401       401       385       2         4         
1      644       575       31508     131       189       271       271       386       1         3         
1      479       35        31518     52        98        225       225       391       1         3         
1      1107      599       31260     291       280       681.792   681.792   395       1         4         
3      1107      738       31386     291       189       585.792   585.792   395       2         3         
1      606       720       31518     189       290       236       236       396       1         4         
2      510       529       31364     199       189       378       378       399       1         2         
1      859       789       31504     290       290       343       343       401       2         4         
4      864       698       30822     290       189       1122      1122      403       2         3         
2      924       652       31487     290       189       369.5     369.5     404       1         2         
1      824       692       31411     291       280       386.96    386.96    411       1         3         
2      894       483       31500     291       189       371.04    371.04    411       2         5         
1      603       648       31472     189       189       226       226       414       1         2         
1      761       737       31491     50        189       293.5     293.5     417       1         2         
2      734       557       31485     131       189       329       329       423       1         3         
1      723       747       31520     290       290       287       287       424       1         3         
3      331       463       31298     127       168       507       507       425       1         3         
1      331       552       31381     127       189       397       397       425       2         4         
1      767       526       31505     290       52        187       187       429       1         5         
1      1053      599       31481     84        280       451       451       430       2         5         
2      1053      649       31524     84        189       408       408       430       3         4         
1      1056      1134      30882     84        50        998.872   998.872   431       1         3         
3      144       581       31494     54        189       261       261       432       1         2         
1      1117      677       31473     84        189       465.628   465.628   441       2         5         
1      1117      570       31289     84        52        600.372   600.372   441       3         6         
1      862       523       31410     290       52        481.5     481.5     453       1         4         
1      749       602       31331     290       189       502.25    502.25    460       1         4         
3      749       629       31163     290       189       698.25    698.25    460       2         3         
1      665       739       31474     131       189       322       322       462       1         3         
1      665       826       31416     131       291       380       380       462       2         4         
3      609       485       30913     189       189       869       869       464       2         4         
1      600       990       31517     280       290       193       193       466       1         3         
4      713       214       31495     131       207       353       353       469       2         3         
1      158       61        31504     174       98        162       162       472       1         3         
3      1087      578       31188     291       189       760.081   760.081   476       1         4         
1      1087      963       31296     291       50        652.081   652.081   476       2         3         
1      692       627       31442     280       189       331       331       478       2         4         
4      772       511       31505     290       199       390       390       479       1         2         
1      748       1022      31399     290       291       400.25    400.25    489       2         5         
1      582       232       31517     189       266       225       225       490       2         4         
1      873       643       31466     291       131       370.5     370.5     492       1         5         
2      294       291       31129     87        87        662       662       493       1         2         
2      836       1010      31444     290       290       380.25    380.25    500       2         4         
1      768       765       31456     290       290       381       381       506       2         4         
1      949       677       31282     290       189       605.5     605.5     510       1         2         
3      991       484       31400     290       189       530.872   530.872   511       1         3         
3      1192      692       31459     129       280       494.872   494.872   515       2         5         
1      1132      894       31413     291       291       549.848   549.848   515       3         4         
1      833       554       31263     50        189       596       596       516       1         3         
1      1106      1530      31350     291       296       586.081   586.081   517       1         3         
3      557       11        31391     189       999       353       353       518       1         2         
4      835       696       30646     290       189       1229      1229      524       1         2         
1      961       717       31413     291       189       513.081   513.081   525       1         2         
4      768       534       30725     290       199       1138      1138      528       1         2         
3      835       923       31516     290       290       329       329       531       1         2         
1      696       579       31515     189       189       241       241       535       2         4         
2      461       556       31517     189       199       259       259       539       1         3         
1      441       504       31405     168       52        389       389       539       2         4         
1      421       629       31344     168       189       429       429       540       1         3         
3      789       674       31477     290       189       339       339       541       1         2         
3      695       482       31437     189       189       286       286       552       1         3         
3      749       583       31243     290       189       618.25    618.25    554       2         4         
3      903       746       31237     290       290       661       661       555       1         3         
2      1010      604       31343     290       189       567.167   567.167   559       2         4         
3      677       670       31505     189       280       285.5     285.5     560       1         4         
1      746       743       31223     290       290       633.5     633.5     560       2         3         
1      772       353       31527     290       119       338.25    338.25    568       1         4         
1      499       209       31458     52        266       199       199       569       1         3         
1      1131      652       31250     291       189       705.848   705.848   570       1         3         
2      1001      889       31249     291       290       667       667       572       2         5         
1      1001      922       31503     291       50        413       413       572       3         4         
4      947       720       31420     290       290       524       524       574       2         3         
1      1432      1088      31523     129       291       302       302       585       1         2         
3      59        118       31510     999       286       152       152       586       1         2         
1      395       651       31488     100       189       252       252       587       1         3         
1      761       962       31370     50        291       432       432       589       1         3         
1      434       272       31493     52        127       241       241       590       1         3         
3      394       268       31521     100       299       249       249       592       1         3         
1      338       430       31502     277       52        289       289       594       1         3         
1      789       532       31509     290       199       307       307       596       1         4         
3      811       738       31303     290       189       528       528       596       2         3         
3      749       886       31285     290       290       576.25    576.25    597       1         3         
1      889       1428      31230     290       999       685.25    685.25    597       2         4         
2      690       554       31467     131       189       297       297       600       2         3         
3      771       781       31193     290       291       671.25    671.25    606       1         3         
3      633       580       31230     189       189       585       585       608       1         3         
1      767       604       31434     290       189       385       385       611       1         3         
1      813       573       31297     290       189       581       581       611       2         5         
1      608       556       31494     189       199       309       309       617       1         3         
2      213       484       31513     266       189       181       181       619       1         3         
2      621       626       31407     280       189       329       329       620       1         3         
2      679       908       31452     290       290       397       397       621       1         3         
3      1005      969       31387     50        290       543.081   543.081   624       2         4         
1      1091      1391      30906     291       129       1066      1066      624       3         5         
3      791       604       31457     290       189       396.5     396.5     625       1         2         
4      788       772       31332     290       290       534       534       627       2         3         
4      754       621       30859     999       280       996       996       628       1         2         
1      1087      748       31215     291       290       733.081   733.081   632       1         4         
1      1068      909       31262     291       290       731.081   731.081   632       2         3         
1      409       81        31440     52        98        302       302       640       1         3         
3      512       627       31117     199       189       639       639       642       1         2         
3      1114      765       31210     50        290       796       796       643       1         3         
1      413       604       31513     52        189       222       222       644       1         3         
1      793       928       31197     290       290       684.5     684.5     649       1         3         
1      793       430       31313     290       52        568.5     568.5     649       2         4         
1      929       558       31217     290       189       684.5     684.5     652       1         4         
1      929       794       31441     290       290       460.5     460.5     652       2         3         
2      465       629       31236     199       189       527       527       659       1         3         
1      608       768       31528     189       290       275       275       660       1         3         
1      721       791       31440     290       290       334       334       662       1         3         
1      747       377       31406     290       168       452.5     452.5     671       2         4         
1      608       421       31453     189       168       350       350       673       1         3         
1      771       768       31207     290       290       657.25    657.25    678       1         2         
2      630       648       31472     189       189       288       288       679       1         2         
1      969       627       31404     290       189       373       373       680       1         2         
1      739       858       31527     189       290       211       211       681       1         4         
1      655       605       31472     189       189       358       358       682       1         4         
1      655       698       31219     189       189       611       611       682       2         3         
4      859       604       30318     290       189       1578      1578      684       1         2         
1      439       600       31512     189       280       152       152       686       1         4         
4      667       373       31276     131       119       505       505       687       1         2         
1      1031      923       31351     50        290       527       527       688       2         5         
3      1074      1054      31137     84        84        841.872   841.872   688       3         4         
2      575       742       31501     189       290       243       243       692       1         3         
4      560       969       31410     189       290       361       361       694       1         2         
1      984       903       31128     291       290       831.081   831.081   695       1         3         
1      758       756       31324     131       131       503       503       696       1         3         
1      780       718       31300     291       189       425       425       696       2         4         
3      771       782       31510     290       291       354.25    354.25    697       2         5         
1      772       882       31401     290       290       464.25    464.25    697       3         4         
1      358       116       31483     168       9         262       262       701       1         2         
1      969       1032      31481     290       84        412       412       704       1         2         
1      374       604       31123     119       189       639       639       711       1         4         
1      833       687       31234     50        131       624       624       712       1         3         
3      700       570       31475     290       52        330       330       714       1         4         
1      700       721       31477     290       290       328       328       714       2         3         
4      989       887       30864     50        290       1093      1093      717       2         3         
3      1149      1357      31332     291       129       633.872   633.872   721       1         2         
1      1087      309       31524     291       127       424.081   424.081   726       1         4         
1      338       509       31457     277       199       334       334       729       1         2         
4      480       918       31234     52        50        543       543       731       1         2         
3      528       698       31450     52        189       321       321       732       1         3         
1      603       671       31515     189       280       177       177       735       1         5         
3      575       742       31501     189       290       243       243       741       1         3         
1      654       80        31481     189       98        281       281       742       1         3         
1      665       393       31363     131       52        433       433       749       1         3         
1      1015      746       31307     84        290       655.5     655.5     750       1         2         
2      417       374       31522     100       119       198       198       751       1         3         
1      724       604       31521     290       189       294       294       771       1         3         
2      768       627       31418     290       189       419       419       774       1         3         
1      768       836       31455     290       290       382       382       774       2         4         
3      881       544       31439     290       52        418       418       780       1         4         
1      881       509       31482     290       199       371       371       780       2         3         
1      771       675       31465     290       189       399.25    399.25    785       1         4         
2      772       693       31428     290       280       437.25    437.25    785       2         3         
1      308       134       31503     127       9         240       240       786       1         3         
1      369       118       31398     52        286       314       314       789       1         3         
1      918       881       31376     50        290       519       519       792       3         5         
1      344       443       31221     299       168       502       502       793       1         3         
1      1300      1308      31460     192       129       459.872   459.872   795       1         3         
1      654       375       31297     189       119       507       507       797       1         3         
4      972       1218      31274     290       84        668       668       803       2         3         
1      961       894       31317     291       291       609.081   609.081   804       1         2         
1      745       419       31402     290       168       435       435       807       1         3         
1      656       559       31373     290       189       437       437       813       1         3         
3      679       948       31510     290       290       341       341       813       2         4         
3      248       555       31520     266       199       174       174       816       1         3         
1      1243      1529      31435     192       296       365       365       822       1         2         
3      873       625       31522     291       189       352       352       823       1         3         
1      351       291       31397     52        87        410       410       825       1         3         
1      608       10        31434     189       98        369       369       833       1         3         
4      693       185       31491     280       87        319       319       836       1         2         
1      412       351       31492     52        52        245       245       838       1         2         
2      893       650       31369     291       189       425.5     425.5     842       1         3         
1      827       835       31301     291       290       523.5     523.5     842       2         5         
1      673       438       31526     189       100       211       211       844       1         3         
1      767       605       31417     290       189       400       400       849       1         4         
1      768       629       31405     290       189       432       432       849       2         3         
1      526       670       31510     52        280       205       205       851       1         3         
1      702       727       31516     290       290       308.5     308.5     852       1         3         
1      1206      1023      31427     192       291       506.872   506.872   867       1         2         
4      789       580       31256     290       189       592       592       869       1         2         
1      1022      694       31072     291       189       767       767       871       2         6         
1      506       439       31468     189       189       264       264       873       1         3         
1      179       439       31395     178       189       385       385       874       1         3         
2      732       529       31506     131       189       309       309       875       1         3         
2      982       747       31414     291       290       504       504       882       1         3         
3      863       368       31294     290       299       624.25    624.25    885       1         3         
2      772       558       31486     290       189       379.25    379.25    887       1         3         
1      772       535       31154     290       189       711.25    711.25    887       2         4         
1      782       692       31311     291       280       498       498       892       1         3         
1      1152      728       31422     291       290       439.319   439.319   894       1         4         
3      906       794       31262     290       290       673.5     673.5     896       3         5         
1      409       155       31435     52        286       307       307       897       1         3         
3      732       529       31506     131       189       313       313       900       2         4         
3      441       671       31459     168       280       313       313       901       1         2         
3      870       602       31455     291       189       451       451       904       1         3         
2      905       769       31472     290       290       395.25    395.25    905       1         4         
2      906       794       31262     290       290       659.25    659.25    905       2         3         
3      700       570       31475     290       52        330       330       909       1         3         
1      582       770       31446     189       290       284       284       919       1         4         
3      716       550       31417     189       189       389       389       920       1         3         
1      768       47        31511     290       98        326       326       922       1         3         
4      793       393       31508     290       52        399       399       927       2         3         
2      1011      1068      31506     84        291       420.872   420.872   931       1         3         
1      653       738       31529     189       189       251       251       935       1         3         
1      757       851       31336     131       291       488       488       937       1         2         
1      557       557       31496     189       189       199       199       940       1         2         
2      772       535       31329     290       189       536.25    536.25    942       1         3         
1      772       48        31450     290       98        415.25    415.25    942       2         4         
1      1199      1015      31347     84        84        583       583       944       2         5         
3      1198      970       30950     84        290       978       978       944       3         4         
1      881       858       31513     290       290       340       340       948       2         4         
1      702       697       31513     290       189       311.5     311.5     950       1         4         
3      679       580       31207     290       189       642.5     642.5     950       2         3         
3      335       232       31445     119       266       367       367       956       1         2         
3      937       1209      31351     291       192       555.04    555.04    957       3         4         
1      864       484       31483     290       189       406.5     406.5     958       1         4         
2      908       902       31448     290       50        491.25    491.25    958       2         3         
1      1046      1516      31345     291       296       595.081   595.081   959       1         3         
2      528       644       31445     52        131       326       326       960       1         3         
3      630       350       31417     189       127       343.5     343.5     961       1         3         
1      557       417       31503     189       100       226       226       965       1         2         
2      1149      1357      31332     291       129       633.872   633.872   969       1         3         
1      735       621       31422     131       280       401       401       970       1         3         
1      347       736       31352     299       131       404       404       971       1         4         
3      1005      969       31387     50        290       543.081   543.081   976       1         2         
4      716       621       31088     189       280       727       727       984       2         3         
1      836       20        31423     290       98        436       436       985       1         3         
1      724       862       31472     290       290       343       343       992       1         3         
1      771       894       31520     290       291       344.25    344.25    993       1         5         
1      914       1106      31315     291       291       533       533       996       1         2         
2      309       409       31440     127       52        332       332       1000      1         3         
4      985       618       30956     50        131       995       995       1006      1         2         
3      782       964       31487     291       50        340       340       1010      2         4         
3      631       699       31384     189       290       401       401       1017      1         3         
1      772       536       31169     290       189       696.25    696.25    1019      1         2         
1      487       30        31490     199       9         215       215       1023      1         4         
1      200       311       31487     87        87        239       239       1024      1         3         
1      691       627       31485     131       189       294       294       1027      1         2         
1      478       676       31306     52        189       368       368       1037      1         3         
2      827       915       31467     291       291       371       371       1040      1         3         
2      850       1090      31396     291       291       477       477       1040      2         4         
1      972       970       31101     290       290       815.5     815.5     1043      1         3         
3      950       749       31358     290       290       566       566       1043      2         4         
1      397       510       31479     168       199       279       279       1044      1         3         
1      794       465       31397     290       199       465.5     465.5     1045      1         2         
3      1168      805       31520     291       291       429.817   429.817   1052      1         3         
1      1168      593       31525     291       52        390.117   390.117   1052      2         4         
2      1366      810       31383     999       290       484       484       1055      1         2         
2      510       555       31351     199       199       391       391       1057      1         2         
3      371       208       31439     52        286       298       298       1058      1         2         
2      276       356       31482     87        119       283       283       1064      1         2         
3      1054      1054      31363     84        84        586.167   586.167   1065      2         4         
1      990       1032      31485     290       84        430       430       1065      3         5         
2      1326      1251      31488     129       129       378.872   378.872   1067      1         2         
1      507       229       31462     189       266       184       184       1070      1         4         
4      818       10        30876     290       98        1072      1072      1071      2         3         
1      700       770       31505     290       290       300       300       1073      2         4         
3      125       416       31429     54        100       286       286       1076      1         2         
1      670       583       31500     280       189       217       217       1086      1         4         
1      462       418       31518     189       168       238       238       1088      1         2         
1      549       653       31519     52        189       202       202       1089      2         5         
1      345       64        31502     299       98        228       228       1091      1         3         
1      744       600       31433     290       280       346       346       1094      1         3         
2      374       435       31390     119       52        327       327       1096      1         2         
3      608       632       31444     189       189       359       359       1102      2         4         
3      787       734       31342     50        131       497       497       1103      2         4         
1      628       352       31454     189       119       231       231       1111      1         4         
1      925       576       31492     290       189       390.25    390.25    1115      1         4         
1      794       829       31425     290       50        444.25    444.25    1116      1         3         
2      815       652       30604     290       189       1281.25   1281.25   1116      2         4         
2      606       717       31496     189       189       261.5     261.5     1118      2         4         
1      747       699       31363     290       290       495.5     495.5     1118      3         5         
1      972       418       31312     290       168       586.5     586.5     1119      1         4         
3      973       654       30858     84        189       1107      1107      1119      2         3         
1      723       35        31253     290       98        465       465       1129      1         3         
2      841       116       31344     290       9         475.5     475.5     1130      1         4         
1      970       1011      31325     290       84        553       553       1136      2         3         
4      668       482       31470     280       189       322       322       1142      1         2         
4      654       609       31202     189       189       621       621       1145      2         3         
3      415       696       31474     100       189       292       292       1152      2         4         
2      1119      678       31354     84        290       630.745   630.745   1154      1         4         
1      1119      656       31466     84        290       423.5     423.5     1154      2         3         
3      724       274       31402     290       87        413.5     413.5     1155      1         3         
4      608       622       31319     189       280       512       512       1156      1         2         
4      1027      700       31042     50        290       961       961       1164      1         2         
1      722       579       31381     290       189       416       416       1168      1         4         
4      352       737       31073     119       189       755       755       1173      1         2         
1      858       605       31525     290       189       331       331       1175      1         3         
3      926       778       31254     290       131       680       680       1180      1         3         
1      505       624       31444     52        189       290       290       1181      1         2         
4      234       577       31151     87        189       597       597       1186      1         2         
1      761       924       31392     50        290       410       410       1187      1         3         
2      394       116       31419     100       9         254       254       1189      1         4         
1      307       722       31470     127       290       222       222       1192      1         3         
1      696       174       31434     189       266       270       270       1197      1         3         
1      834       673       31386     290       189       481       481       1199      1         3         
2      834       649       31473     290       189       394       394       1199      2         4         
3      680       461       31223     290       189       626.75    626.75    1201      1         3         
1      680       415       31118     290       100       727.25    727.25    1201      2         4         
1      804       1116      31462     291       84        378.5     378.5     1202      1         4         
1      804       650       31487     291       189       353.5     353.5     1202      2         3         
3      840       606       31051     290       189       837.25    837.25    1215      1         3         
1      818       47        31466     290       98        416.5     416.5     1215      2         4         
2      608       726       31341     189       290       462       462       1217      2         4         
2      768       652       31220     290       189       617       617       1221      1         3         
1      768       739       31427     290       189       410       410       1221      2         4         
1      834       672       31456     290       189       411       411       1231      2         4         
1      834       628       31523     290       189       344       344       1231      3         5         
1      744       748       31477     290       290       324       324       1232      2         4         
1      721       838       31290     290       290       484       484       1238      1         3         
2      389       545       31510     299       52        220       220       1240      1         3         
1      793       579       31413     290       189       468.5     468.5     1242      1         3         
1      793       717       31204     290       189       677.5     677.5     1242      2         4         
2      813       1543      31124     290       296       754       754       1243      1         3         
3      1137      723       31055     84        290       957       957       1249      1         3         
1      1117      606       31292     84        189       660.5     660.5     1249      2         4         
1      772       61        31529     290       98        336.25    336.25    1252      2         4         
1      723       551       31240     290       189       567       567       1253      1         4         
1      723       579       31495     290       189       312       312       1253      2         3         
1      1075      674       31485     84        189       401.872   401.872   1256      1         3         
2      1111      1005      31246     50        50        702.848   702.848   1263      1         3         
2      1109      992       31279     291       290       734.319   734.319   1263      2         4         
1      642       460       31282     131       189       451       451       1271      1         3         
4      743       580       31465     290       189       360       360       1276      1         2         
1      961       675       31309     291       189       392.25    392.25    1279      1         4         
1      628       507       31507     189       189       178       178       1284      1         4         
1      747       628       31400     290       189       458.5     458.5     1286      1         3         
1      747       675       31525     290       189       333.5     333.5     1286      2         4         
1      772       909       31274     290       290       591.25    591.25    1287      1         2         
1      631       576       31464     189       189       320       320       1290      1         4         
2      609       650       31510     189       189       283       283       1291      1         3         
2      679       948       31510     290       290       334       334       1291      2         4         
1      475       417       31474     52        100       246       246       1297      1         3         
3      523       116       31495     52        9         192       192       1308      1         2         
1      456       350       31388     52        127       322       322       1314      1         3         
4      677       793       30898     189       290       918       918       1318      1         2         
4      374       189       30969     119       286       821       821       1320      1         2         
1      696       438       31460     189       100       244       244       1321      1         4         
1      461       549       31496     189       52        226       226       1327      1         4         
3      461       556       31517     189       199       259       259       1327      2         3         
1      772       698       31448     290       189       417.25    417.25    1329      1         4         
1      1098      439       31218     84        189       756.5     756.5     1339      1         4         
2      1097      1142      31031     84        84        949       949       1339      2         3         
3      850       1090      31396     291       291       477       477       1345      1         4         
1      850       782       31516     291       291       329.081   329.081   1345      2         3         
1      289       436       31464     127       100       290.5     290.5     1347      1         2         
1      308       372       31477     127       119       276       276       1352      1         3         
3      308       247       31306     127       266       467       467       1352      2         4         
4      497       438       31501     999       100       221       221       1357      1         2         
2      248       555       31520     266       199       165       165       1364      1         3         
1      354       247       31518     119       266       222       222       1367      1         3         
1      508       511       31492     199       199       244       244       1371      1         4         
3      1065      1045      31152     291       291       747.872   747.872   1378      1         2         
1      717       721       31504     189       290       270       270       1379      1         3         
1      781       603       31487     291       189       347.5     347.5     1380      1         3         
1      780       604       31443     291       189       393       393       1382      2         4         
1      527       488       31500     52        199       265       265       1389      1         4         
4      837       601       31461     290       189       436       436       1395      2         3         
3      602       459       31503     189       189       219       219       1401      2         3         
3      917       350       30512     291       127       1405      1405      1403      1         4         
1      939       1005      31482     291       50        447.081   447.081   1403      2         3         
3      528       698       31450     52        189       321       321       1407      1         3         
1      350       789       31512     127       290       266       266       1413      1         4         
1      1128      600       30881     291       280       1067.6    1067.6    1414      1         3         
1      1089      535       31301     291       189       656.081   656.081   1415      1         3         
2      1046      618       31432     291       131       508.081   508.081   1417      1         4         
1      1026      778       31395     291       131       566       566       1417      2         3         
3      873       625       31522     291       189       352       352       1418      1         3         
1      896       500       31466     291       52        433.081   433.081   1418      2         4         
1      368       549       31495     299       52        287       287       1421      1         3         
4      723       837       31126     290       290       706       706       1423      1         2         
1      749       827       31469     290       291       364.25    364.25    1430      1         4         
3      749       629       31163     290       189       698.25    698.25    1430      2         3         
1      391       544       31433     52        52        313       313       1442      1         2         
3      144       581       31494     54        189       261       261       1450      1         2         
3      947       949       30869     290       290       1053.87   1053.87   1453      1         3         
3      893       650       31369     291       189       523       523       1455      2         3         
3      940       778       31440     291       131       517.081   517.081   1457      1         3         
2      247       439       31505     266       189       189       189       1461      1         2         
1      476       208       31196     52        286       548       548       1462      1         2         
3      972       10        31230     290       98        603       603       1467      3         5         
3      1065      1045      31152     291       291       747.872   747.872   1472      1         2         
3      609       650       31510     189       189       283       283       1476      1         3         
3      724       274       31402     290       87        413.5     413.5     1477      1         3         
1      793       393       31425     290       52        456.5     456.5     1477      2         4         
1      732       330       31413     131       127       279       279       1478      1         3         
3      904       627       30995     290       189       906       906       1480      1         3         
1      304       452       31475     299       52        203       203       1495      1         4         
1      304       208       31516     299       286       148       148       1495      2         3         
3      1137      723       31055     84        290       970.872   970.872   1496      1         2         
2      909       1218      31467     290       84        447.5     447.5     1497      2         5         
1      909       923       31488     290       290       426.5     426.5     1497      3         4         
2      940       778       31440     291       131       517.081   517.081   0         0         0         
1      1047      948       31448     291       290       507.611   507.611   0         0         0         
1      1132      895       31449     291       291       506.439   506.439   0         0         0         
3      1137      1187      31457     84        291       497.164   497.164   0         0         0         
2      984       627       31489     291       189       461.732   461.732   0         0         0         
1      1114      968       31490     50        290       460.667   460.667   0         0         0         
3      1025      484       31516     291       189       433.808   433.808   0         0         0         
3      1025      484       31516     291       189       433.808   433.808   0         0         0         
1      1151      654       31517     291       189       432.807   432.807   0         0         0         
1      1150      1250      31523     291       129       426.848   426.848   0         0         0         
3      552       576       31530     189       189       0         0         0         0         0         
1      234       350       31530     87        127       0         0         0         0         0         
1      135       736       31530     286       131       0         0         0         0         0         
2      527       115       31530     52        9         0         0         0         0         0         
2      118       211       31530     286       266       0         0         0         0         0         
1      45        600       31530     98        280       0         0         0         0         0         
1      312       415       31530     87        100       0         0         0         0         0         
1      350       409       31530     127       52        0         0         0         0         0         
3      552       576       31530     189       189       0         0         0         0         0         
1      858       768       31531     290       290       0         0         0         0         0         
1      1079      173       31531     84        286       0         0         0         0         0         
1      631       648       31531     189       189       0         0         0         0         0         
1      604       721       31531     189       290       0         0         0         0         0         
1      628       508       31531     189       199       0         0         0         0         0         
2      476       418       31532     52        168       0         0         0         0         0         
1      622       527       31532     280       52        0         0         0         0         0         
1      618       288       31532     131       127       0         0         0         0         0         
1      291       625       31532     87        189       0         0         0         0         0         
1      549       834       31532     52        290       0         0         0         0         0         
1      582       813       31532     189       290       0         0         0         0         0         
1      670       267       31532     280       266       0         0         0         0         0         
1      153       544       31533     286       52        0         0         0         0         0         
1      791       651       31533     290       189       0         0         0         0         0         
1      631       651       31533     189       189       0         0         0         0         0         
1      970       749       31533     290       290       0         0         0         0         0         
1      837       772       31533     290       290       0         0         0         0         0         
1      549       522       31533     52        52        0         0         0         0         0         
1      439       696       31533     189       189       0         0         0         0         0         
1      549       412       31533     52        52        0         0         0         0         0         
1      646       421       31533     280       168       0         0         0         0         0         
2      972       746       31533     290       290       0         0         0         0         0         
1      789       969       31534     290       290       0         0         0         0         0         
1      485       309       31534     189       127       0         0         0         0         0         
1      188       626       31534     286       189       0         0         0         0         0         
1      744       314       31534     290       119       0         0         0         0         0         
1      556       389       31534     199       299       0         0         0         0         0         
1      246       461       31534     266       189       0         0         0         0         0         
1      352       718       31534     119       189       0         0         0         0         0         
1      836       556       31534     290       199       0         0         0         0         0         
1      621       291       31535     280       87        0         0         0         0         0         
2      737       536       31535     189       189       0         0         0         0         0         
1      195       209       31535     207       266       0         0         0         0         0         
1      596       409       31535     131       52        0         0         0         0         0         
1      771       161       31535     290       178       0         0         0         0         0         
1      654       697       31535     189       189       0         0         0         0         0         
1      629       440       31536     189       168       0         0         0         0         0         
1      325       251       31536     299       127       0         0         0         0         0         
1      710       136       31536     131       286       0         0         0         0         0         
1      886       1218      31536     290       84        0         0         0         0         0         
1      528       230       31536     52        266       0         0         0         0         0         
1      1016      886       31536     84        290       0         0         0         0         0         
1      789       698       31536     290       189       0         0         0         0         0         
1      552       760       31536     189       291       0         0         0         0         0         
1      968       992       31537     290       290       0         0         0         0         0         
3      252       134       31537     206       9         0         0         0         0         0         
1      527       393       31537     52        52        0         0         0         0         0         
1      913       648       31537     291       189       0         0         0         0         0         
1      230       481       31538     266       189       0         0         0         0         0         
1      524       757       31538     52        131       0         0         0         0         0         
1      722       696       31538     290       189       0         0         0         0         0         
1      650       576       31538     189       189       0         0         0         0         0         
1      439       267       31538     189       266       0         0         0         0         0         
1      465       580       31538     199       189       0         0         0         0         0         
3      768       860       31538     290       290       0         0         0         0         0         
1      287       116       31539     299       9         0         0         0         0         0         
1      789       649       31539     290       189       0         0         0         0         0         
1      597       602       31539     131       189       0         0         0         0         0         
1      559       462       31539     189       189       0         0         0         0         0         
2      394       508       31539     100       199       0         0         0         0         0         
1      504       399       31539     52        168       0         0         0         0         0         
1      479       372       31540     52        119       0         0         0         0         0         
1      812       604       31540     290       189       0         0         0         0         0         
1      416       740       31540     100       50        0         0         0         0         0         
1      48        581       31540     98        189       0         0         0         0         0         
3      311       480       31540     87        52        0         0         0         0         0         
3      311       480       31540     87        52        0         0         0         0         0         
3      1269      1178      31541     129       84        0         0         0         0         0         
2      645       527       31541     280       52        0         0         0         0         0         
3      645       527       31541     280       52        0         0         0         0         0         
1      161       810       31541     178       290       0         0         0         0         0         
3      1269      1178      31541     129       84        0         0         0         0         0         
1      526       545       31542     52        52        0         0         0         0         0         
1      720       438       31542     290       100       0         0         0         0         0         
1      555       748       31542     199       290       0         0         0         0         0         
1      396       328       31542     119       299       0         0         0         0         0         
1      418       629       31542     168       189       0         0         0         0         0         
1      772       11        31543     290       999       0         0         0         0         0         
1      778       528       31543     131       52        0         0         0         0         0         
1      529       533       31543     189       199       0         0         0         0         0         
3      579       647       31543     189       280       0         0         0         0         0         
2      579       647       31543     189       280       0         0         0         0         0         
1      267       668       31544     266       280       0         0         0         0         0         
1      694       766       31544     189       290       0         0         0         0         0         
1      1066      875       31544     291       291       0         0         0         0         0         
1      556       760       31544     199       291       0         0         0         0         0         
1      526       687       31544     52        131       0         0         0         0         0         
1      373       727       31544     119       290       0         0         0         0         0         
3      909       583       31544     290       189       0         0         0         0         0         
2      909       583       31544     290       189       0         0         0         0         0         
1      654       116       31545     189       9         0         0         0         0         0         
3      602       555       31545     189       199       0         0         0         0         0         
3      602       555       31545     189       199       0         0         0         0         0         
1      1014      994       31545     84        84        0         0         0         0         0         
2      582       649       31545     189       189       0         0         0         0         0         
3      894       666       31545     291       131       0         0         0         0         0         
1      216       209       31545     178       266       0         0         0         0         0         
1      535       332       31545     189       87        0         0         0         0         0         
1      1148      508       31545     291       199       0         0         0         0         0         
1      594       533       31545     131       199       0         0         0         0         0         
1      557       284       31545     189       299       0         0         0         0         0         
1      1402      1529      31545     129       296       0         0         0         0         0         
1      836       676       31545     290       189       0         0         0         0         0         
1      835       116       31545     290       9         0         0         0         0         0         
1      484       522       31545     189       52        0         0         0         0         0         
1      804       579       31546     291       189       0         0         0         0         0         
1      694       555       31546     189       199       0         0         0         0         0         
1      738       575       31547     189       189       0         0         0         0         0         
1      347       459       31547     299       189       0         0         0         0         0         
1      99        409       31547     286       52        0         0         0         0         0         
1      139       650       31547     57        189       0         0         0         0         0         
1      600       431       31547     280       52        0         0         0         0         0         
3      1068      698       31547     291       189       0         0         0         0         0         
3      1068      698       31547     291       189       0         0         0         0         0         
1      735       666       31548     131       131       0         0         0         0         0         
1      608       726       31548     189       290       0         0         0         0         0         
1      522       779       31548     52        131       0         0         0         0         0         
1      395       394       31548     100       100       0         0         0         0         0         
1      628       35        31548     189       98        0         0         0         0         0         
3      603       736       31549     189       131       0         0         0         0         0         
1      458       826       31549     52        291       0         0         0         0         0         
2      603       736       31549     189       131       0         0         0         0         0         
2      727       506       31550     290       189       0         0         0         0         0         
3      727       506       31550     290       189       0         0         0         0         0         
2      1022      1107      31550     291       291       0         0         0         0         0         
1      650       463       31550     189       168       0         0         0         0         0         
1      654       604       31550     189       189       0         0         0         0         0         
1      894       748       31550     291       290       0         0         0         0         0         
1      720       788       31550     290       290       0         0         0         0         0         
1      525       626       31550     52        189       0         0         0         0         0         
2      576       698       31551     189       189       0         0         0         0         0         
3      291       352       31551     87        119       0         0         0         0         0         
2      291       352       31551     87        119       0         0         0         0         0         
1      248       692       31551     266       280       0         0         0         0         0         
1      118       121       31551     286       57        0         0         0         0         0         
1      605       134       31551     189       9         0         0         0         0         0         
2      722       578       31552     290       189       0         0         0         0         0         
1      249       452       31552     266       52        0         0         0         0         0         
1      505       748       31552     52        290       0         0         0         0         0         
2      749       719       31552     290       189       0         0         0         0         0         
1      484       651       31552     189       189       0         0         0         0         0         
1      801       593       31552     291       52        0         0         0         0         0         
1      573       598       31552     189       189       0         0         0         0         0         
3      749       719       31552     290       189       0         0         0         0         0         
1      61        32        31552     98        98        0         0         0         0         0         
1      628       65        31553     189       98        0         0         0         0         0         
1      433       558       31553     52        189       0         0         0         0         0         
1      574       600       31553     189       280       0         0         0         0         0         
1      252       212       31553     206       266       0         0         0         0         0         
1      418       78        31553     168       9         0         0         0         0         0         
1      233       463       31553     206       168       0         0         0         0         0         
1      1206      626       31554     192       189       0         0         0         0         0         
1      134       19        31554     9         98        0         0         0         0         0         
1      675       484       31554     189       189       0         0         0         0         0         
2      925       532       31554     290       199       0         0         0         0         0         
1      829       837       31554     50        290       0         0         0         0         0         
1      991       720       31554     290       290       0         0         0         0         0         
3      771       527       31554     290       52        0         0         0         0         0         
3      771       527       31554     290       52        0         0         0         0         0         
1      398       291       31554     168       87        0         0         0         0         0         
2      306       330       31555     299       127       0         0         0         0         0         
3      306       330       31555     299       127       0         0         0         0         0         
1      904       720       31555     290       290       0         0         0         0         0         
1      510       251       31555     199       127       0         0         0         0         0         
1      597       718       31555     131       189       0         0         0         0         0         
2      409       544       31555     52        52        0         0         0         0         0         
1      783       1011      31555     50        84        0         0         0         0         0         
1      417       350       31556     100       127       0         0         0         0         0         
1      594       733       31556     131       131       0         0         0         0         0         
1      903       1002      31556     290       291       0         0         0         0         0         
1      212       606       31556     266       189       0         0         0         0         0         
1      294       582       31557     87        189       0         0         0         0         0         
1      630       557       31557     189       189       0         0         0         0         0         
1      530       527       31558     189       52        0         0         0         0         0         
2      390       31        31558     52        9         0         0         0         0         0         
1      793       97        31558     290       9         0         0         0         0         0         
3      1064      1090      31558     291       291       0         0         0         0         0         
1      456       431       31558     52        52        0         0         0         0         0         
1      902       787       31559     50        50        0         0         0         0         0         
1      199       10        31559     178       98        0         0         0         0         0         
2      460       333       31559     189       119       0         0         0         0         0         
1      603       780       31559     189       291       0         0         0         0         0         
1      789       157       31559     290       54        0         0         0         0         0         
2      191       578       31559     266       189       0         0         0         0         0         
1      273       527       31559     206       52        0         0         0         0         0         
1      78        189       31559     9         286       0         0         0         0         0         
