COLUMNS

passenger_count
pickup_ID
dropoff_ID
request_time_sec
pickup_district
dropoff_district
LDuals
IDuals
vehicle_ID
pick_position
drop_position

REQUESTS_INFO
4      780       573       48939     291       189       311       311       3         1         2         
1      606       886       49013     189       290       165       165       11        1         3         
3      371       555       48972     52        199       336       336       14        1         2         
1      416       666       49020     100       131       187       187       16        1         4         
1      336       47        48991     277       98        219       219       26        1         3         
3      712       731       49025     131       131       197       197       42        1         3         
1      655       836       48964     189       290       285       285       45        1         2         
2      544       434       49010     52        52        181       181       46        1         2         
1      462       211       48982     189       266       207       207       59        1         4         
3      372       812       48762     119       290       554       554       60        1         2         
1      413       207       49026     52        286       233       233       64        1         5         
1      413       452       49042     52        52        205       205       64        2         4         
3      152       21        49047     9         98        142       142       71        1         2         
3      180       211       49046     178       266       221       221       74        1         2         
3      689       1208      48968     131       192       269       269       89        1         3         
3      779       576       49013     131       189       259       259       99        1         2         
3      671       673       49046     280       189       172       172       103       1         2         
1      983       874       49037     291       291       171       171       104       1         2         
1      603       527       48975     189       52        234       234       122       1         3         
3      804       742       49007     291       290       236       236       124       1         2         
1      398       392       48944     168       52        365       365       126       1         4         
3      398       436       48851     168       100       458       458       126       2         3         
2      345       734       48976     299       131       251       251       130       1         3         
2      373       358       48970     119       168       284       284       137       1         2         
3      247       510       49043     266       199       153       153       154       1         3         
1      679       929       49032     290       290       212       212       171       1         3         
3      711       544       48917     131       52        339       339       174       1         2         
1      308       228       49044     127       266       214       214       195       1         3         
1      179       158       49037     178       174       196       196       199       1         3         
2      230       430       49039     266       52        184       184       201       1         2         
2      352       789       49049     119       290       212       212       205       1         2         
1      235       249       49044     87        266       223       223       212       1         2         
2      349       398       49043     127       168       165       165       222       1         3         
1      760       1168      48989     291       291       257       257       223       1         3         
3      579       436       48992     189       100       242       242       228       1         2         
1      665       937       48894     131       291       298       298       232       1         2         
2      805       816       49044     291       290       195       195       233       1         3         
1      623       551       48987     280       189       269       269       235       1         2         
1      627       594       49026     189       131       165       165       241       1         3         
1      526       717       49045     52        189       156       156       243       1         3         
1      887       1011      48931     290       84        251       251       246       1         2         
2      369       413       49036     52        52        224       224       248       1         2         
1      805       980       49049     291       291       180       180       254       1         2         
2      485       396       48879     189       119       395       395       267       1         2         
1      488       759       48992     199       131       292       292       268       1         2         
1      392       443       48998     52        168       298       298       285       1         4         
2      759       747       48942     131       290       328       328       292       1         2         
2      247       510       49043     266       199       153       153       307       1         3         
3      507       555       49045     189       199       204       204       309       2         3         
1      593       545       48761     52        52        458       458       312       1         3         
1      616       549       49001     131       52        231       231       312       2         4         
1      533       652       49041     199       189       160       160       313       1         2         
1      549       559       49014     52        189       212       212       314       1         3         
3      759       551       48988     131       189       282       282       323       1         2         
1      415       557       49010     100       189       246       246       324       1         2         
3      652       649       49022     189       189       170       170       330       1         3         
1      652       510       49031     189       199       170       170       330       2         4         
1      766       968       49002     290       290       143       143       342       1         4         
1      871       698       49017     291       189       209       209       353       1         2         
2      442       349       49046     168       127       219.333   219.333   356       1         4         
1      479       20        49037     52        98        271       271       360       1         3         
1      371       371       48932     52        52        238       238       361       1         2         
2      779       671       48967     131       280       305       305       362       1         2         
3      275       389       49043     87        299       250       250       368       1         2         
2      152       21        49047     9         98        142       142       371       1         2         
1      331       175       49048     127       266       217       217       372       1         3         
3      345       458       48788     299       52        439       439       374       1         2         
2      180       211       49046     178       266       221       221       378       1         2         
1      397       272       48935     168       127       346       346       379       1         2         
1      413       463       48964     52        168       339       339       380       1         2         
3      374       327       49031     119       299       285       285       382       1         2         
3      782       743       48960     291       290       296       296       383       1         2         
3      817       1068      49021     290       291       143       143       384       1         2         
1      960       673       49008     291       189       168       168       391       1         3         
2      627       721       49044     189       290       153       153       397       1         2         
2      577       438       48973     189       100       272.5     272.5     405       1         2         
2      651       557       48850     189       189       390       390       409       1         2         
1      804       394       49041     291       100       159       159       410       1         4         
2      782       743       48960     291       290       296       296       411       1         2         
1      278       288       49035     87        127       209       209       429       1         3         
4      629       621       49038     189       280       180       180       435       1         2         
1      485       698       48998     189       189       178       178       477       1         4         
1      479       371       48946     52        52        362       362       480       1         2         
1      969       883       49037     290       290       121       121       495       1         3         
1      991       721       49020     290       290       137       137       495       2         5         
1      372       528       48966     119       52        272       272       497       1         2         
2      721       649       49046     290       189       148       148       509       1         2         
3      675       436       48997     189       100       218       218       513       1         2         
1      462       575       48936     189       189       311.5     311.5     518       1         2         
2      396       552       48983     119       189       268       268       520       2         3         
2      882       835       49038     290       290       126       126       525       1         2         
3      582       1010      49045     189       290       159       159       531       1         2         
1      748       969       49023     290       290       133       133       556       1         3         
3      607       483       48934     189       189       281       281       569       1         2         
2      726       816       49023     290       290       143       143       572       1         2         
1      443       335       48989     168       119       288.333   288.333   573       1         3         
1      936       1000      49042     291       291       128       128       576       1         5         
1      913       946       49023     291       290       151       151       576       2         6         
1      1069      915       49041     291       291       214       214       580       1         2         
1      440       505       49010     168       52        208.5     208.5     582       1         3         
1      816       839       49023     290       290       131       131       585       1         2         
1      578       781       49015     189       291       197       197       594       1         2         
1      1107      1086      49035     291       291       165       165       600       1         2         
1      662       881       48714     131       290       540       540       603       1         2         
1      462       504       48952     189       52        295.5     295.5     604       1         2         
2      737       247       48991     189       266       177       177       615       1         4         
2      961       851       49005     291       291       222       222       619       1         2         
3      671       673       49046     280       189       172       172       620       1         2         
3      875       748       48935     291       290       313       313       626       1         2         
3      925       675       49027     290       189       184       184       628       1         2         
3      466       655       48985     199       189       255.333   255.333   629       1         2         
1      722       790       49004     290       290       195       195       634       1         2         
1      600       652       49040     280       189       141       141       651       1         4         
1      651       557       49004     189       189       189       189       653       1         2         
1      60        527       49021     9         52        167       167       654       1         3         
4      695       621       48878     189       280       334       334       660       1         2         
2      556       721       49048     199       290       189       189       686       1         2         
1      897       698       49033     291       189       222       222       705       1         2         
2      441       601       48857     168       189       428.5     428.5     716       1         2         
1      644       415       49038     131       100       174       174       718       1         3         
1      738       554       49044     189       189       164       164       739       1         4         
1      717       462       49030     189       189       185       185       739       2         5         
4      721       860       48875     290       290       332       332       740       1         2         
1      780       1208      49047     291       192       192       192       742       1         2         
3      673       669       48926     189       280       296       296       753       1         2         
1      336       353       49019     277       119       204       204       764       1         2         
2      968       905       48965     290       290       246       246       767       1         2         
1      1004      735       49048     291       131       237       237       769       1         2         
2      506       718       48932     189       189       272       272       780       1         2         
1      940       859       49049     291       290       159       159       782       1         3         
2      926       727       49044     290       290       140       140       793       1         2         
1      278       353       48988     87        119       277       277       804       1         2         
1      559       640       49015     189       131       227       227       809       1         4         
1      252       526       48913     206       52        350       350       818       1         3         
3      416       629       48989     100       189       291       291       825       1         2         
1      295       697       49038     87        189       159       159       829       1         3         
1      760       756       49041     291       131       191       191       833       1         3         
1      395       483       49013     100       189       241       241       852       1         2         
3      488       338       48937     199       277       347       347       855       1         2         
1      125       291       49017     54        87        213       213       862       1         2         
1      508       457       48911     199       52        327       327       864       1         2         
4      1044      1001      49032     291       291       184       184       908       1         2         
2      374       327       49031     119       299       285       285       922       1         4         
1      374       392       49045     119       52        243       243       922       2         3         
2      596       408       49010     131       299       269       269       956       1         2         
1      134       171       49041     9         286       102       102       985       1         3         
1      532       971       49000     199       290       257       257       999       1         4         
2      925       888       49033     290       290       178       178       1008      1         2         
3      442       349       49046     168       127       219.333   219.333   1015      1         4         
1      443       357       49007     168       277       270.333   270.333   1015      2         3         
3      925       675       49027     290       189       184       184       1016      1         2         
1      651       1227      49045     189       192       129       129       1017      1         4         
1      858       838       49013     290       290       138       138       1020      1         2         
2      579       436       48992     189       100       242       242       1034      1         2         
1      771       602       49022     290       189       152       152       1042      1         3         
1      699       488       49019     290       199       192       192       1046      1         3         
2      487       629       48996     199       189       244       244       1059      1         3         
1      415       207       49022     100       286       264       264       1070      1         3         
1      801       521       49030     291       52        161       161       1081      1         3         
1      1043      789       49025     291       290       132       132       1087      1         4         
3      643       662       48884     131       131       305       305       1093      1         2         
1      782       675       48996     291       189       260       260       1099      1         3         
1      387       580       49050     299       189       0         0         0         0         0         
2      506       98        49050     189       98        0         0         0         0         0         
4      22        358       49050     98        168       0         0         0         0         0         
1      810       772       49050     290       290       0         0         0         0         0         
1      390       390       49051     52        52        0         0         0         0         0         
1      925       817       49051     290       290       0         0         0         0         0         
3      968       928       49051     290       290       0         0         0         0         0         
1      772       984       49051     290       291       0         0         0         0         0         
1      115       232       49051     9         266       0         0         0         0         0         
3      717       409       49052     189       52        0         0         0         0         0         
1      850       255       49052     291       87        0         0         0         0         0         
3      292       511       49052     87        199       0         0         0         0         0         
1      415       628       49053     100       189       0         0         0         0         0         
1      917       894       49053     291       291       0         0         0         0         0         
2      10        47        49053     98        98        0         0         0         0         0         
1      416       576       49053     100       189       0         0         0         0         0         
2      330       288       49053     127       127       0         0         0         0         0         
1      663       663       49053     131       131       0         0         0         0         0         
3      505       574       49053     52        189       0         0         0         0         0         
3      330       288       49053     127       127       0         0         0         0         0         
2      744       884       49054     290       290       0         0         0         0         0         
1      527       915       49054     52        291       0         0         0         0         0         
1      887       792       49054     290       290       0         0         0         0         0         
2      700       863       49054     290       290       0         0         0         0         0         
3      556       268       49055     199       299       0         0         0         0         0         
1      745       749       49055     290       290       0         0         0         0         0         
1      1076      1120      49055     84        84        0         0         0         0         0         
1      353       238       49055     119       87        0         0         0         0         0         
2      34        616       49055     98        131       0         0         0         0         0         
1      814       805       49055     290       291       0         0         0         0         0         
3      556       268       49055     199       299       0         0         0         0         0         
1      905       842       49056     290       290       0         0         0         0         0         
1      726       699       49056     290       290       0         0         0         0         0         
1      484       532       49057     189       199       0         0         0         0         0         
1      760       893       49057     291       291       0         0         0         0         0         
2      275       328       49057     87        299       0         0         0         0         0         
1      665       479       49057     131       52        0         0         0         0         0         
1      527       482       49057     52        189       0         0         0         0         0         
1      696       847       49058     189       291       0         0         0         0         0         
1      739       960       49059     189       291       0         0         0         0         0         
1      481       1025      49060     189       291       0         0         0         0         0         
1      669       602       49060     280       189       0         0         0         0         0         
1      371       294       49060     52        87        0         0         0         0         0         
2      559       578       49060     189       189       0         0         0         0         0         
4      416       532       49060     100       199       0         0         0         0         0         
2      836       632       49060     290       189       0         0         0         0         0         
1      250       474       49060     127       52        0         0         0         0         0         
1      486       875       49061     199       291       0         0         0         0         0         
1      717       665       49061     189       131       0         0         0         0         0         
1      599       499       49061     280       52        0         0         0         0         0         
3      484       412       49061     189       52        0         0         0         0         0         
2      484       412       49061     189       52        0         0         0         0         0         
2      1225      735       49062     192       131       0         0         0         0         0         
1      484       698       49062     189       189       0         0         0         0         0         
1      717       507       49062     189       189       0         0         0         0         0         
1      273       358       49062     206       168       0         0         0         0         0         
1      723       813       49062     290       290       0         0         0         0         0         
2      749       888       49062     290       290       0         0         0         0         0         
1      485       556       49062     189       199       0         0         0         0         0         
1      891       331       49062     291       127       0         0         0         0         0         
2      504       555       49063     52        199       0         0         0         0         0         
2      691       413       49063     131       52        0         0         0         0         0         
1      946       1032      49063     290       84        0         0         0         0         0         
2      327       721       49063     299       290       0         0         0         0         0         
1      722       1227      49063     290       192       0         0         0         0         0         
1      356       531       49063     119       189       0         0         0         0         0         
3      504       555       49063     52        199       0         0         0         0         0         
1      246       413       49064     266       52        0         0         0         0         0         
1      439       671       49064     189       280       0         0         0         0         0         
1      720       602       49065     290       189       0         0         0         0         0         
1      369       790       49065     52        290       0         0         0         0         0         
1      549       666       49066     52        131       0         0         0         0         0         
1      554       500       49066     189       52        0         0         0         0         0         
1      719       760       49066     189       291       0         0         0         0         0         
1      291       351       49066     87        52        0         0         0         0         0         
2      387       604       49066     299       189       0         0         0         0         0         
1      407       505       49066     299       52        0         0         0         0         0         
1      352       412       49066     119       52        0         0         0         0         0         
1      699       507       49066     290       189       0         0         0         0         0         
3      604       91        49066     189       178       0         0         0         0         0         
3      604       91        49066     189       178       0         0         0         0         0         
1      693       555       49067     280       199       0         0         0         0         0         
2      779       1233      49067     131       129       0         0         0         0         0         
1      389       870       49067     299       291       0         0         0         0         0         
1      1270      1151      49067     129       291       0         0         0         0         0         
1      647       947       49067     280       290       0         0         0         0         0         
1      574       545       49068     189       52        0         0         0         0         0         
2      578       479       49068     189       52        0         0         0         0         0         
1      690       398       49069     131       168       0         0         0         0         0         
1      533       421       49069     199       168       0         0         0         0         0         
1      48        608       49069     98        189       0         0         0         0         0         
1      465       980       49070     199       291       0         0         0         0         0         
1      351       522       49070     52        52        0         0         0         0         0         
1      438       674       49070     100       189       0         0         0         0         0         
1      838       835       49070     290       290       0         0         0         0         0         
1      702       863       49070     290       290       0         0         0         0         0         
3      236       313       49070     87        87        0         0         0         0         0         
3      236       313       49070     87        87        0         0         0         0         0         
2      137       397       49071     286       168       0         0         0         0         0         
1      768       858       49071     290       290       0         0         0         0         0         
2      576       629       49071     189       189       0         0         0         0         0         
1      668       595       49071     280       131       0         0         0         0         0         
2      481       311       49071     189       87        0         0         0         0         0         
1      810       460       49071     290       189       0         0         0         0         0         
1      373       652       49071     119       189       0         0         0         0         0         
3      137       397       49071     286       168       0         0         0         0         0         
1      544       351       49072     52        52        0         0         0         0         0         
3      649       554       49072     189       189       0         0         0         0         0         
2      631       580       49072     189       189       0         0         0         0         0         
1      332       460       49072     87        189       0         0         0         0         0         
3      376       601       49073     168       189       0         0         0         0         0         
2      376       601       49073     168       189       0         0         0         0         0         
1      175       527       49073     266       52        0         0         0         0         0         
2      171       484       49073     286       189       0         0         0         0         0         
2      696       527       49074     189       52        0         0         0         0         0         
1      593       620       49074     52        131       0         0         0         0         0         
2      526       968       49074     52        290       0         0         0         0         0         
1      913       814       49074     291       290       0         0         0         0         0         
1      827       662       49074     291       131       0         0         0         0         0         
1      393       368       49074     52        299       0         0         0         0         0         
2      662       574       49074     131       189       0         0         0         0         0         
3      696       527       49074     189       52        0         0         0         0         0         
1      252       396       49074     206       119       0         0         0         0         0         
2      981       1128      49075     291       291       0         0         0         0         0         
3      674       416       49075     189       100       0         0         0         0         0         
1      915       981       49075     291       291       0         0         0         0         0         
2      946       1530      49075     290       296       0         0         0         0         0         
3      981       1128      49075     291       291       0         0         0         0         0         
2      674       416       49075     189       100       0         0         0         0         0         
1      460       459       49076     189       189       0         0         0         0         0         
1      331       276       49076     127       87        0         0         0         0         0         
1      173       474       49076     286       52        0         0         0         0         0         
1      652       679       49076     189       290       0         0         0         0         0         
1      310       486       49077     127       199       0         0         0         0         0         
2      333       253       49077     119       206       0         0         0         0         0         
1      631       678       49077     189       290       0         0         0         0         0         
1      353       298       49077     119       277       0         0         0         0         0         
1      532       604       49077     199       189       0         0         0         0         0         
1      697       608       49078     189       189       0         0         0         0         0         
1      1370      1422      49078     129       129       0         0         0         0         0         
1      529       647       49079     189       280       0         0         0         0         0         
1      597       436       49079     131       100       0         0         0         0         0         
1      395       555       49079     100       199       0         0         0         0         0         
1      699       554       49079     290       189       0         0         0         0         0         
2      650       692       49079     189       280       0         0         0         0         0         
1      293       439       49079     87        189       0         0         0         0         0         
1      991       835       49079     290       290       0         0         0         0         0         
