COLUMNS

passenger_count
pickup_ID
dropoff_ID
request_time_sec
pickup_time_sec
pickup_depart_sec
vehicle_ID
pickup_district
dropoff_district
position

REQUESTS_INFO
1      908       1100      28734     28855     28885     0              290            84             1              
3      908       583       28767     28885     28915     0              290            189            2              
1      78        557       28576     28643     28673     1              9              189            1              
1      78        967       28451     28613     28643     1              9              50             2              
1      100       377       28445     28627     28657     10             57             168            1              
1      815       996       28760     28831     28861     11             290            84             1              
1      817       969       28697     28779     28809     11             290            290            2              
1      923       441       28631     28738     28768     12             290            168            1              
1      723       580       28642     28714     28744     14             290            189            1              
1      10        303       28504     28617     28647     19             98             299            1              
1      332       545       28680     28772     28802     21             87             52             1              
1      529       781       28752     28871     28901     22             189            291            1              
2      1107      1227      28528     28642     28672     25             291            192            1              
1      1088      1143      28597     28692     28722     25             291            84             2              
1      644       9         27980     28086     28116     27             131            98             1              
1      886       945       28521     28678     28708     30             290            50             1              
2      905       758       28653     28773     28803     30             290            131            2              
1      665       419       28675     28795     28825     35             131            168            1              
1      373       903       28749     28851     28881     39             119            290            1              
1      549       627       28744     28800     28830     43             52             189            1              
1      476       419       28762     28857     28887     44             52             168            1              
1      476       626       28738     28827     28857     44             52             189            2              
1      274       527       28413     28534     28564     49             87             52             1              
1      118       647       28451     28576     28606     54             286            280            1              
1      387       531       28726     28861     28891     57             299            189            1              
3      647       1068      28389     28523     28553     61             280            291            1              
2      413       554       28712     28803     28833     70             52             189            1              
1      372       459       28744     28808     28838     71             119            189            1              
4      663       499       28707     28806     28836     73             131            52             1              
3      906       333       28717     28858     28888     77             290            119            1              
1      501       578       28715     28826     28856     79             52             189            1              
1      456       545       28661     28736     28766     95             52             52             1              
1      136       31        28749     28867     28897     96             286            9              1              
1      295       482       28612     28692     28722     99             87             189            1              
1      1022      824       28699     28816     28846     103            291            291            1              
1      621       760       28441     28566     28596     110            280            291            1              
1      668       1593      28649     28751     28781     113            280            296            1              
1      436       739       28442     28500     28530     118            100            189            1              
1      256       1227      28744     28833     28863     121            87             192            1              
1      311       560       28475     28594     28624     129            87             189            1              
2      210       97        28685     28802     28832     137            266            9              1              
1      331       210       28708     28831     28861     140            127            266            1              
1      10        1495      28637     28713     28743     143            98             999            1              
1      46        288       28663     28763     28793     146            98             127            1              
1      928       836       28728     28865     28895     148            290            290            1              
1      652       621       28639     28720     28750     149            189            280            1              
2      731       597       28724     28869     28899     151            131            131            1              
1      34        296       28492     28620     28650     152            98             277            1              
3      64        152       28657     28855     28885     160            98             9              1              
1      527       554       28568     28620     28650     161            52             189            1              
3      1031      510       28513     28671     28701     174            50             199            1              
1      505       548       28691     28801     28831     175            52             52             3              
1      724       459       28646     28695     28725     176            290            189            1              
1      276       460       28528     28644     28674     184            87             189            1              
2      395       252       28727     28826     28856     188            100            206            1              
1      849       894       28695     28857     28887     189            291            291            1              
3      133       1220      28655     28767     28797     195            9              84             1              
1      716       408       28656     28755     28785     196            189            299            1              
1      441       557       28580     28689     28719     197            168            189            1              
1      306       164       28712     28842     28872     198            299            178            1              
1      330       134       28246     28414     28444     203            127            9              1              
3      621       737       28627     28713     28743     209            280            189            1              
1      827       727       28586     28657     28687     210            291            290            1              
2      738       771       28567     28661     28691     215            189            290            1              
1      755       556       28553     28637     28667     218            131            199            1              
1      710       526       28637     28729     28759     219            131            52             1              
3      9         663       28640     28848     28878     226            98             131            1              
1      621       720       28596     28701     28731     228            280            290            1              
1      1090      719       28310     28474     28504     230            291            189            1              
1      1044      117       28546     28661     28691     230            291            286            2              
2      710       621       28673     28783     28813     236            131            280            1              
2      710       915       28760     28813     28843     236            131            291            2              
2      915       759       28652     28735     28765     237            291            131            1              
1      939       620       28679     28816     28846     237            291            131            2              
3      688       874       28664     28811     28841     239            131            291            1              
2      688       874       28664     28820     28850     240            131            291            1              
3      731       597       28724     28835     28865     242            131            131            1              
1      663       430       28658     28755     28785     242            131            52             2              
1      689       372       28560     28664     28694     243            131            119            1              
1      984       782       28428     28562     28592     250            291            291            1              
1      874       461       28626     28695     28725     251            291            189            1              
1      395       430       28755     28882     28912     256            100            52             1              
1      439       442       28750     28861     28891     264            189            168            1              
1      419       748       28734     28823     28853     272            168            290            1              
1      1002      649       28587     28678     28708     278            291            189            1              
2      718       579       28753     28806     28836     283            189            189            1              
1      644       462       28563     28636     28666     283            131            189            2              
1      926       506       28505     28632     28662     284            290            189            1              
1      236       310       28742     28839     28869     285            87             127            1              
2      688       738       28652     28823     28853     291            131            189            1              
1      688       526       28695     28853     28883     291            131            52             2              
3      647       760       28740     28809     28839     293            280            291            1              
1      647       761       28687     28779     28809     293            280            50             2              
1      647       1153      28494     28596     28626     297            280            50             1              
2      644       628       28631     28763     28793     299            131            189            1              
1      533       648       28717     28830     28860     300            199            189            1              
1      604       721       28697     28741     28771     300            189            290            2              
1      647       984       28646     28725     28755     302            280            291            1              
3      655       1246      28542     28644     28674     303            189            192            1              
1      61        444       28410     28543     28573     304            98             168            1              
1      839       880       28547     28673     28703     306            290            50             1              
1      557       421       28549     28607     28637     307            189            168            1              
2      527       628       28757     28801     28831     307            52             189            2              
2      647       760       28740     28861     28891     311            280            291            1              
2      787       828       28767     28855     28885     312            50             291            1              
3      388       207       28655     28803     28833     316            299            286            1              
2      1187      887       28562     28689     28719     319            291            290            1              
3      1187      887       28562     28709     28739     322            291            290            1              
1      1119      629       28282     28488     28518     323            84             189            1              
1      884       512       28693     28809     28839     323            290            199            2              
1      718       981       28680     28750     28780     326            189            291            1              
1      332       626       28671     28720     28750     328            87             189            1              
2      330       740       28652     28817     28847     328            127            50             2              
1      1054      1268      28469     28591     28621     330            84             129            1              
3      599       35        28567     28682     28712     332            280            98             1              
1      981       936       28719     28837     28867     337            291            291            1              
2      118       83        28711     28806     28836     341            286            98             1              
2      118       272       28666     28776     28806     341            286            127            2              
1      330       458       28378     28576     28606     345            127            52             1              
1      482       621       28717     28851     28881     345            189            280            2              
1      327       720       28696     28808     28838     348            299            290            1              
1      307       1529      28675     28731     28761     348            127            296            2              
2      1402      1022      28482     28609     28639     359            129            291            1              
2      1251      550       28698     28851     28881     359            129            189            2              
1      727       182       28579     28667     28697     370            290            178            1              
1      930       968       28562     28708     28738     376            999            290            1              
3      1058      418       28668     28840     28870     376            84             168            2              
1      906       812       28731     28847     28877     378            290            290            1              
1      839       497       28692     28740     28770     378            290            999            2              
1      675       727       28644     28710     28740     380            189            290            1              
2      253       553       28636     28710     28740     382            206            189            1              
1      530       959       28487     28593     28623     386            189            291            1              
1      643       781       28711     28817     28847     386            131            291            2              
2      722       608       28595     28650     28680     391            290            189            1              
1      462       726       28528     28603     28633     393            189            290            1              
1      579       437       28721     28795     28825     397            189            100            1              
1      508       250       28621     28710     28740     402            199            127            1              
1      600       314       28685     28800     28830     403            280            119            3              
1      1187      1516      28412     28536     28566     406            291            296            1              
3      1371      1638      28635     28868     28898     406            129            296            2              
1      1119      749       28542     28691     28721     427            84             290            1              
1      621       712       28714     28822     28852     431            280            131            1              
1      679       111       28630     28716     28746     440            290            178            1              
1      937       690       28597     28713     28743     442            291            131            1              
1      893       1065      28707     28767     28797     444            291            291            1              
1      680       741       28718     28834     28864     446            290            50             1              
1      1172      718       28729     28857     28887     447            129            189            1              
1      1263      894       28610     28750     28780     448            192            291            1              
1      1245      767       28672     28816     28846     448            192            290            2              
1      874       923       28736     28823     28853     465            291            290            2              
1      1043      693       28402     28519     28549     466            291            280            1              
1      529       443       28717     28860     28890     468            189            168            1              
1      485       399       28709     28802     28832     470            189            168            1              
1      554       212       28711     28804     28834     474            189            266            1              
1      64        134       28697     28862     28892     479            98             9              1              
3      64        152       28657     28832     28862     479            98             9              2              
3      1058      418       28668     28864     28894     480            84             168            1              
1      397       723       28685     28762     28792     481            168            290            1              
1      598       580       28607     28737     28767     484            189            189            1              
1      235       155       28373     28490     28520     485            87             286            1              
3      136       141       28690     28838     28868     493            286            54             1              
1      267       111       28760     28865     28895     496            266            178            1              
1      310       1209      28719     28804     28834     499            127            192            1              
1      594       356       28509     28608     28638     502            131            119            1              
1      291       81        28756     28836     28866     503            87             98             1              
1      440       527       28732     28815     28845     506            168            52             1              
1      461       836       28703     28754     28784     506            189            290            2              
3      621       534       28751     28868     28898     508            280            199            1              
1      692       653       28520     28608     28638     511            280            189            1              
1      1001      580       28742     28849     28879     512            291            189            1              
1      691       894       28767     28842     28872     516            131            291            1              
2      668       906       28658     28774     28804     516            280            290            2              
1      161       420       28751     28813     28843     518            178            168            1              
1      161       443       28709     28783     28813     518            178            168            2              
1      527       1391      28399     28481     28511     529            52             129            1              
1      690       667       28589     28697     28727     530            131            131            1              
3      688       738       28652     28806     28836     530            131            189            2              
1      233       677       28633     28686     28716     531            206            189            1              
1      527       621       28686     28790     28820     532            52             280            1              
2      971       893       28673     28825     28855     535            290            291            2              
1      436       497       28647     28701     28731     536            100            999            1              
1      804       1244      28631     28704     28734     537            291            192            1              
3      34        35        28681     28821     28851     542            98             98             1              
1      34        544       28682     28851     28881     542            98             52             2              
3      350       694       28372     28532     28562     550            127            189            1              
1      464       233       28613     28675     28705     555            168            206            1              
3      1231      1151      28660     28812     28842     557            129            291            1              
1      703       795       28740     28846     28876     558            290            290            1              
1      887       858       28723     28816     28846     560            290            290            2              
1      643       452       28709     28816     28846     561            131            52             2              
3      835       787       28669     28746     28776     563            290            50             1              
1      812       827       28736     28800     28830     563            290            291            2              
1      905       1398      28723     28810     28840     567            290            999            1              
1      507       650       28607     28691     28721     569            189            189            1              
1      1078      794       28501     28661     28691     572            84             290            1              
1      1055      767       28613     28769     28799     572            84             290            2              
1      598       851       28559     28641     28671     576            189            291            1              
1      727       782       28738     28820     28850     577            290            291            1              
1      431       79        28557     28651     28681     581            52             98             1              
3      883       485       28576     28660     28690     583            290            189            1              
2      817       314       28464     28531     28561     584            290            119            1              
2      772       529       28505     28580     28610     587            290            189            1              
1      909       526       28548     28684     28714     587            290            52             2              
3      1175      959       28419     28570     28600     590            129            291            1              
1      883       697       28743     28851     28881     591            290            189            1              
2      924       696       28668     28776     28806     591            290            189            2              
1      792       371       28466     28517     28547     593            290            52             1              
2      948       780       28753     28863     28893     597            290            291            1              
1      356       653       28695     28815     28845     598            119            189            1              
1      725       759       28739     28814     28844     602            290            131            1              
2      1231      1151      28660     28802     28832     610            129            291            1              
1      1100      631       28682     28877     28907     615            84             189            1              
2      726       760       28574     28678     28708     616            290            291            1              
1      746       826       28715     28803     28833     622            290            291            1              
1      883       628       28742     28849     28879     625            290            189            1              
2      388       207       28655     28812     28842     626            299            286            1              
1      1003      122       28121     28232     28262     626            291            54             2              
1      896       457       28549     28642     28672     634            291            52             1              
1      772       335       28582     28624     28654     638            290            119            1              
1      599       117       28709     28769     28799     639            280            286            1              
1      621       603       28708     28804     28834     640            280            189            1              
1      621       1001      28693     28774     28804     640            280            291            2              
3      970       897       28531     28702     28732     642            290            291            1              
1      772       812       28635     28713     28743     644            290            290            1              
3      841       1543      28696     28810     28840     644            290            296            2              
1      865       1022      28687     28772     28802     645            290            291            1              
3      841       1543      28696     28809     28839     645            290            296            2              
1      909       628       28519     28679     28709     649            290            189            1              
1      842       580       28646     28764     28794     649            290            189            2              
2      862       233       28739     28842     28872     649            290            206            3              
1      556       647       28616     28666     28696     651            199            280            1              
1      805       556       28578     28640     28670     654            291            199            1              
1      914       671       28761     28846     28876     656            291            280            1              
1      936       716       28719     28789     28819     656            291            189            2              
2      532       415       28749     28819     28849     658            199            100            1              
1      235       247       28714     28826     28856     665            87             266            1              
1      794       174       28724     28802     28832     670            290            266            1              
3      971       1342      28629     28778     28808     672            290            129            1              
3      970       897       28531     28680     28710     675            290            291            1              
1      714       672       28721     28835     28865     676            131            189            1              
1      1265      1014      28711     28806     28836     686            192            84             2              
1      644       760       28615     28725     28755     689            131            291            1              
2      779       982       28588     28703     28733     693            131            291            1              
1      1043      1089      28739     28850     28880     695            291            291            1              
2      1167      827       28369     28488     28518     696            291            291            1              
1      927       646       28546     28697     28727     697            290            280            1              
2      1406      1420      28718     28838     28868     699            129            129            1              
1      1391      1545      28673     28777     28807     699            129            296            2              
1      1023      894       28535     28633     28663     700            291            291            1              
1      1066      804       28704     28746     28776     700            291            291            2              
1      1066      783       28599     28686     28716     700            291            50             3              
3      824       802       28753     28852     28882     705            291            291            1              
1      1068      888       28587     28760     28790     706            291            290            1              
2      824       802       28753     28852     28882     708            291            291            1              
1      1131      116       28579     28708     28738     711            291            9              1              
3      1003      913       28701     28809     28839     712            291            291            1              
1      1046      621       28677     28756     28786     712            291            280            2              
3      1579      369       28739     28844     28874     714            296            52             1              
1      1114      458       28500     28598     28628     716            50             52             1              
1      970       905       28570     28711     28741     718            290            290            1              
1      991       771       28684     28765     28795     718            290            290            2              
4      781       601       28752     28852     28882     719            291            189            1              
1      691       1149      28300     28445     28475     721            131            291            1              
2      971       1342      28629     28749     28779     722            290            129            1              
1      915       924       28545     28635     28665     725            291            290            1              
1      1150      1031      28667     28741     28771     726            291            50             1              
1      1068      961       28720     28886     28916     726            291            291            2              
1      963       805       28600     28732     28762     733            50             291            1              
1      947       1592      28747     28876     28906     741            290            296            1              
1      961       936       28725     28858     28888     743            291            291            1              
1      1068      937       28531     28698     28728     744            291            291            1              
1      1140      947       28378     28526     28556     746            84             290            1              
3      906       333       28717     28849     28879     746            290            119            2              
1      914       535       28580     28659     28689     747            291            189            1              
2      350       694       28372     28525     28555     748            127            189            1              
1      1107      1021      28474     28606     28636     750            291            291            1              
1      771       744       28718     28819     28849     751            290            290            1              
1      731       557       28750     28873     28903     753            131            189            1              
1      458       441       28759     28839     28869     755            52             168            1              
2      1031      510       28513     28654     28684     758            50             199            1              
1      1107      922       28624     28783     28813     762            291            50             1              
3      1159      1032      28614     28804     28834     764            84             84             1              
1      1115      671       28544     28693     28723     764            84             280            2              
1      306       527       28728     28872     28902     768            299            52             1              
1      621       574       28696     28771     28801     772            280            189            1              
1      781       959       28697     28820     28850     779            291            291            1              
1      366       455       28666     28750     28780     787            299            52             1              
2      347       284       28724     28817     28847     787            299            299            2              
1      137       601       28470     28611     28641     789            286            189            1              
1      137       765       28551     28641     28671     789            286            290            2              
2      327       1208      28403     28477     28507     790            299            192            1              
1      649       646       28728     28801     28831     791            189            280            1              
1      1225      1265      28737     28805     28835     794            192            192            1              
1      369       335       28689     28783     28813     796            52             119            1              
1      390       556       28765     28856     28886     796            52             199            2              
