COLUMNS

passenger_count
pickup_ID
dropoff_ID
request_time_sec
pickup_district
dropoff_district
LDuals
IDuals
vehicle_ID
pick_position
drop_position

REQUESTS_INFO
2      927       723       31779     290       290       340       340       12        1         2         
1      314       556       31847     119       199       190       190       28        1         2         
3      1001      602       31872     291       189       212       212       41        1         3         
2      1036      770       31823     84        290       257       257       44        1         3         
1      397       534       31839     168       199       166       166       50        1         3         
2      889       430       31830     290       52        300       300       62        1         4         
1      462       552       31864     189       189       157       157       70        1         4         
3      662       66        31860     131       98        112       112       75        1         2         
1      949       925       31815     290       290       301       301       81        1         4         
1      1024      371       31833     291       52        215       215       84        1         3         
3      827       727       31870     291       290       179       179       100       1         2         
3      884       716       31873     290       189       197       197       105       1         3         
1      1172      1002      31794     129       291       257       257       106       1         4         
1      259       311       31824     87        87        163.5     163.5     109       1         2         
1      835       969       31796     290       290       244       244       123       1         2         
1      1130      1128      31803     291       291       247       247       127       1         2         
1      894       1328      31884     291       129       155       155       145       1         4         
1      258       290       31842     87        127       158       158       152       1         3         
1      805       1002      31853     291       291       151       151       154       1         3         
1      575       602       31882     189       189       129       129       158       1         2         
1      328       430       31881     299       52        165       165       172       1         3         
1      457       522       31865     52        52        154       154       203       1         2         
1      550       593       31863     189       52        113       113       210       1         2         
2      891       985       31882     291       50        204       204       223       1         2         
1      896       698       31883     291       189       208       208       225       1         3         
1      745       551       31880     290       189       189       189       257       1         2         
3      847       914       31753     291       291       312       312       267       1         3         
2      442       968       31805     168       290       260       260       283       1         2         
2      1048      550       31827     291       189       268       268       294       1         3         
1      864       699       31860     290       290       179       179       309       1         4         
2      864       812       31874     290       290       220       220       309       2         3         
2      827       727       31870     291       290       179       179       310       1         4         
1      703       669       31829     290       280       213       213       316       1         3         
1      1107      1027      31884     291       50        162       162       335       1         2         
1      907       971       31845     290       290       282       282       347       1         2         
1      1002      881       31734     291       290       342       342       350       1         3         
2      297       350       31833     277       127       268.5     268.5     354       1         3         
3      924       1065      31871     290       291       240       240       356       1         2         
1      1151      781       31877     291       291       201       201       357       1         4         
2      579       630       31813     189       189       170       170       358       1         2         
3      905       970       31872     290       290       218       218       371       1         3         
1      744       627       31867     290       189       148       148       378       1         3         
2      984       749       31833     291       290       287       287       379       1         3         
1      296       438       31871     277       100       218.5     218.5     401       1         2         
3      792       874       31865     290       291       205       205       428       1         2         
1      865       1010      31773     290       290       327       327       445       1         3         
1      861       948       31824     290       290       247       247       449       1         3         
1      852       699       31839     291       290       175       175       454       1         2         
3      442       968       31805     168       290       260       260       461       1         2         
1      788       393       31839     290       52        227       227       462       1         2         
1      352       488       31860     119       199       145       145       475       1         3         
1      745       505       31792     290       52        277       277       485       1         3         
2      375       556       31832     119       199       193       193       494       1         2         
2      791       218       31796     290       87        261       261       521       1         4         
1      1101      916       31817     84        291       261       261       551       1         2         
3      887       904       31886     290       290       247       247       560       1         2         
1      368       247       31861     299       266       194       194       564       1         2         
2      61        157       31873     98        54        129       129       580       1         2         
1      837       378       31833     290       168       236       236       582       1         4         
1      863       923       31884     290       290       242       242       586       1         2         
1      860       761       31885     290       50        141       141       588       1         3         
1      915       836       31869     291       290       183       183       600       1         4         
3      916       1065      31833     291       291       234       234       600       2         3         
3      1171      915       31857     192       291       218       218       604       1         2         
1      841       924       31803     290       290       310       310       605       1         3         
1      841       745       31819     290       290       294       294       605       2         4         
2      887       904       31886     290       290       247       247       614       1         3         
1      991       905       31806     290       290       276       276       620       1         3         
2      970       1025      31789     290       291       328       328       620       2         4         
1      992       646       31865     290       280       258       258       625       1         3         
1      985       788       31883     50        290       215       215       629       1         3         
1      772       631       31802     290       189       204       204       632       1         2         
1      925       701       31788     290       290       296       296       658       1         4         
1      859       951       31650     290       290       395       395       667       1         3         
4      909       535       31748     290       189       397       397       671       1         2         
1      880       371       31802     50        52        237       237       675       1         4         
3      1048      550       31827     291       189       268       268       683       1         4         
1      1048      904       31843     291       290       252       252       683       2         3         
1      937       549       31850     291       52        177       177       690       1         3         
2      863       697       31836     290       189       290       290       701       1         4         
2      745       739       31873     290       189       196       196       705       1         3         
2      984       1263      31802     291       192       318       318       714       1         2         
1      1160      1055      31854     84        84        220       220       716       1         2         
1      1053      793       31854     84        290       281       281       719       1         2         
1      963       1111      31817     50        50        262       262       722       1         3         
1      881       946       31830     290       290       234       234       723       1         2         
2      488       292       31849     199       87        197       197       735       1         3         
2      1151      939       31791     291       291       287       287       737       1         3         
1      980       827       31861     291       291       164       164       742       1         3         
1      960       968       31879     291       290       187       187       743       1         3         
3      984       1263      31802     291       192       318       318       743       2         4         
1      368       330       31882     299       127       173       173       748       1         2         
2      368       437       31863     299       100       183       183       750       1         2         
2      1004      969       31834     291       290       291       291       752       1         2         
2      629       527       31887     189       52        130       130       768       1         2         
2      909       925       31823     290       290       322       322       795       1         3         
1      817       908       31846     290       290       260       260       799       1         4         
3      909       925       31823     290       290       322       322       799       2         3         
1      909       1024      31890     290       291       0         0         0         0         0         
1      236       338       31892     87        277       0         0         0         0         0         
2      655       746       31893     189       290       0         0         0         0         0         
1      336       165       31893     277       178       0         0         0         0         0         
1      46        481       31893     98        189       0         0         0         0         0         
2      479       721       31893     52        290       0         0         0         0         0         
3      479       721       31893     52        290       0         0         0         0         0         
1      907       601       31894     290       189       0         0         0         0         0         
1      1182      1120      31894     84        84        0         0         0         0         0         
1      716       723       31894     189       290       0         0         0         0         0         
1      812       436       31895     290       100       0         0         0         0         0         
1      632       737       31895     189       189       0         0         0         0         0         
1      1068      1043      31895     291       291       0         0         0         0         0         
1      1233      1247      31897     129       129       0         0         0         0         0         
1      356       436       31897     119       100       0         0         0         0         0         
1      293       304       31897     87        299       0         0         0         0         0         
1      138       63        31898     57        98        0         0         0         0         0         
1      388       734       31898     299       131       0         0         0         0         0         
1      617       458       31898     131       52        0         0         0         0         0         
2      717       903       31899     189       290       0         0         0         0         0         
3      717       903       31899     189       290       0         0         0         0         0         
2      550       1542      31899     189       296       0         0         0         0         0         
1      433       460       31900     52        189       0         0         0         0         0         
1      910       482       31900     290       189       0         0         0         0         0         
2      273       1106      31900     206       291       0         0         0         0         0         
1      887       971       31900     290       290       0         0         0         0         0         
2      817       746       31900     290       290       0         0         0         0         0         
1      794       579       31901     290       189       0         0         0         0         0         
1      1128      678       31901     291       290       0         0         0         0         0         
1      413       553       31901     52        189       0         0         0         0         0         
1      507       289       31902     189       127       0         0         0         0         0         
1      916       1147      31902     291       291       0         0         0         0         0         
1      768       765       31902     290       290       0         0         0         0         0         
1      945       457       31903     50        52        0         0         0         0         0         
2      1107      914       31903     291       291       0         0         0         0         0         
1      443       489       31904     168       199       0         0         0         0         0         
1      835       673       31904     290       189       0         0         0         0         0         
1      232       193       31904     266       266       0         0         0         0         0         
1      676       851       31905     189       291       0         0         0         0         0         
3      687       972       31907     131       290       0         0         0         0         0         
3      687       972       31907     131       290       0         0         0         0         0         
1      794       813       31907     290       290       0         0         0         0         0         
1      1140      580       31907     84        189       0         0         0         0         0         
2      529       601       31907     189       189       0         0         0         0         0         
1      1281      1374      31907     192       129       0         0         0         0         0         
1      347       190       31908     299       286       0         0         0         0         0         
1      325       1010      31908     299       290       0         0         0         0         0         
1      499       688       31908     52        131       0         0         0         0         0         
1      1187      914       31909     291       291       0         0         0         0         0         
1      907       181       31909     290       178       0         0         0         0         0         
1      724       557       31909     290       189       0         0         0         0         0         
1      443       410       31909     168       52        0         0         0         0         0         
3      746       654       31910     290       189       0         0         0         0         0         
2      746       654       31910     290       189       0         0         0         0         0         
1      486       551       31911     199       189       0         0         0         0         0         
1      661       720       31911     999       290       0         0         0         0         0         
3      1001      984       31911     291       291       0         0         0         0         0         
3      1001      984       31911     291       291       0         0         0         0         0         
1      1057      861       31911     84        290       0         0         0         0         0         
3      161       289       31912     178       127       0         0         0         0         0         
3      161       289       31912     178       127       0         0         0         0         0         
1      646       476       31912     280       52        0         0         0         0         0         
1      621       791       31912     280       290       0         0         0         0         0         
1      642       502       31912     131       52        0         0         0         0         0         
1      720       857       31913     290       290       0         0         0         0         0         
1      287       533       31914     299       199       0         0         0         0         0         
1      690       1417      31914     131       129       0         0         0         0         0         
1      950       859       31915     290       290       0         0         0         0         0         
1      527       386       31915     52        299       0         0         0         0         0         
1      990       992       31915     290       290       0         0         0         0         0         
1      556       673       31916     199       189       0         0         0         0         0         
4      679       971       31917     290       290       0         0         0         0         0         
1      608       726       31917     189       290       0         0         0         0         0         
1      579       804       31917     189       291       0         0         0         0         0         
1      883       696       31917     290       189       0         0         0         0         0         
3      500       526       31917     52        52        0         0         0         0         0         
3      500       526       31917     52        52        0         0         0         0         0         
1      174       119       31918     266       286       0         0         0         0         0         
3      558       369       31919     189       52        0         0         0         0         0         
2      558       369       31919     189       52        0         0         0         0         0         
1      937       1264      31919     291       192       0         0         0         0         0         
2      925       882       31919     290       290       0         0         0         0         0         
1      780       1610      31919     291       999       0         0         0         0         0         
1      527       555       31919     52        199       0         0         0         0         0         
1      841       480       31919     290       52        0         0         0         0         0         
