COLUMNS

passenger_count
pickup_ID
dropoff_ID
request_time_sec
pickup_district
dropoff_district
LDuals
IDuals
vehicle_ID
pick_position
drop_position

REQUESTS_INFO
1      906       701       29833     290       290       168       168       45        1         2         
1      851       780       29829     291       291       150       150       48        1         2         
3      1002      694       29814     291       189       226       226       126       1         2         
3      850       726       29831     291       290       169       169       169       1         2         
3      847       847       29799     291       291       186       186       193       1         2         
2      390       649       29836     52        189       185       185       219       1         3         
1      935       939       29783     291       291       240       240       221       1         2         
1      937       396       29836     291       119       165       165       227       1         4         
3      812       760       29840     290       291       146       146       237       1         2         
1      296       234       29809     277       87        133       133       255       1         2         
1      916       718       29735     291       189       295       295       289       1         2         
1      865       397       29829     290       168       182       182       343       1         3         
1      1003      604       29752     291       189       291       291       364       1         2         
1      296       651       29756     277       189       235       235       379       1         2         
2      850       726       29831     291       290       169       169       495       1         3         
1      478       804       29809     52        291       197       197       526       1         2         
1      371       87        29809     52        287       217       217       536       1         2         
3      959       914       29847     291       291       194       194       555       1         2         
1      527       631       29849     52        189       146       146       621       1         3         
1      572       778       29799     131       131       207       207       625       1         2         
1      371       696       29841     52        189       185       185       629       1         5         
2      372       508       29839     119       199       179       179       629       2         4         
3      907       604       29813     290       189       225       225       632       1         3         
1      304       905       29825     299       290       144       144       644       1         2         
1      873       621       29837     291       280       102       102       660       1         4         
1      863       746       29689     290       290       319       319       671       1         3         
4      349       377       29717     127       168       307       307       736       1         2         
1      417       374       29841     100       119       107       107       752       1         2         
1      981       1025      29799     291       291       247       247       757       1         2         
3      959       914       29847     291       291       194       194       777       1         2         
2      749       693       29825     290       280       182       182       816       1         2         
1      372       720       29826     119       290       192       192       830       1         5         
2      883       725       29744     290       290       264       264       858       1         2         
3      582       670       29823     189       280       98        98        862       1         3         
2      812       760       29840     290       291       127       127       867       1         3         
1      395       171       29807     100       286       156       156       887       1         3         
2      886       829       29826     290       50        201       201       898       1         3         
1      936       430       29788     291       52        249       249       914       1         3         
1      959       79        29701     291       98        318       318       914       2         4         
3      908       1069      29803     290       291       239       239       932       1         2         
1      373       737       29785     119       189       198       198       937       1         2         
1      1002      572       29706     291       131       334       334       963       1         2         
1      980       747       29849     291       290       180       180       965       1         4         
2      980       699       29764     291       290       278       278       965       2         3         
3      908       1069      29803     290       291       239       239       976       1         2         
1      889       652       29845     290       189       164       164       996       1         2         
1      297       603       29834     277       189       179       179       1004      1         3         
1      1047      961       29847     291       291       149       149       1005      1         2         
1      369       748       29841     52        290       159       159       1049      1         3         
2      715       578       29822     131       189       125       125       1060      1         3         
1      1044      916       29710     291       291       306       306       1068      1         2         
1      598       162       29834     189       178       152       152       1074      1         2         
1      1066      859       29825     291       290       175       175       1110      1         3         
1      790       749       29833     290       290       152       152       1131      1         2         
2      1044      664       29837     291       131       179       179       1146      1         3         
1      1086      1032      29822     291       84        173       173       1186      1         3         
1      1069      1208      29836     291       192       201       201       1186      2         4         
1      770       697       29823     290       189       159       159       1284      1         4         
1      1023      699       29795     291       290       228       228       1291      1         4         
1      903       247       29823     290       266       171       171       1815      1         3         
3      434       31        29769     52        9         264       264       1818      1         2         
4      506       625       29821     189       189       138       138       1844      1         2         
1      366       554       29828     299       189       181       181       1905      1         3         
1      968       779       29841     290       131       165       165       1917      1         3         
1      315       700       29845     277       290       98        98        1921      1         2         
1      970       1044      29839     290       291       135       135       1936      1         2         
1      434       577       29829     52        189       204       204       1974      1         2         
1      621       715       29843     280       131       102       102       1978      1         4         
1      667       435       29850     131       52        0         0         0         0         0         
1      1010      970       29850     290       290       0         0         0         0         0         
1      354       555       29850     119       199       0         0         0         0         0         
1      599       481       29850     280       189       0         0         0         0         0         
1      170       352       29850     286       119       0         0         0         0         0         
1      718       526       29850     189       52        0         0         0         0         0         
1      858       946       29850     290       290       0         0         0         0         0         
1      654       557       29850     189       189       0         0         0         0         0         
3      631       487       29850     189       199       0         0         0         0         0         
3      631       487       29850     189       199       0         0         0         0         0         
1      760       850       29850     291       291       0         0         0         0         0         
1      510       325       29850     199       299       0         0         0         0         0         
2      1100      968       29851     84        290       0         0         0         0         0         
3      834       925       29852     290       290       0         0         0         0         0         
1      643       31        29852     131       9         0         0         0         0         0         
1      413       671       29852     52        280       0         0         0         0         0         
1      969       675       29852     290       189       0         0         0         0         0         
3      834       925       29852     290       290       0         0         0         0         0         
3      502       439       29853     52        189       0         0         0         0         0         
2      502       439       29853     52        189       0         0         0         0         0         
3      78        598       29853     9         189       0         0         0         0         0         
3      78        598       29853     9         189       0         0         0         0         0         
1      483       296       29853     189       277       0         0         0         0         0         
1      78        550       29853     9         189       0         0         0         0         0         
1      527       438       29853     52        100       0         0         0         0         0         
1      440       698       29853     168       189       0         0         0         0         0         
1      413       718       29853     52        189       0         0         0         0         0         
1      277       62        29853     87        98        0         0         0         0         0         
1      603       719       29854     189       189       0         0         0         0         0         
1      47        134       29854     98        9         0         0         0         0         0         
1      865       653       29854     290       189       0         0         0         0         0         
3      527       439       29854     52        189       0         0         0         0         0         
3      527       439       29854     52        189       0         0         0         0         0         
1      373       695       29855     119       189       0         0         0         0         0         
1      287       303       29855     299       299       0         0         0         0         0         
1      862       652       29855     290       189       0         0         0         0         0         
1      1356      894       29855     129       291       0         0         0         0         0         
1      992       1265      29855     290       192       0         0         0         0         0         
3      578       530       29855     189       189       0         0         0         0         0         
3      578       530       29855     189       189       0         0         0         0         0         
2      1327      1287      29856     129       129       0         0         0         0         0         
1      860       670       29856     290       280       0         0         0         0         0         
1      621       647       29856     280       280       0         0         0         0         0         
1      311       604       29856     87        189       0         0         0         0         0         
1      951       905       29856     290       290       0         0         0         0         0         
4      252       228       29857     206       266       0         0         0         0         0         
3      886       232       29857     290       266       0         0         0         0         0         
2      886       232       29857     290       266       0         0         0         0         0         
1      760       628       29857     291       189       0         0         0         0         0         
1      649       526       29857     189       52        0         0         0         0         0         
2      247       749       29857     266       290       0         0         0         0         0         
1      485       604       29857     189       189       0         0         0         0         0         
3      1031      1069      29858     50        291       0         0         0         0         0         
3      1031      1069      29858     50        291       0         0         0         0         0         
1      352       134       29858     119       9         0         0         0         0         0         
1      744       116       29858     290       9         0         0         0         0         0         
4      748       604       29858     290       189       0         0         0         0         0         
1      531       47        29858     189       98        0         0         0         0         0         
1      420       154       29859     168       286       0         0         0         0         0         
3      504       765       29859     52        290       0         0         0         0         0         
1      325       116       29859     299       9         0         0         0         0         0         
2      504       765       29859     52        290       0         0         0         0         0         
2      410       386       29859     52        299       0         0         0         0         0         
1      228       603       29859     266       189       0         0         0         0         0         
3      904       1151      29860     290       291       0         0         0         0         0         
3      904       1151      29860     290       291       0         0         0         0         0         
2      768       903       29860     290       290       0         0         0         0         0         
1      950       484       29860     290       189       0         0         0         0         0         
1      630       1015      29860     189       84        0         0         0         0         0         
1      509       576       29861     199       189       0         0         0         0         0         
1      842       652       29861     290       189       0         0         0         0         0         
1      512       649       29861     199       189       0         0         0         0         0         
1      480       61        29862     52        98        0         0         0         0         0         
1      649       626       29862     189       189       0         0         0         0         0         
1      500       48        29862     52        98        0         0         0         0         0         
1      817       558       29862     290       189       0         0         0         0         0         
1      849       673       29863     291       189       0         0         0         0         0         
1      950       651       29863     290       189       0         0         0         0         0         
1      415       651       29863     100       189       0         0         0         0         0         
3      772       629       29864     290       189       0         0         0         0         0         
1      508       647       29864     199       280       0         0         0         0         0         
1      304       766       29864     299       290       0         0         0         0         0         
1      598       623       29864     189       280       0         0         0         0         0         
3      772       629       29864     290       189       0         0         0         0         0         
1      375       199       29864     119       178       0         0         0         0         0         
3      581       1543      29864     189       296       0         0         0         0         0         
2      581       1543      29864     189       296       0         0         0         0         0         
1      35        238       29864     98        87        0         0         0         0         0         
2      171       544       29865     286       52        0         0         0         0         0         
1      902       981       29865     50        291       0         0         0         0         0         
1      597       628       29865     131       189       0         0         0         0         0         
1      458       737       29865     52        189       0         0         0         0         0         
1      197       829       29865     178       50        0         0         0         0         0         
1      579       479       29865     189       52        0         0         0         0         0         
1      771       554       29866     290       189       0         0         0         0         0         
1      663       760       29866     131       291       0         0         0         0         0         
1      578       437       29866     189       100       0         0         0         0         0         
3      745       574       29866     290       189       0         0         0         0         0         
1      579       804       29866     189       291       0         0         0         0         0         
1      908       1258      29866     290       999       0         0         0         0         0         
3      947       1068      29866     290       291       0         0         0         0         0         
3      947       1068      29866     290       291       0         0         0         0         0         
1      605       692       29866     189       280       0         0         0         0         0         
2      745       574       29866     290       189       0         0         0         0         0         
1      906       313       29867     290       87        0         0         0         0         0         
1      328       252       29867     299       206       0         0         0         0         0         
1      393       116       29867     52        9         0         0         0         0         0         
1      1148      1207      29867     291       192       0         0         0         0         0         
1      200       223       29867     87        87        0         0         0         0         0         
1      827       626       29867     291       189       0         0         0         0         0         
1      905       1054      29868     290       84        0         0         0         0         0         
2      604       673       29868     189       189       0         0         0         0         0         
1      913       650       29868     291       189       0         0         0         0         0         
1      528       506       29868     52        189       0         0         0         0         0         
3      905       909       29868     290       290       0         0         0         0         0         
3      598       551       29868     189       189       0         0         0         0         0         
3      598       551       29868     189       189       0         0         0         0         0         
2      643       31        29869     131       9         0         0         0         0         0         
1      745       531       29869     290       189       0         0         0         0         0         
1      556       734       29869     199       131       0         0         0         0         0         
1      444       377       29869     168       168       0         0         0         0         0         
1      309       352       29869     127       119       0         0         0         0         0         
3      643       31        29869     131       9         0         0         0         0         0         
2      488       727       29869     199       290       0         0         0         0         0         
1      841       630       29869     290       189       0         0         0         0         0         
1      443       485       29870     168       189       0         0         0         0         0         
1      389       669       29870     299       280       0         0         0         0         0         
1      947       909       29870     290       290       0         0         0         0         0         
1      479       172       29870     52        286       0         0         0         0         0         
1      887       1102      29870     290       84        0         0         0         0         0         
1      527       604       29870     52        189       0         0         0         0         0         
1      980       554       29871     291       189       0         0         0         0         0         
1      648       754       29872     189       999       0         0         0         0         0         
1      460       189       29872     189       286       0         0         0         0         0         
2      723       231       29872     290       266       0         0         0         0         0         
1      759       651       29872     131       189       0         0         0         0         0         
1      871       737       29872     291       189       0         0         0         0         0         
1      544       522       29873     52        52        0         0         0         0         0         
2      157       83        29873     54        98        0         0         0         0         0         
1      903       747       29873     290       290       0         0         0         0         0         
1      476       745       29873     52        290       0         0         0         0         0         
1      621       627       29873     280       189       0         0         0         0         0         
1      1044      962       29873     291       291       0         0         0         0         0         
1      1076      992       29873     84        290       0         0         0         0         0         
1      745       698       29874     290       189       0         0         0         0         0         
1      598       502       29874     189       52        0         0         0         0         0         
1      105       10        29874     287       98        0         0         0         0         0         
2      1001      46        29874     291       98        0         0         0         0         0         
1      21        551       29874     98        189       0         0         0         0         0         
1      969       579       29874     290       189       0         0         0         0         0         
1      194       488       29874     207       199       0         0         0         0         0         
2      810       726       29874     290       290       0         0         0         0         0         
3      527       137       29874     52        286       0         0         0         0         0         
3      527       137       29874     52        286       0         0         0         0         0         
3      599       780       29875     280       291       0         0         0         0         0         
3      599       780       29875     280       291       0         0         0         0         0         
1      604       698       29875     189       189       0         0         0         0         0         
1      461       629       29875     189       189       0         0         0         0         0         
1      698       651       29876     189       189       0         0         0         0         0         
1      479       368       29876     52        299       0         0         0         0         0         
1      902       742       29876     50        290       0         0         0         0         0         
1      441       629       29876     168       189       0         0         0         0         0         
2      959       1207      29877     291       192       0         0         0         0         0         
3      189       91        29877     286       178       0         0         0         0         0         
3      189       91        29877     286       178       0         0         0         0         0         
1      209       576       29877     266       189       0         0         0         0         0         
1      558       486       29877     189       199       0         0         0         0         0         
3      959       1207      29877     291       192       0         0         0         0         0         
2      864       676       29877     290       189       0         0         0         0         0         
2      461       580       29877     189       189       0         0         0         0         0         
1      605       544       29877     189       52        0         0         0         0         0         
1      284       116       29878     299       9         0         0         0         0         0         
1      597       349       29878     131       127       0         0         0         0         0         
1      313       160       29878     87        54        0         0         0         0         0         
3      608       768       29878     189       290       0         0         0         0         0         
3      608       768       29878     189       290       0         0         0         0         0         
2      813       417       29878     290       100       0         0         0         0         0         
1      460       604       29878     189       189       0         0         0         0         0         
2      717       556       29878     189       199       0         0         0         0         0         
1      884       532       29879     290       199       0         0         0         0         0         
3      1129      1529      29879     291       296       0         0         0         0         0         
1      796       1129      29879     290       291       0         0         0         0         0         
1      444       835       29879     168       290       0         0         0         0         0         
