COLUMNS

passenger_count
pickup_ID
dropoff_ID
request_time_sec
pickup_district
dropoff_district
LDuals
IDuals
vehicle_ID
pick_position
drop_position

REQUESTS_INFO
1      690       286       30090     131       299       0         0         0         0         0         
1      1001      984       30090     291       291       0         0         0         0         0         
1      913       1043      30090     291       291       0         0         0         0         0         
3      731       86        30091     131       287       0         0         0         0         0         
2      728       745       30092     290       290       0         0         0         0         0         
1      482       409       30093     189       52        0         0         0         0         0         
1      477       416       30095     52        100       0         0         0         0         0         
1      1225      914       30095     192       291       0         0         0         0         0         
1      1207      914       30095     192       291       0         0         0         0         0         
1      616       621       30096     131       280       0         0         0         0         0         
1      863       289       30096     290       127       0         0         0         0         0         
2      78        265       30097     9         299       0         0         0         0         0         
1      711       526       30098     131       52        0         0         0         0         0         
1      629       528       30099     189       52        0         0         0         0         0         
1      329       581       30099     127       189       0         0         0         0         0         
1      849       549       30099     291       52        0         0         0         0         0         
2      716       760       30100     189       291       0         0         0         0         0         
1      481       527       30101     189       52        0         0         0         0         0         
1      791       1087      30102     290       291       0         0         0         0         0         
1      1090      1100      30103     291       84        0         0         0         0         0         
1      782       1002      30103     291       291       0         0         0         0         0         
2      970       1186      30104     290       291       0         0         0         0         0         
3      678       333       30105     290       119       0         0         0         0         0         
2      678       333       30105     290       119       0         0         0         0         0         
2      841       884       30106     290       290       0         0         0         0         0         
3      841       884       30106     290       290       0         0         0         0         0         
3      644       158       30106     131       174       0         0         0         0         0         
1      1149      269       30106     291       127       0         0         0         0         0         
1      499       419       30106     52        168       0         0         0         0         0         
1      731       780       30106     131       291       0         0         0         0         0         
3      644       158       30106     131       174       0         0         0         0         0         
1      549       508       30108     52        199       0         0         0         0         0         
1      692       527       30109     280       52        0         0         0         0         0         
1      1128      828       30109     291       291       0         0         0         0         0         
1      581       598       30110     189       189       0         0         0         0         0         
2      552       19        30110     189       98        0         0         0         0         0         
1      668       691       30110     280       131       0         0         0         0         0         
3      644       158       30110     131       174       0         0         0         0         0         
1      849       851       30111     291       291       0         0         0         0         0         
1      367       483       30111     299       189       0         0         0         0         0         
1      863       748       30112     290       290       0         0         0         0         0         
1      731       528       30113     131       52        0         0         0         0         0         
1      847       456       30114     291       52        0         0         0         0         0         
1      608       556       30114     189       199       0         0         0         0         0         
1      760       811       30114     291       290       0         0         0         0         0         
1      605       640       30114     189       131       0         0         0         0         0         
1      631       356       30114     189       119       0         0         0         0         0         
1      648       527       30115     189       52        0         0         0         0         0         
1      460       252       30115     189       206       0         0         0         0         0         
3      509       411       30116     199       52        0         0         0         0         0         
2      535       560       30116     189       189       0         0         0         0         0         
3      535       560       30116     189       189       0         0         0         0         0         
2      509       411       30116     199       52        0         0         0         0         0         
1      1044      1150      30117     291       291       0         0         0         0         0         
1      413       816       30118     52        290       0         0         0         0         0         
1      838       962       30118     290       291       0         0         0         0         0         
1      479       596       30118     52        131       0         0         0         0         0         
1      744       863       30119     290       290       0         0         0         0         0         
3      892       891       30119     291       291       0         0         0         0         0         
2      892       891       30119     291       291       0         0         0         0         0         
