COLUMNS

passenger_count
pickup_ID
dropoff_ID
request_time_sec
pickup_district
LDuals
IDuals
vehicle_ID
pick_position
drop_position
REQUESTS_INFO
1      648       579       68298     189       277       285.5     19        1         4         
3      487       528       68269     199       341.5     341.5     24        1         3         
1      811       858       68366     290       168       168       27        1         4         
1      583       461       68345     189       277       277       39        1         3         
1      533       527       68355     199       216.25    213       48        1         3         
3      717       884       68150     189       437       422       50        1         3         
3      667       409       68327     131       262.5     262.5     54        1         2         
1      559       550       68258     189       378       378       77        1         3         
1      649       347       68311     189       287       295.5     99        1         4         
1      440       924       68359     168       185       185       150       1         3         
3      600       353       68192     280       407.5     407.5     158       1         2         
2      947       937       68342     290       154       154       174       1         2         
1      723       598       68320     290       274.25    274.25    176       1         2         
1      476       527       68344     52        187       187       177       1         3         
4      438       373       68309     100       242.5     242.5     181       1         2         
2      765       782       68349     290       226       226       183       1         3         
2      647       906       68368     280       236.5     236.5     184       1         2         
1      582       218       68357     189       188       248.5     191       1         3         
1      675       420       68341     189       217       217       195       1         5         
1      650       580       68342     189       267.5     267.5     195       2         4         
3      674       273       68335     189       296.5     296.5     211       1         2         
1      721       627       68311     290       183       183       220       1         2         
1      959       862       68358     291       121       121       247       1         3         
2      641       551       68351     131       164       179       258       1         3         
3      1002      720       68359     291       119       119       267       1         3         
1      622       1000      68352     280       224.5     224.5     278       1         4         
1      436       441       68293     100       216.5     216.5     280       1         3         
3      629       859       68259     189       354.5     354.5     290       1         2         
3      702       983       68313     290       264       264       305       1         3         
3      647       906       68368     280       236.5     236.5     306       1         3         
2      671       788       68265     280       287       295.5     310       1         3         
1      720       298       68327     290       234.75    245.875   316       1         4         
3      883       551       68360     290       163.5     163.5     331       1         3         
1      421       356       68367     168       140       140       363       1         3         
4      626       759       68240     189       393.5     393.5     373       1         2         
1      724       464       68367     290       198       198       390       1         4         
1      722       604       68364     290       209.25    209.25    390       2         3         
1      580       791       68314     189       282.75    282.75    396       1         2         
2      527       649       68269     52        317       317       408       1         2         
1      698       884       68331     189       189       189       411       1         4         
1      622       527       68347     280       229.5     229.5     416       1         3         
4      572       392       68273     131       306       306       418       1         2         
1      627       461       68256     189       321       329.5     431       1         4         
1      626       551       68277     189       331.5     323       431       2         5         
1      748       970       68313     290       163       163       436       1         3         
2      702       983       68313     290       264       264       436       2         4         
3      506       625       68337     189       183       183       437       1         2         
1      577       500       68327     189       146.25    146.75    449       1         4         
1      766       328       68313     290       245       245       459       1         3         
1      885       499       68348     290       145       145       461       1         4         
4      549       511       68154     52        413       413       473       1         2         
1      581       700       68330     189       277.75    277.75    476       1         3         
1      550       690       68356     189       125       127       495       1         4         
1      397       351       68243     168       240       240       528       1         2         
1      628       527       68294     189       309.75    309.75    537       1         3         
1      466       418       68283     199       257       257       549       1         3         
1      395       584       68349     100       165.5     165.5     570       1         3         
1      669       527       68261     280       340.5     340.5     573       1         4         
1      396       392       68353     119       197.5     197.5     606       1         2         
2      603       850       68181     189       412.5     412.5     613       1         4         
2      603       509       68179     189       421.75    421.75    613       2         3         
1      118       248       68359     286       135       135       617       1         2         
3      756       621       68356     131       192       198       618       1         2         
3      530       437       67952     189       608.5     608.5     631       1         2         
1      629       420       68341     189       261.75    261.75    669       1         4         
1      719       287       68359     189       211.5     211.5     714       1         4         
1      690       433       68336     131       254.5     254.5     719       1         3         
3      393       161       68315     52        193.5     193.5     721       1         2         
1      440       623       68330     168       234.5     234.5     737       1         2         
2      536       1155      68347     189       186       186       752       1         3         
1      583       916       68335     189       255.75    255.75    763       1         3         
2      629       859       68259     189       245.75    245.75    764       1         4         
3      596       827       68271     131       349       349       771       1         2         
1      980       1386      68340     291       131       131       778       1         3         
1      910       886       68324     290       135       135       779       1         2         
2      824       937       68246     291       229       229       787       1         3         
3      557       608       68198     189       428.5     428.5     814       1         2         
1      510       439       68327     199       296       296       820       1         2         
3      654       623       68307     189       293       293       864       1         2         
3      533       771       68236     199       394.5     394.5     881       1         2         
3      484       628       68349     189       221       221       884       1         3         
3      782       646       68320     291       235       235       887       1         2         
1      717       599       68369     189       216       216       889       1         2         
1      714       619       68357     131       207       207       894       1         3         
1      350       453       68332     127       188.5     188.5     896       1         3         
2      727       621       68296     290       262       262       897       1         3         
3      393       161       68315     52        193.5     193.5     913       1         2         
1      690       527       68254     131       336.5     336.5     932       1         3         
3      690       327       68333     131       257.5     257.5     932       2         4         
2      716       527       68341     189       231       231       939       1         2         
2      602       235       68197     189       412.5     418.5     958       1         4         
1      602       393       68186     189       404.75    398.75    958       2         3         
3      487       440       68321     199       266.25    266.25    963       1         3         
4      549       692       68339     52        228       228       978       1         2         
1      560       554       68207     189       369.75    369.75    987       1         2         
3      699       983       68339     290       272       272       989       1         3         
2      484       628       68343     189       222       222       1003      1         3         
3      791       927       68335     290       225       225       1009      1         2         
3      674       273       68335     189       296.5     296.5     1071      1         2         
1      533       460       68367     199       232       232       1111      1         3         
3      630       251       68138     189       452.5     452.5     1113      1         4         
1      605       393       68168     189       441.75    441.75    1113      2         3         
3      672       460       68161     189       453.5     453.5     1136      1         2         
1      885       992       68346     290       128       147       1151      1         3         
1      208       396       68340     286       125       125       1154      1         2         
1      552       479       68324     189       236       236       1165      1         2         
3      580       458       68182     189       431       431       1186      1         2         
3      790       655       68333     290       237.5     237.5     1188      1         3         
3      701       210       68260     290       319       319       1213      1         2         
2      696       325       68360     189       230       230       1226      1         3         
1      694       46        68354     189       261.5     261.5     1246      1         4         
1      616       392       68337     131       240       240       1270      1         2         
3      883       551       68360     290       163.5     163.5     1311      1         3         
1      484       275       68340     189       154       154       1355      1         4         
2      767       827       68287     290       269.125   269.125   1372      1         4         
2      607       693       68159     189       439.75    439.75    1377      1         4         
2      372       526       68280     119       237       237       1382      1         3         
1      372       254       68333     119       184       184       1392      1         2         
3      670       579       68361     280       245.5     245.5     1398      1         3         
1      696       215       68327     189       191       191       1424      1         3         
2      522       388       68353     52        159       159       1444      1         2         
2      582       526       68341     189       264.5     264.5     1466      1         2         
3      836       969       68317     290       212.5     212.5     1478      1         2         
1      647       1026      68314     280       252.5     252.5     1480      1         4         
3      850       903       68296     291       205       205       1489      1         2         
3      604       804       67922     189       661.75    661.75    1500      1         4         
1      604       484       68327     189       270.75    270.75    1500      2         3         
3      509       372       68269     199       324.5     324.5     1501      1         3         
1      718       984       68343     189       231       231       1531      1         4         
3      719       875       68059     189       523       523       1531      2         3         
1      475       287       68310     52        222       222       1537      1         2         
2      693       778       68087     280       528       521.25    1563      1         3         
1      693       646       68348     280       267       260.25    1563      2         4         
3      756       621       68356     131       192       198       1581      1         3         
1      760       937       68347     291       219       168       1624      1         2         
2      156       252       68368     286       108       108       1627      1         2         
3      836       968       68293     290       236.5     236.5     1658      1         3         
3      874       667       68293     291       190       190       1697      1         3         
1      674       743       68343     189       158       158       1712      1         4         
2      608       908       68112     189       482       481       1746      1         2         
3      649       737       68301     189       243       243       1761      1         2         
2      605       623       68329     189       278.25    282.5     1774      1         2         
2      698       720       68177     189       410.75    410.75    1778      1         3         
2      698       970       68298     189       289.75    289.75    1778      2         4         
1      621       749       68369     280       128       128       1781      1         3         
2      484       259       68328     189       249.5     249.5     1786      1         2         
3      667       409       68327     131       262.5     262.5     1848      1         2         
1      498       351       68343     52        201       201       1915      1         2         
3      602       235       68197     189       412.5     418.5     1977      1         2         
3      527       649       68269     52        317       317       1986      1         3         
2      696       605       68365     189       225       225       1998      1         3         
1      850       720       68350     291       149       149       2001      1         3         
1      714       936       68340     131       150       150       2017      1         3         
1      630       692       68359     189       229.75    229.75    2037      1         4         
1      558       671       68354     189       214.75    214.75    2037      2         5         
1      693       627       68344     280       271       264.25    2047      1         4         
1      693       906       68361     280       240.5     247.25    2047      2         5         
2      925       860       68362     290       160       160       2051      1         2         
1      961       716       68322     291       150       150       2080      1         2         
3      668       527       68366     280       231.5     231.5     2095      1         2         
1      676       710       68167     189       415       419.75    2109      1         4         
1      505       677       68318     52        206       206       2110      1         3         
3      505       889       68106     52        443       443       2110      2         4         
1      715       1042      68274     131       295       295       2112      1         2         
2      571       237       68332     52        232       232       2121      1         2         
3      675       460       68154     189       434.75    434.75    2138      1         3         
1      737       458       68341     189       195       195       2141      1         3         
3      373       906       68343     119       159.5     159.5     2143      1         3         
3      458       552       68359     52        165       165       2146      1         3         
1      700       771       68197     290       353.75    353.75    2147      1         3         
2      700       885       68331     290       219.75    219.75    2147      2         4         
1      555       506       68320     199       215.25    215.25    2159      1         2         
1      717       371       68347     189       232       232       2179      1         3         
1      372       275       68362     119       155       155       2180      1         3         
1      738       850       68281     189       191       191       2189      1         2         
2      674       792       68361     189       237.75    237.75    2219      1         2         
3      668       527       68366     280       231.5     231.5     2223      1         2         
1      483       739       68339     189       235       235       2230      1         2         
2      557       441       68346     189       275       271.25    2272      1         3         
1      505       534       68308     52        216       216       2280      1         3         
3      505       274       68348     52        201       201       2280      2         4         
1      704       969       68369     290       192       193       2324      1         4         
2      747       1344      68346     290       219       220       2324      2         5         
1      645       239       68295     280       197       197       2329      1         4         
1      652       747       68325     189       265.75    298.5     2334      1         4         
1      534       457       68342     199       254.25    254.25    2372      1         5         
1      510       506       68340     199       262.5     262.5     2372      2         4         
3      527       827       68309     52        277       277       2415      1         2         
2      484       628       68349     189       216       216       2433      1         3         
2      511       528       68326     199       269.5     269.5     2479      1         4         
2      487       528       68269     199       341.5     341.5     2479      2         3         
3      674       948       68259     189       372.5     372.5     2493      1         2         
1      376       395       68370     168       0         0         0         0         0         
1      886       719       68370     290       0         0         0         0         0         
1      486       557       68370     199       0         0         0         0         0         
1      693       527       68370     280       0         0         0         0         0         
1      504       436       68370     52        0         0         0         0         0         
1      191       292       68370     266       0         0         0         0         0         
2      771       906       68371     290       0         0         0         0         0         
1      234       295       68371     87        0         0         0         0         0         
1      936       815       68371     291       0         0         0         0         0         
1      627       408       68371     189       0         0         0         0         0         
1      452       665       68372     52        0         0         0         0         0         
3      873       623       68372     291       0         0         0         0         0         
2      873       623       68372     291       0         0         0         0         0         
1      217       311       68372     87        0         0         0         0         0         
1      701       602       68372     290       0         0         0         0         0         
1      646       389       68372     280       0         0         0         0         0         
1      396       453       68372     119       0         0         0         0         0         
1      481       396       68372     189       0         0         0         0         0         
1      328       273       68372     299       0         0         0         0         0         
2      441       582       68372     168       0         0         0         0         0         
3      550       627       68373     189       0         0         0         0         0         
1      671       1265      68373     280       0         0         0         0         0         
1      369       485       68373     52        0         0         0         0         0         
2      416       510       68373     100       0         0         0         0         0         
1      693       723       68373     280       0         0         0         0         0         
2      430       526       68373     52        0         0         0         0         0         
3      550       627       68373     189       0         0         0         0         0         
1      598       669       68373     189       0         0         0         0         0         
2      399       279       68373     168       0         0         0         0         0         
1      307       234       68373     127       0         0         0         0         0         
1      175       389       68373     266       0         0         0         0         0         
1      309       527       68373     127       0         0         0         0         0         
1      691       648       68374     131       0         0         0         0         0         
1      232       366       68374     266       0         0         0         0         0         
1      673       579       68374     189       0         0         0         0         0         
1      574       924       68374     189       0         0         0         0         0         
1      1087      1187      68374     291       0         0         0         0         0         
1      630       828       68374     189       0         0         0         0         0         
1      904       1001      68374     290       0         0         0         0         0         
1      580       463       68374     189       0         0         0         0         0         
1      582       217       68374     189       0         0         0         0         0         
1      415       256       68374     100       0         0         0         0         0         
4      669       757       68375     280       0         0         0         0         0         
1      171       431       68375     286       0         0         0         0         0         
1      394       505       68375     100       0         0         0         0         0         
1      463       482       68375     168       0         0         0         0         0         
1      915       1023      68375     291       0         0         0         0         0         
1      873       723       68376     291       0         0         0         0         0         
3      526       246       68376     52        0         0         0         0         0         
3      526       246       68376     52        0         0         0         0         0         
3      883       441       68376     290       0         0         0         0         0         
1      499       526       68376     52        0         0         0         0         0         
1      643       719       68376     131       0         0         0         0         0         
2      883       441       68376     290       0         0         0         0         0         
2      817       727       68377     290       0         0         0         0         0         
2      834       724       68377     290       0         0         0         0         0         
1      237       347       68377     87        0         0         0         0         0         
1      175       198       68377     266       0         0         0         0         0         
1      884       793       68377     290       0         0         0         0         0         
2      173       439       68377     286       0         0         0         0         0         
3      692       1002      68378     280       0         0         0         0         0         
1      292       62        68378     87        0         0         0         0         0         
2      692       1002      68378     280       0         0         0         0         0         
1      1002      804       68378     291       0         0         0         0         0         
1      409       364       68378     52        0         0         0         0         0         
3      334       236       68378     119       0         0         0         0         0         
2      674       722       68378     189       0         0         0         0         0         
1      837       745       68378     290       0         0         0         0         0         
1      903       303       68378     290       0         0         0         0         0         
1      668       330       68378     280       0         0         0         0         0         
3      550       436       68379     189       0         0         0         0         0         
3      550       436       68379     189       0         0         0         0         0         
1      545       418       68379     52        0         0         0         0         0         
1      461       366       68379     189       0         0         0         0         0         
1      905       1056      68379     290       0         0         0         0         0         
1      526       313       68379     52        0         0         0         0         0         
1      417       431       68379     100       0         0         0         0         0         
2      990       882       68379     290       0         0         0         0         0         
1      835       914       68379     290       0         0         0         0         0         
3      272       297       68380     127       0         0         0         0         0         
1      817       770       68380     290       0         0         0         0         0         
1      1149      1022      68380     291       0         0         0         0         0         
1      837       990       68380     290       0         0         0         0         0         
1      881       947       68380     290       0         0         0         0         0         
1      256       374       68381     87        0         0         0         0         0         
2      123       333       68381     54        0         0         0         0         0         
2      291       181       68381     87        0         0         0         0         0         
1      441       486       68381     168       0         0         0         0         0         
1      739       1048      68381     189       0         0         0         0         0         
1      392       481       68381     52        0         0         0         0         0         
1      671       745       68381     280       0         0         0         0         0         
1      771       1059      68381     290       0         0         0         0         0         
1      231       199       68382     266       0         0         0         0         0         
1      759       651       68382     131       0         0         0         0         0         
1      632       674       68382     189       0         0         0         0         0         
1      133       364       68382     9         0         0         0         0         0         
1      247       233       68382     266       0         0         0         0         0         
1      481       175       68382     189       0         0         0         0         0         
1      757       812       68382     131       0         0         0         0         0         
2      579       693       68382     189       0         0         0         0         0         
1      291       195       68383     87        0         0         0         0         0         
1      632       816       68383     189       0         0         0         0         0         
1      544       738       68383     52        0         0         0         0         0         
1      529       847       68384     189       0         0         0         0         0         
2      630       815       68384     189       0         0         0         0         0         
1      628       645       68384     189       0         0         0         0         0         
1      234       926       68384     87        0         0         0         0         0         
1      459       217       68385     189       0         0         0         0         0         
1      791       946       68385     290       0         0         0         0         0         
2      115       476       68385     9         0         0         0         0         0         
1      814       817       68385     290       0         0         0         0         0         
1      307       373       68385     127       0         0         0         0         0         
1      499       734       68386     52        0         0         0         0         0         
2      739       645       68386     189       0         0         0         0         0         
1      434       395       68386     52        0         0         0         0         0         
1      410       270       68386     52        0         0         0         0         0         
2      701       1142      68386     290       0         0         0         0         0         
2      716       527       68386     189       0         0         0         0         0         
1      527       645       68387     52        0         0         0         0         0         
1      336       309       68387     277       0         0         0         0         0         
1      662       475       68387     131       0         0         0         0         0         
2      652       580       68387     189       0         0         0         0         0         
1      526       476       68387     52        0         0         0         0         0         
3      197       443       68388     178       0         0         0         0         0         
1      1162      994       68388     84        0         0         0         0         0         
1      644       757       68388     131       0         0         0         0         0         
3      197       443       68388     178       0         0         0         0         0         
3      815       1011      68388     290       0         0         0         0         0         
2      333       827       68388     119       0         0         0         0         0         
3      815       1011      68388     290       0         0         0         0         0         
1      219       118       68389     87        0         0         0         0         0         
2      126       293       68389     178       0         0         0         0         0         
3      409       536       68389     52        0         0         0         0         0         
1      356       738       68389     119       0         0         0         0         0         
4      229       368       68389     266       0         0         0         0         0         
1      345       475       68389     299       0         0         0         0         0         
1      269       125       68390     127       0         0         0         0         0         
3      256       374       68390     87        0         0         0         0         0         
2      768       838       68390     290       0         0         0         0         0         
1      325       474       68390     299       0         0         0         0         0         
1      694       552       68390     189       0         0         0         0         0         
1      716       958       68390     189       0         0         0         0         0         
1      607       527       68390     189       0         0         0         0         0         
1      395       692       68390     100       0         0         0         0         0         
2      970       481       68390     290       0         0         0         0         0         
2      936       827       68390     291       0         0         0         0         0         
2      256       374       68390     87        0         0         0         0         0         
1      691       507       68391     131       0         0         0         0         0         
1      725       630       68391     290       0         0         0         0         0         
1      392       443       68391     52        0         0         0         0         0         
3      258       506       68391     87        0         0         0         0         0         
2      389       191       68392     299       0         0         0         0         0         
2      211       304       68392     266       0         0         0         0         0         
1      461       841       68392     189       0         0         0         0         0         
2      355       314       68392     119       0         0         0         0         0         
2      397       439       68392     168       0         0         0         0         0         
3      630       623       68392     189       0         0         0         0         0         
2      630       623       68392     189       0         0         0         0         0         
2      814       906       68392     290       0         0         0         0         0         
1      229       419       68392     266       0         0         0         0         0         
1      654       444       68393     189       0         0         0         0         0         
1      413       31        68393     52        0         0         0         0         0         
3      834       906       68394     290       0         0         0         0         0         
2      834       906       68394     290       0         0         0         0         0         
1      233       395       68394     206       0         0         0         0         0         
1      502       270       68394     52        0         0         0         0         0         
1      1213      1171      68394     129       0         0         0         0         0         
3      668       509       68394     280       0         0         0         0         0         
1      35        195       68395     98        0         0         0         0         0         
4      526       314       68395     52        0         0         0         0         0         
2      305       217       68396     299       0         0         0         0         0         
1      441       581       68396     168       0         0         0         0         0         
2      556       599       68396     199       0         0         0         0         0         
3      1065      1021      68397     291       0         0         0         0         0         
3      1065      1021      68397     291       0         0         0         0         0         
1      1047      904       68397     291       0         0         0         0         0         
1      702       135       68397     290       0         0         0         0         0         
1      849       846       68397     291       0         0         0         0         0         
1      759       770       68397     131       0         0         0         0         0         
1      712       1178      68397     131       0         0         0         0         0         
2      296       873       68398     277       0         0         0         0         0         
3      296       873       68398     277       0         0         0         0         0         
1      737       688       68398     189       0         0         0         0         0         
1      305       644       68398     299       0         0         0         0         0         
1      532       291       68398     199       0         0         0         0         0         
1      962       257       68398     291       0         0         0         0         0         
1      535       369       68399     189       0         0         0         0         0         
1      231       171       68399     266       0         0         0         0         0         
1      442       396       68399     168       0         0         0         0         0         
3      276       286       68399     87        0         0         0         0         0         
1      673       551       68399     189       0         0         0         0         0         
1      923       864       68399     290       0         0         0         0         0         
2      721       1053      68399     290       0         0         0         0         0         
2      772       790       68399     290       0         0         0         0         0         
1      47        287       68399     98        0         0         0         0         0         
3      772       790       68399     290       0         0         0         0         0         
