COLUMNS

passenger_count
pickup_ID
dropoff_ID
request_time_sec
pickup_time_sec
pickup_depart_sec
vehicle_ID
pickup_district
dropoff_district
position

REQUESTS_INFO
1      117       1503      29570     29708     29738     2              286            296            1              
1      325       365       30321     30435     30465     4              299            299            1              
1      325       155       30291     30405     30435     4              299            286            2              
1      436       619       30060     30122     30152     5              100            131            1              
2      781       578       30242     30361     30391     7              291            189            1              
1      781       497       30304     30391     30421     7              291            999            2              
1      116       761       30081     30169     30199     9              9              50             1              
3      690       386       30295     30348     30378     11             131            299            1              
2      596       579       30311     30487     30517     16             131            189            1              
1      485       1046      30244     30371     30401     18             189            291            1              
1      604       552       30278     30381     30411     19             189            189            1              
1      604       1208      30276     30351     30381     19             189            192            2              
3      619       347       30076     30177     30207     22             131            299            1              
1      579       31        29692     29751     29781     23             189            9              1              
1      503       289       30106     30197     30227     24             52             127            1              
3      311       728       30008     30136     30166     26             87             290            1              
1      256       483       30101     30228     30258     27             87             189            1              
1      477       480       30145     30281     30311     28             52             52             1              
1      792       826       30266     30385     30415     29             290            291            1              
1      688       578       30076     30185     30215     31             131            189            1              
1      456       327       30283     30409     30439     33             52             299            1              
1      461       527       30286     30414     30444     36             189            52             1              
1      416       267       30267     30343     30373     36             100            266            2              
1      572       198       30283     30376     30406     37             131            178            1              
3      436       230       30285     30395     30425     38             100            266            1              
1      160       849       30163     30331     30361     39             54             291            1              
1      500       345       30309     30366     30396     40             52             299            1              
2      961       294       30148     30240     30270     41             291            87             1              
1      1111      1268      30208     30341     30371     42             50             129            1              
2      1153      1023      30300     30390     30420     42             50             291            2              
1      48        129       30283     30428     30458     44             98             178            1              
1      35        314       30262     30337     30367     45             98             119            1              
1      488       874       30069     30221     30251     46             199            291            1              
1      199       392       30213     30368     30398     47             178            52             1              
3      237       408       30160     30277     30307     47             87             299            2              
1      387       579       30278     30403     30433     50             299            189            1              
1      463       571       30302     30437     30467     54             168            52             1              
1      410       435       30275     30390     30420     56             52             52             1              
1      473       233       30318     30406     30436     59             52             206            1              
1      731       580       30074     30154     30184     63             131            189            1              
1      760       649       30299     30394     30424     63             291            189            2              
1      621       733       30187     30273     30303     64             280            131            1              
1      330       312       30215     30364     30394     66             127            87             1              
1      395       743       30084     30124     30154     67             100            290            1              
1      396       858       30124     30269     30299     67             119            290            2              
1      191       271       30156     30292     30322     70             266            127            1              
3      229       601       30245     30396     30426     70             266            189            2              
1      253       556       30091     30159     30189     72             206            199            1              
1      947       883       30252     30368     30398     75             290            290            1              
1      947       743       30305     30398     30428     75             290            290            2              
1      967       827       30194     30298     30328     75             50             291            3              
1      535       527       30317     30378     30408     78             189            52             1              
1      558       505       30275     30336     30366     78             189            52             2              
1      1131      839       30093     30241     30271     79             291            290            1              
1      769       669       30190     30349     30379     80             290            280            1              
1      499       862       29968     30060     30090     83             52             290            1              
1      817       973       30089     30180     30210     91             290            84             1              
2      805       969       30172     30238     30268     93             291            290            1              
4      457       393       30261     30372     30402     94             52             52             1              
1      630       442       30121     30241     30271     95             189            168            1              
1      356       415       30272     30451     30481     96             119            100            1              
1      824       579       30108     30211     30241     97             291            189            1              
1      871       141       30192     30284     30314     97             291            54             2              
1      1010      905       30310     30432     30462     101            290            290            1              
1      992       700       30185     30331     30361     101            290            290            2              
3      1182      1057      30310     30484     30514     104            84             84             1              
1      1338      984       30180     30417     30447     105            129            291            3              
3      1182      1057      30310     30484     30514     106            84             84             1              
2      458       10        30328     30484     30514     108            52             98             1              
1      981       1188      30124     30242     30272     110            291            192            1              
1      937       1267      30070     30178     30208     110            291            129            2              
1      333       220       30152     30272     30302     112            119            87             1              
2      197       557       30280     30413     30443     113            178            189            1              
1      163       277       30218     30359     30389     117            178            87             1              
1      218       372       30308     30489     30519     117            87             119            2              
1      306       555       30160     30278     30308     119            299            199            1              
2      488       1626      30290     30424     30454     120            199            296            1              
1      220       556       30077     30171     30201     125            87             199            1              
1      419       557       30272     30390     30420     127            168            189            1              
1      306       526       30318     30403     30433     130            299            52             1              
3      995       969       30259     30392     30422     134            84             290            1              
1      929       558       30201     30294     30324     134            290            189            2              
1      251       671       30081     30198     30228     135            127            280            1              
1      990       783       30195     30288     30318     137            290            50             1              
1      119       437       29888     29986     30016     140            286            100            1              
1      118       462       30016     30071     30101     140            286            189            2              
1      307       1244      30270     30410     30440     140            127            192            3              
2      330       648       29946     30134     30164     144            127            189            1              
1      372       676       30305     30391     30421     144            119            189            2              
1      368       288       30102     30274     30304     145            299            127            1              
3      328       456       30257     30382     30412     145            299            52             2              
1      701       721       30239     30297     30327     146            290            290            1              
1      701       719       30156     30267     30297     146            290            189            2              
1      104       715       30136     30262     30292     149            287            131            1              
2      46        253       29844     29969     29999     150            98             206            1              
1      735       431       30289     30354     30384     152            131            52             1              
2      885       395       30314     30385     30415     153            290            100            1              
1      896       813       30151     30291     30321     155            291            290            1              
1      886       230       30135     30266     30296     157            290            266            3              
1      927       914       30197     30284     30314     158            290            291            1              
3      436       230       30285     30399     30429     160            100            266            1              
3      1005      621       30063     30157     30187     164            50             280            1              
1      811       1218      30145     30269     30299     169            290            84             1              
2      118       722       29926     30044     30074     170            286            290            1              
2      355       756       29999     30041     30071     177            119            131            1              
1      550       782       30112     30204     30234     178            189            291            1              
1      558       645       30312     30414     30444     178            189            280            2              
1      441       628       30195     30291     30321     180            168            189            1              
1      458       654       29946     30071     30101     181            52             189            1              
1      374       788       30047     30200     30230     183            119            290            1              
1      417       778       30156     30291     30321     183            100            131            2              
1      481       436       30276     30334     30364     184            189            100            1              
1      505       615       30315     30388     30418     184            52             131            2              
1      1370      1225      30087     30320     30350     185            129            192            1              
1      1401      1225      30187     30407     30437     185            129            192            2              
2      1370      1014      30200     30350     30380     185            129            84             3              
3      478       48        30060     30181     30211     189            52             98             1              
1      847       11        30266     30365     30395     191            291            999            1              
1      817       557       30136     30283     30313     194            290            189            1              
2      815       170       30094     30231     30261     194            290            286            2              
1      488       412       30204     30284     30314     196            199            52             1              
1      772       605       30241     30352     30382     203            290            189            1              
1      309       754       29947     30043     30073     206            127            999            1              
1      99        600       30113     30183     30213     209            286            280            1              
1      371       266       30308     30479     30509     211            52             266            1              
1      250       458       30321     30421     30451     212            127            52             1              
1      770       527       30154     30271     30301     213            290            52             1              
1      1372      580       29788     29858     29888     214            129            189            1              
1      836       256       30314     30407     30437     214            290            87             2              
3      624       981       30174     30272     30302     215            189            291            1              
1      883       653       30099     30222     30252     216            290            189            1              
2      860       232       30194     30297     30327     216            290            266            2              
1      641       116       29967     30037     30067     219            131            9              1              
1      662       79        29890     29951     29981     219            131            98             2              
1      395       376       30281     30387     30417     221            100            168            1              
1      1244      750       30038     30117     30147     231            192            999            1              
2      158       328       30327     30463     30493     232            174            299            1              
2      713       188       30252     30371     30401     234            131            286            1              
1      874       790       30237     30338     30368     241            291            290            1              
1      871       550       30309     30415     30445     241            291            189            2              
1      1432      803       30189     30283     30313     246            129            291            1              
2      1431      497       30076     30214     30244     246            129            999            2              
1      702       995       30300     30425     30455     247            290            84             1              
1      1022      1150      30103     30175     30205     248            291            291            1              
3      781       578       30242     30390     30420     259            291            189            1              
1      736       554       30155     30280     30310     259            131            189            2              
2      937       1530      30111     30195     30225     262            291            296            1              
2      698       833       30153     30269     30299     263            189            50             1              
1      925       473       29934     30032     30062     264            290            52             1              
1      119       338       30083     30197     30227     265            286            277            1              
2      465       526       30263     30366     30396     268            199            52             1              
1      783       550       30207     30286     30316     270            50             189            1              
1      1048      973       30245     30389     30419     271            291            84             2              
2      858       816       30160     30302     30332     273            290            290            1              
1      858       724       30257     30332     30362     273            290            290            2              
1      834       923       30303     30418     30448     273            290            290            3              
1      485       555       30242     30360     30390     274            189            199            2              
2      927       717       30221     30367     30397     275            290            189            1              
1      927       416       30320     30397     30427     275            290            100            2              
1      365       573       30292     30371     30401     278            299            189            1              
2      778       62        30125     30264     30294     279            131            98             1              
1      731       619       30275     30374     30404     281            131            131            1              
1      664       579       30251     30300     30330     281            131            189            2              
3      180       393       30184     30421     30451     282            178            52             1              
1      125       410       30155     30314     30344     282            54             52             2              
3      532       1149      30075     30145     30175     286            199            291            1              
1      743       885       30107     30232     30262     291            290            290            1              
1      791       1032      30263     30363     30393     291            290            84             2              
1      766       1032      30191     30276     30306     291            290            84             3              
2      1208      1370      30196     30317     30347     295            192            129            1              
1      292       527       30080     30146     30176     297            87             52             1              
1      653       597       30281     30364     30394     298            189            131            1              
1      782       408       30311     30435     30465     300            291            299            1              
2      296       234       30251     30375     30405     301            277            87             3              
1      652       711       30035     30141     30171     302            189            131            1              
2      621       621       30305     30401     30431     302            280            280            2              
1      929       722       30020     30105     30135     303            290            290            1              
3      995       969       30259     30330     30360     306            84             290            1              
1      1059      1114      30192     30458     30488     306            84             50             2              
1      1402      522       30283     30459     30489     308            129            52             1              
1      607       720       30126     30261     30291     309            189            290            1              
1      630       687       30227     30314     30344     309            189            131            2              
1      605       452       30288     30372     30402     309            189            52             3              
1      338       1267      29871     30034     30064     310            277            129            1              
1      723       646       30099     30206     30236     311            290            280            1              
2      1417      675       30198     30401     30431     313            129            189            1              
1      1417      136       30164     30371     30401     313            129            286            2              
1      452       606       30189     30271     30301     314            52             189            1              
1      354       280       30037     30151     30181     316            119            277            1              
1      390       258       30240     30437     30467     317            52             87             1              
1      795       895       30216     30302     30332     319            290            291            1              
1      794       497       30296     30347     30377     319            290            999            2              
1      652       621       30206     30313     30343     322            189            280            1              
3      46        289       30311     30447     30477     325            98             127            1              
1      63        508       30274     30357     30387     325            98             199            2              
2      1637      1001      30185     30467     30497     326            296            291            1              
1      827       718       30283     30380     30410     327            291            189            1              
1      827       558       30186     30288     30318     327            291            189            2              
1      804       488       30246     30334     30364     327            291            199            3              
1      1011      1121      30325     30408     30438     329            84             84             1              
1      1000      836       30086     30144     30174     330            291            290            1              
1      370       202       30276     30401     30431     332            52             87             3              
1      699       573       30229     30330     30360     333            290            189            1              
1      761       116       30167     30235     30265     334            50             9              1              
2      690       386       30295     30381     30411     335            131            299            1              
1      512       508       30276     30400     30430     337            199            199            1              
1      532       252       30234     30315     30345     337            199            206            2              
2      846       715       30189     30371     30401     339            291            131            1              
1      1556      497       30063     30206     30236     344            296            999            1              
1      576       47        30329     30410     30440     346            189            98             1              
1      314       621       30282     30440     30470     352            119            280            1              
3      757       710       30265     30325     30355     357            131            131            1              
1      354       530       30154     30369     30399     359            119            189            1              
1      333       624       30198     30306     30336     359            119            189            2              
1      872       349       29900     29996     30026     362            291            127            1              
2      1065      929       30295     30360     30390     363            291            290            1              
1      1087      1116      30194     30316     30346     363            291            84             2              
1      527       20        30125     30180     30210     366            52             98             1              
1      742       858       30283     30392     30422     367            290            290            1              
1      1142      927       30284     30456     30486     370            84             290            1              
1      905       928       30305     30406     30436     378            290            290            1              
1      861       1079      30216     30345     30375     378            290            84             2              
1      836       1218      30198     30243     30273     380            290            84             1              
1      984       1044      30273     30451     30481     387            291            291            1              
1      884       892       30229     30303     30333     394            290            291            1              
1      258       624       30034     30173     30203     400            87             189            1              
3      924       695       30278     30391     30421     402            290            189            1              
1      621       31        30103     30157     30187     403            280            9              1              
1      873       79        30064     30150     30180     407            291            98             1              
1      46        289       30205     30269     30299     408            98             127            1              
1      62        527       30226     30340     30370     408            98             52             2              
1      1001      597       30307     30396     30426     414            291            131            3              
1      478       715       30215     30298     30328     415            52             131            1              
2      527       278       30051     30093     30123     420            52             87             1              
1      629       526       30208     30304     30334     421            189            52             1              
3      969       497       30235     30317     30347     422            290            999            1              
1      653       884       30289     30362     30392     423            189            290            1              
1      115       462       30307     30408     30438     427            9              189            1              
1      578       697       30275     30330     30360     431            189            189            1              
1      599       627       30309     30401     30431     431            280            189            2              
1      864       1032      30066     30165     30195     433            290            84             1              
1      794       962       30123     30282     30312     433            290            291            2              
3      229       601       30245     30393     30423     434            266            189            1              
3      981       732       30069     30189     30219     436            291            131            1              
1      484       1140      29975     30104     30134     439            189            84             1              
1      725       1102      30324     30442     30472     439            290            84             2              
1      817       836       30238     30317     30347     440            290            290            1              
2      817       949       30141     30287     30317     440            290            290            2              
1      841       535       30283     30389     30419     440            290            189            3              
2      676       756       30089     30153     30183     442            189            131            1              
1      626       550       30278     30386     30416     442            189            189            2              
2      925       744       30308     30426     30456     443            290            290            1              
1      310       929       30162     30220     30250     444            127            290            1              
1      646       556       30294     30402     30432     445            280            199            1              
1      695       523       30197     30318     30348     445            189            52             2              
1      726       794       30320     30380     30410     446            290            290            1              
1      726       551       30188     30350     30380     446            290            189            2              
1      916       350       30132     30240     30270     451            291            127            1              
1      1140      1218      30241     30446     30476     456            84             84             1              
1      1140      1175      30321     30476     30506     456            84             129            2              
3      605       580       30261     30372     30402     459            189            189            1              
1      513       884       30225     30270     30300     459            199            290            2              
1      235       389       30000     30060     30090     467            87             299            1              
1      217       430       30031     30138     30168     467            87             52             2              
3      532       1149      30075     30135     30165     470            199            291            1              
1      280       310       30282     30428     30458     472            277            127            1              
3      892       990       30198     30290     30320     474            291            290            1              
1      134       720       30264     30304     30334     475            9              290            1              
3      390       155       30068     30170     30200     477            52             286            1              
1      904       828       30198     30291     30321     478            290            291            1              
1      233       172       30105     30222     30252     480            206            286            1              
3      180       393       30184     30390     30420     480            178            52             2              
1      349       526       30145     30284     30314     481            127            52             1              
1      1196      1003      30313     30541     30571     482            129            291            1              
1      195       527       29826     29954     29984     483            207            52             1              
1      352       865       30168     30210     30240     485            119            290            1              
1      329       285       30187     30300     30330     486            127            299            1              
2      328       456       30257     30365     30395     486            299            52             2              
3      926       811       30318     30376     30406     488            290            290            1              
1      926       915       30298     30346     30376     488            290            291            2              
3      715       529       30211     30354     30384     489            131            189            1              
1      194       248       30275     30395     30425     491            207            266            1              
1      247       328       30264     30383     30413     492            266            299            1              
1      925       1021      30230     30338     30368     498            290            291            1              
2      703       526       30303     30406     30436     503            290            52             1              
1      748       324       30258     30348     30378     503            290            299            2              
3      630       266       30322     30383     30413     504            189            266            1              
2      1031      1066      30310     30458     30488     506            50             291            1              
1      1031      960       30278     30428     30458     506            50             291            2              
1      504       32        30061     30207     30237     508            52             98             1              
2      315       526       30293     30423     30453     515            277            52             1              
1      485       530       30267     30384     30414     516            189            189            1              
2      668       528       30319     30391     30421     517            280            52             1              
1      631       737       30066     30209     30239     522            189            189            1              
2      1066      749       30244     30404     30434     524            291            290            3              
3      780       1529      30262     30374     30404     526            291            296            1              
1      255       696       29945     30093     30123     528            87             189            1              
1      395       504       30203     30242     30272     529            100            52             1              
1      716       527       30193     30303     30333     530            189            52             1              
1      461       556       30116     30235     30265     532            189            199            1              
1      415       993       30018     30138     30168     532            100            84             2              
2      961       520       29958     30126     30156     534            291            52             1              
1      512       10        30288     30414     30444     535            199            98             1              
1      1001      902       30096     30239     30269     536            291            50             1              
1      526       645       30281     30383     30413     537            52             280            1              
1      1088      368       30042     30132     30162     540            291            299            1              
1      81        694       30154     30236     30266     541            98             189            1              
4      738       527       30311     30410     30440     547            189            52             1              
3      925       744       30308     30443     30473     553            290            290            1              
1      749       194       30223     30336     30366     557            290            207            1              
2      680       11        30308     30432     30462     557            290            999            2              
1      791       884       30110     30196     30226     562            290            290            1              
1      904       674       30074     30169     30199     563            290            189            1              
1      925       650       30272     30383     30413     563            290            189            2              
1      712       570       30294     30399     30429     565            131            52             1              
3      624       981       30174     30267     30297     566            189            291            1              
2      629       608       30303     30373     30403     568            189            189            1              
2      629       527       30187     30343     30373     568            189            52             2              
1      333       983       30003     30141     30171     569            119            291            1              
1      861       551       30078     30192     30222     570            290            189            1              
1      968       983       30240     30327     30357     572            290            291            1              
2      924       695       30278     30400     30430     572            290            189            2              
1      1168      140       30164     30267     30297     576            291            54             1              
1      1475      1108      30225     30374     30404     578            296            291            1              
1      1475      782       30250     30404     30434     578            296            291            2              
3      927       717       30221     30334     30364     579            290            189            1              
1      927       210       30295     30364     30394     579            290            266            2              
2      838       451       30212     30326     30356     582            290            999            1              
1      839       123       30255     30381     30411     582            290            54             2              
1      888       723       30296     30372     30402     583            290            290            1              
2      888       744       30256     30342     30372     583            290            290            2              
1      398       499       30283     30374     30404     585            168            52             1              
1      864       675       30052     30130     30160     586            290            189            1              
1      818       621       30058     30193     30223     586            290            280            2              
1      842       287       30170     30260     30290     586            290            299            3              
1      1187      527       30265     30341     30371     587            291            52             1              
1      1036      466       30152     30260     30290     593            84             199            1              
1      1055      551       30236     30353     30383     593            84             189            2              
1      580       608       30302     30411     30441     594            189            189            1              
1      885       527       30104     30209     30239     595            290            52             1              
2      969       497       30235     30333     30363     595            290            999            2              
1      760       858       30163     30244     30274     597            291            290            1              
1      717       861       30213     30332     30362     597            189            290            2              
1      737       748       30319     30405     30435     597            189            290            3              
1      435       694       30180     30314     30344     599            52             189            1              
1      915       892       30297     30372     30402     602            291            291            1              
1      937       615       30214     30296     30326     602            291            131            2              
2      915       171       30263     30342     30372     602            291            286            3              
1      813       904       30123     30268     30298     605            290            290            1              
1      813       527       30183     30298     30328     605            290            52             2              
1      355       409       30266     30391     30421     607            119            52             1              
1      793       732       29897     30038     30068     608            290            131            1              
1      534       628       30322     30404     30434     609            199            189            1              
1      959       558       30288     30414     30444     611            291            189            1              
1      482       619       30188     30303     30333     612            189            131            1              
1      479       737       30286     30444     30474     612            52             189            2              
2      1140      938       30080     30158     30188     615            84             291            1              
1      1131      735       30040     30190     30220     616            291            131            1              
1      1153      622       30175     30269     30299     616            50             280            2              
2      859       727       30316     30439     30469     617            290            290            1              
1      767       814       30185     30350     30380     619            290            290            1              
1      744       923       30231     30302     30332     619            290            290            2              
1      744       923       30205     30272     30302     619            290            290            3              
1      835       884       30319     30423     30453     619            290            290            4              
1      909       189       30158     30260     30290     623            290            286            1              
1      296       813       29743     29930     29960     624            277            290            1              
1      771       580       30315     30395     30425     624            290            189            2              
1      771       557       30241     30365     30395     624            290            189            3              
4      841       738       30238     30399     30429     626            290            189            1              
3      716       1089      30280     30412     30442     627            189            291            1              
2      1004      557       30193     30301     30331     630            291            189            1              
1      1003      232       30066     30212     30242     630            291            266            2              
2      757       480       30198     30296     30326     633            131            52             1              
1      456       552       30315     30418     30448     637            52             189            1              
1      926       993       30276     30336     30366     638            290            84             1              
3      885       395       30314     30396     30426     638            290            100            2              
2      1087      419       30153     30234     30264     639            291            168            1              
2      335       906       29910     30050     30080     640            119            290            1              
1      910       870       30236     30343     30373     645            290            291            1              
1      607       531       30261     30362     30392     648            189            189            1              
1      663       119       30142     30201     30231     651            131            286            1              
3      827       269       30112     30214     30244     655            291            127            1              
1      355       504       30327     30458     30488     657            119            52             1              
1      771       742       30029     30205     30235     658            290            290            1              
2      791       1031      30169     30295     30325     659            290            50             1              
3      815       332       30201     30317     30347     661            290            87             1              
2      554       906       30169     30244     30274     663            189            290            1              
1      790       352       30113     30189     30219     666            290            119            1              
1      793       992       29916     30063     30093     667            290            290            1              
4      621       876       30311     30399     30429     673            280            50             1              
1      1068      1264      30209     30376     30406     674            291            192            1              
1      665       715       30175     30277     30307     676            131            131            1              
1      841       527       29975     30078     30108     678            290            52             1              
1      767       481       30278     30367     30397     683            290            189            1              
1      876       905       30051     30163     30193     685            50             290            1              
1      963       925       30221     30306     30336     685            50             290            2              
2      1002      628       30278     30384     30414     685            291            189            3              
2      655       922       30271     30361     30391     686            189            50             1              
3      630       266       30322     30367     30397     688            189            266            1              
3      937       1530      30111     30191     30221     691            291            296            1              
1      873       936       30303     30391     30421     693            291            291            1              
2      850       580       30267     30331     30361     693            291            189            2              
1      1001      153       30209     30293     30323     697            291            286            1              
1      1153      1268      30243     30344     30374     698            50             129            1              
3      1153      1023      30300     30374     30404     698            50             291            2              
1      888       580       30060     30176     30206     701            290            189            1              
3      715       529       30211     30360     30390     704            131            189            3              
2      1065      749       29940     30072     30102     705            291            290            1              
3      848       745       30309     30437     30467     707            291            290            1              
3      304       351       30302     30427     30457     712            299            52             1              
3      793       925       30236     30355     30385     716            290            290            1              
3      1225      1025      30306     30398     30428     717            192            291            1              
1      416       195       30236     30342     30372     719            100            207            1              
3      458       10        30328     30464     30494     719            52             98             2              
1      646       579       30285     30403     30433     726            280            189            1              
1      663       675       30242     30346     30376     729            131            189            1              
1      666       671       30302     30451     30481     729            131            280            2              
1      646       9         30189     30319     30349     732            280            98             1              
2      1069      828       30188     30381     30411     734            291            291            1              
1      838       748       30098     30251     30281     735            290            290            1              
1      813       771       30239     30334     30364     735            290            290            2              
1      1170      1268      30164     30286     30316     737            291            129            1              
1      1148      91        30258     30360     30390     737            291            178            2              
1      717       1244      30165     30243     30273     739            189            192            1              
1      440       10        30163     30290     30320     740            168            98             1              
3      716       1089      30280     30440     30470     742            189            291            1              
1      312       555       30017     30152     30182     743            87             199            1              
1      314       534       30137     30234     30264     743            119            199            2              
1      914       1066      30295     30355     30385     744            291            291            1              
2      980       850       30329     30434     30464     744            291            291            2              
3      217       560       30039     30143     30173     746            87             189            1              
1      355       235       30219     30362     30392     751            119            87             1              
1      597       238       30062     30182     30212     755            131            87             1              
1      1180      815       30195     30303     30333     756            84             290            1              
3      488       350       30216     30309     30339     758            199            127            1              
1      700       769       30203     30312     30342     759            290            290            1              
1      724       487       30298     30374     30404     759            290            199            2              
1      893       768       30197     30264     30294     764            291            290            1              
1      1544      1218      30115     30271     30301     767            296            84             3              
1      1475      1101      30224     30373     30403     767            296            84             4              
1      527       482       30268     30300     30330     768            52             189            1              
1      526       373       30311     30404     30434     768            52             119            2              
1      526       277       30291     30374     30404     768            52             87             3              
1      327       285       30213     30341     30371     769            299            299            1              
1      327       310       30241     30371     30401     769            299            127            2              
1      628       212       30288     30372     30402     770            189            266            1              
2      349       721       30202     30309     30339     772            127            290            1              
1      328       745       30096     30227     30257     772            299            290            2              
1      886       836       30214     30287     30317     773            290            290            1              
1      841       652       30249     30379     30409     773            290            189            2              
1      1023      1208      30283     30395     30425     775            291            192            1              
1      1023      1227      30264     30365     30395     775            291            192            2              
2      145       838       30102     30253     30283     776            178            290            1              
3      1319      865       30079     30241     30271     778            129            290            1              
2      1225      1025      30306     30378     30408     779            192            291            2              
1      621       697       30272     30363     30393     786            280            189            1              
1      348       698       29863     29993     30023     787            299            189            1              
2      457       388       30170     30327     30357     794            52             299            1              
2      328       556       29922     29985     30015     795            299            199            1              
1      374       654       30068     30219     30249     795            119            189            2              
1      391       579       30212     30387     30417     797            52             189            1              
1      710       549       30315     30398     30428     798            131            52             1              
