COLUMNS

passenger_count
pickup_ID
dropoff_ID
request_time_sec
pickup_district
dropoff_district
LDuals
IDuals
vehicle_ID
pick_position
drop_position

REQUESTS_INFO
1      1267      984       31277     129       291       172       172       7         1         3         
2      948       745       31203     290       290       332       332       8         1         3         
2      948       529       31228     290       189       387       387       8         2         4         
3      218       557       31244     87        189       248       248       21        1         2         
1      874       580       31273     291       189       174       174       25        1         3         
3      805       937       31241     291       291       264       264       35        1         2         
1      308       287       31257     127       299       164       164       38        1         2         
2      818       632       31275     290       189       319       319       44        1         3         
1      818       652       31288     290       189       230       230       44        2         4         
1      874       674       31239     291       189       208       208       51        1         2         
4      817       46        31115     290       98        499       499       61        1         2         
1      604       721       31277     189       290       139       139       64        1         3         
2      803       948       31220     291       290       263.333   263.333   66        1         2         
1      841       839       31233     290       290       410       410       72        1         2         
1      1245      664       31269     192       131       213       213       75        1         3         
2      887       527       31084     290       52        533       533       77        1         3         
1      892       526       31253     291       52        258       258       81        1         4         
3      874       873       31245     291       291       236       236       81        2         3         
1      296       409       31276     277       52        198       198       90        1         3         
2      1012      597       31273     84        131       353       353       92        1         2         
4      163       289       31233     178       127       227       227       98        1         2         
1      535       608       31265     189       189       175       175       106       1         3         
1      298       397       31235     277       168       208       208       109       1         2         
2      485       437       31214     189       100       217       217       113       1         2         
2      1074      909       31211     84        290       419       419       125       1         2         
1      643       575       31222     131       189       217       217       132       1         2         
1      802       1010      31208     291       290       260.667   260.667   151       1         4         
3      914       859       31177     291       290       353       353       151       2         3         
1      350       1022      31240     127       291       196       196       158       1         3         
1      1067      1218      31241     291       84        275       275       165       1         4         
1      1032      1115      31227     84        84        396       396       165       2         3         
3      936       438       31216     291       100       307       307       169       1         2         
1      951       849       31259     290       291       349       349       178       1         3         
1      314       351       31277     119       52        187       187       185       1         2         
1      549       532       31260     52        199       99        99        188       1         3         
2      199       81        31243     178       98        219       219       192       1         3         
1      913       1211      31284     291       129       183       183       194       1         3         
1      1593      1164      31234     296       84        200       200       198       1         2         
1      793       574       31226     290       189       367       367       199       1         2         
2      198       557       31206     178       189       228       228       211       1         2         
1      1090      533       31279     291       199       331       331       217       1         2         
3      818       632       31275     290       189       367       367       222       1         2         
3      742       1604      31270     290       296       249       249       232       1         2         
1      698       620       31289     189       131       183       183       236       1         3         
2      983       527       31080     291       52        439       439       244       1         4         
2      939       870       31172     291       291       375       375       244       2         3         
1      929       1117      31123     290       84        475       475       263       1         3         
2      1087      905       31283     291       290       259       259       264       1         3         
1      811       968       31239     290       290       300       300       276       1         3         
1      905       725       31261     290       290       258       258       277       1         4         
3      926       923       31223     290       290       405       405       277       2         3         
3      314       267       31247     119       266       217       217       284       1         2         
1      1000      896       31198     291       291       321       321       285       1         2         
3      874       873       31245     291       291       269       269       292       1         3         
1      870       913       31261     291       291       261       261       292       2         4         
1      605       816       31265     189       290       202       202       293       1         2         
1      927       925       31247     290       290       328       328       296       1         4         
1      791       992       31252     290       290       208       208       302       1         4         
1      906       276       31235     290       87        326       326       303       1         4         
1      689       827       31260     131       291       186       186       306       1         2         
1      1131      1264      31229     291       192       302       302       307       1         3         
4      1142      905       31222     84        290       369       369       311       1         2         
1      61        526       31282     98        52        123       123       350       1         2         
1      909       36        31215     290       98        383       383       351       1         3         
3      1273      1305      31056     84        129       493       493       362       1         2         
2      949       923       31170     290       290       417       417       377       1         2         
1      1149      958       31231     291       291       197       197       379       1         3         
3      1012      597       31273     84        131       353       353       380       1         3         
4      582       373       31223     189       119       233       233       387       1         2         
3      795       527       31258     290       52        357       357       391       1         2         
2      842       881       31215     290       290       438       438       393       1         2         
2      971       1161      31211     290       84        356       356       396       1         2         
1      702       392       31272     290       52        239       239       402       1         3         
1      715       579       31228     131       189       270       270       410       1         4         
1      715       666       31263     131       131       225       225       410       2         3         
1      700       1056      31206     290       84        306       306       414       1         4         
1      700       728       31242     290       290       270       270       414       2         3         
3      926       923       31223     290       290       405       405       416       1         2         
3      837       904       31096     290       290       486       486       422       1         2         
2      136       304       31282     286       299       129       129       444       1         2         
2      314       267       31247     119       266       217       217       445       1         3         
1      950       482       31203     290       189       375       375       450       1         3         
1      836       815       31220     290       290       312       312       451       1         3         
2      836       620       31273     290       131       159       159       451       2         5         
1      759       960       31155     131       291       338.333   338.333   454       1         3         
1      654       313       31119     189       87        395       395       456       1         2         
1      767       849       31249     290       291       196       196       471       1         4         
1      312       981       31242     87        291       170       170       473       1         2         
1      838       949       31265     290       290       323       323       479       1         4         
3      818       882       31285     290       290       357       357       479       2         3         
2      818       882       31285     290       290       357       357       482       1         2         
1      847       556       31144     291       199       354       354       484       1         2         
1      782       873       31272     291       291       215       215       488       1         2         
1      630       369       31278     189       52        116       116       491       1         3         
2      254       838       31254     87        290       154       154       495       1         3         
3      1087      1107      31273     291       291       204       204       499       1         2         
1      237       505       31262     87        52        176       176       503       1         4         
3      969       925       31198     290       290       370       370       504       1         3         
3      948       529       31228     290       189       387       387       510       1         3         
1      367       294       31245     299       87        161       161       517       1         3         
3      949       923       31170     290       290       441       441       521       1         2         
1      666       376       31280     131       168       131       131       524       1         4         
4      841       652       31080     290       189       563       563       525       1         2         
1      1044      226       31196     291       266       318       318       526       1         3         
1      674       991       31262     189       290       184       184       531       1         3         
1      352       143       31186     119       54        248       248       551       1         2         
1      370       695       31273     52        189       143       143       578       1         3         
1      1137      1097      31270     84        84        273       273       580       1         3         
3      1055      1034      31051     84        84        552       552       580       2         4         
3      1087      747       31087     291       290       457       457       581       1         2         
1      535       551       31216     189       189       237       237       594       1         2         
2      465       551       31281     199       189       158       158       598       1         2         
1      860       949       31268     290       290       315       315       602       1         2         
1      959       760       31281     291       291       234       234       606       1         3         
3      794       881       31226     290       290       382       382       607       1         2         
1      1011      134       31201     84        9         256       256       630       1         3         
2      694       439       31282     189       189       208       208       642       1         2         
3      889       351       31085     290       52        542       542       654       1         3         
4      874       557       31210     291       189       304       304       661       1         2         
1      1000      904       31179     291       290       321       321       680       1         2         
2      1475      1087      31213     296       291       211       211       686       1         2         
1      1106      190       31266     291       286       245       245       688       1         4         
1      1089      1186      31274     291       291       252       252       688       2         3         
1      1089      1172      31116     291       129       425       425       690       1         3         
3      1069      923       31110     291       290       474       474       692       1         3         
1      1069      1218      31193     291       84        388       388       692       2         4         
2      850       692       31266     291       280       234       234       693       1         2         
1      738       710       31267     189       131       171       171       697       1         2         
1      771       974       31289     290       84        220       220       705       1         3         
1      1066      1066      31184     291       291       0         0         712       1         2         
2      1068      289       31117     291       127       466       466       721       1         2         
3      971       748       31030     290       290       585       585       737       1         3         
1      951       1592      31219     290       296       341       341       737       2         4         
3      894       871       31198     291       291       299       299       738       1         2         
1      958       1517      31179     291       296       323       323       739       1         3         
3      897       715       31273     291       131       294       294       755       1         2         
1      984       678       31276     291       290       230       230       788       1         3         
1      621       671       31276     280       280       108       108       799       1         2         
1      116       45        31290     9         98        0         0         0         0         0         
1      665       779       31290     131       131       0         0         0         0         0         
1      602       718       31290     189       189       0         0         0         0         0         
1      864       1010      31291     290       290       0         0         0         0         0         
2      444       529       31292     168       189       0         0         0         0         0         
1      549       1271      31293     52        129       0         0         0         0         0         
2      947       652       31294     290       189       0         0         0         0         0         
1      630       693       31294     189       280       0         0         0         0         0         
2      881       1010      31294     290       290       0         0         0         0         0         
1      488       556       31295     199       199       0         0         0         0         0         
1      291       285       31295     87        299       0         0         0         0         0         
2      756       766       31296     131       290       0         0         0         0         0         
1      532       464       31297     199       168       0         0         0         0         0         
1      477       31        31297     52        9         0         0         0         0         0         
1      1002      913       31297     291       291       0         0         0         0         0         
1      551       417       31297     189       100       0         0         0         0         0         
1      865       557       31298     290       189       0         0         0         0         0         
1      628       527       31298     189       52        0         0         0         0         0         
3      410       526       31299     52        52        0         0         0         0         0         
2      410       526       31299     52        52        0         0         0         0         0         
3      906       272       31299     290       127       0         0         0         0         0         
2      906       272       31299     290       127       0         0         0         0         0         
1      802       946       31300     291       290       0         0         0         0         0         
1      276       458       31301     87        52        0         0         0         0         0         
3      374       693       31302     119       280       0         0         0         0         0         
4      604       760       31302     189       291       0         0         0         0         0         
1      733       557       31302     131       189       0         0         0         0         0         
2      817       645       31302     290       280       0         0         0         0         0         
1      629       479       31302     189       52        0         0         0         0         0         
1      529       421       31303     189       168       0         0         0         0         0         
1      1132      782       31303     291       291       0         0         0         0         0         
1      772       995       31303     290       84        0         0         0         0         0         
1      573       506       31303     189       189       0         0         0         0         0         
4      530       623       31304     189       280       0         0         0         0         0         
1      375       504       31305     119       52        0         0         0         0         0         
1      1130      1421      31305     291       129       0         0         0         0         0         
1      325       526       31305     299       52        0         0         0         0         0         
1      1119      973       31305     84        84        0         0         0         0         0         
1      286       31        31305     299       9         0         0         0         0         0         
1      1475      1087      31306     296       291       0         0         0         0         0         
3      633       841       31307     189       290       0         0         0         0         0         
1      805       766       31307     291       290       0         0         0         0         0         
1      350       356       31307     127       119       0         0         0         0         0         
1      1023      1415      31307     291       129       0         0         0         0         0         
1      553       510       31307     189       199       0         0         0         0         0         
1      971       229       31309     290       266       0         0         0         0         0         
2      696       533       31309     189       199       0         0         0         0         0         
3      696       533       31309     189       199       0         0         0         0         0         
2      915       710       31310     291       131       0         0         0         0         0         
1      676       434       31310     189       52        0         0         0         0         0         
1      760       527       31310     291       52        0         0         0         0         0         
1      605       527       31311     189       52        0         0         0         0         0         
1      772       861       31311     290       290       0         0         0         0         0         
1      237       882       31312     87        290       0         0         0         0         0         
1      940       394       31312     291       100       0         0         0         0         0         
1      772       881       31313     290       290       0         0         0         0         0         
2      813       905       31314     290       290       0         0         0         0         0         
1      887       924       31314     290       290       0         0         0         0         0         
1      723       970       31314     290       290       0         0         0         0         0         
1      607       580       31314     189       189       0         0         0         0         0         
1      801       621       31315     291       280       0         0         0         0         0         
1      906       720       31316     290       290       0         0         0         0         0         
1      909       678       31317     290       290       0         0         0         0         0         
1      605       460       31317     189       189       0         0         0         0         0         
1      663       623       31318     131       280       0         0         0         0         0         
1      768       926       31318     290       290       0         0         0         0         0         
2      731       461       31318     131       189       0         0         0         0         0         
1      1036      813       31319     84        290       0         0         0         0         0         
1      1141      1053      31319     84        84        0         0         0         0         0         
