COLUMNS

passenger_count
pickup_ID
dropoff_ID
request_time_sec
pickup_district
dropoff_district

REQUESTS_INFO
1      813       813       47190     290       290       
1      162       414       47190     178       100       
3      371       771       47191     52        290       
3      371       771       47191     52        290       
1      864       768       47191     290       290       
3      795       948       47192     290       290       
1      699       509       47192     290       199       
3      696       723       47192     189       290       
3      909       1218      47192     290       84        
2      948       476       47192     290       52        
1      294       251       47192     87        127       
1      1251      1172      47192     129       129       
3      909       1218      47192     290       84        
4      859       718       47192     290       189       
3      651       352       47193     189       119       
1      724       701       47193     290       290       
3      651       352       47193     189       119       
1      48        413       47194     98        52        
1      214       599       47194     207       280       
1      698       1387      47194     189       129       
1      510       936       47194     199       291       
1      862       746       47194     290       290       
1      672       645       47195     189       280       
2      389       412       47195     299       52        
1      279       199       47195     87        178       
1      310       348       47195     127       299       
1      507       597       47195     189       131       
1      351       498       47196     52        52        
1      850       1186      47196     291       291       
3      1109      1068      47196     291       291       
1      549       616       47196     52        131       
3      418       884       47196     168       290       
3      418       884       47196     168       290       
3      217       557       47197     87        189       
3      336       560       47198     277       189       
1      850       438       47198     291       100       
1      897       386       47198     291       299       
1      905       1011      47198     290       84        
3      874       912       47198     291       291       
3      336       560       47198     277       189       
1      434       668       47199     52        280       
1      748       216       47199     290       178       
1      757       413       47199     131       52        
1      303       31        47199     299       9         
1      373       606       47199     119       189       
2      1022      779       47200     291       131       
2      780       779       47200     291       131       
1      486       948       47200     199       290       
1      420       199       47200     168       178       
3      1022      779       47200     291       131       
1      463       233       47201     168       206       
1      1069      804       47201     291       291       
1      60        134       47201     9         9         
1      408       692       47201     299       280       
1      737       981       47201     189       291       
1      649       647       47202     189       280       
2      295       410       47202     87        52        
2      480       810       47202     52        290       
2      369       498       47202     52        52        
3      369       498       47202     52        52        
1      668       760       47202     280       291       
3      480       810       47202     52        290       
1      583       721       47203     189       290       
1      1091      1065      47204     291       291       
2      629       814       47204     189       290       
3      529       649       47205     189       189       
3      529       649       47205     189       189       
1      582       676       47205     189       189       
1      236       560       47205     87        189       
1      377       557       47205     168       189       
1      252       555       47205     206       199       
1      62        719       47206     98        189       
1      333       600       47206     119       280       
1      512       737       47206     199       189       
1      1156      1604      47206     129       296       
1      510       839       47206     199       290       
1      1001      1578      47206     291       296       
1      947       835       47206     290       290       
1      97        621       47206     9         280       
1      905       1015      47207     290       84        
2      602       671       47207     189       280       
1      717       936       47207     189       291       
1      812       860       47207     290       290       
1      675       214       47207     189       207       
4      813       533       47208     290       199       
1      416       583       47208     100       189       
1      479       600       47208     52        280       
1      10        577       47208     98        189       
1      410       556       47208     52        199       
3      19        669       47209     98        280       
1      256       700       47209     87        290       
1      602       524       47209     189       52        
1      554       679       47209     189       290       
1      644       501       47209     131       52        
3      694       483       47209     189       189       
1      419       1074      47210     168       84        
3      390       455       47210     52        52        
2      1090      875       47210     291       291       
3      10        288       47210     98        127       
3      1090      875       47210     291       291       
3      717       454       47210     189       52        
2      717       454       47210     189       52        
1      274       461       47210     87        189       
2      816       928       47210     290       290       
1      675       801       47210     189       291       
3      10        288       47210     98        127       
1      369       668       47211     52        280       
1      873       460       47211     291       189       
2      687       568       47211     131       52        
1      631       804       47211     189       291       
1      376       726       47211     168       290       
3      212       328       47211     266       299       
3      212       328       47211     266       299       
1      549       804       47211     52        291       
2      595       392       47212     131       52        
1      1048      626       47212     291       189       
1      345       804       47212     299       291       
1      628       417       47212     189       100       
1      78        914       47212     9         291       
1      66        257       47212     98        87        
1      366       455       47212     299       52        
1      760       881       47212     291       290       
2      557       678       47212     189       290       
3      557       678       47212     189       290       
1      173       828       47213     286       291       
1      767       632       47213     290       189       
1      327       189       47213     299       286       
3      163       293       47213     178       87        
3      163       293       47213     178       87        
3      308       600       47214     127       280       
1      287       218       47214     299       87        
2      909       131       47214     290       178       
1      554       675       47214     189       189       
2      913       778       47214     291       131       
2      308       600       47214     127       280       
1      860       818       47215     290       290       
1      526       621       47215     52        280       
1      276       327       47215     87        299       
2      411       442       47215     52        168       
1      160       837       47216     54        290       
1      234       31        47216     87        9         
1      927       815       47216     290       290       
1      766       969       47216     290       290       
1      533       309       47216     199       127       
2      726       462       47216     290       189       
3      556       550       47216     199       189       
1      894       881       47216     291       290       
3      793       946       47216     290       290       
2      793       946       47216     290       290       
1      655       926       47217     189       290       
1      746       677       47217     290       189       
2      699       652       47217     290       189       
1      395       623       47217     100       280       
2      649       881       47217     189       290       
4      804       924       47218     291       290       
1      1090      885       47219     291       290       
2      937       982       47219     291       291       
1      552       860       47219     189       290       
1      195       439       47219     207       189       
1      529       606       47219     189       189       
3      937       982       47219     291       291       
1      466       679       47220     199       290       
1      760       720       47220     291       290       
