COLUMNS

passenger_count
pickup_ID
dropoff_ID
request_time_sec
pickup_district
dropoff_district
LDuals
IDuals
vehicle_ID
pick_position
drop_position

REQUESTS_INFO
1      802       1045      30193     291       291       149       149       1         1         2         
1      989       395       30083     50        100       322       322       7         1         2         
2      371       577       30194     52        189       218       218       63        1         2         
3      355       349       30201     119       127       170       170       127       1         2         
3      330       273       30156     127       206       233       233       192       1         2         
3      840       232       30155     290       266       245       245       224       1         3         
1      960       1517      30150     291       296       201       201       242       1         2         
3      851       740       30156     291       50        166.5     166.5     251       1         2         
3      749       551       29953     290       189       413       413       255       1         2         
1      771       721       30204     290       290       141       141       265       1         3         
1      1044      675       30190     291       189       161       161       284       1         4         
3      793       394       30103     290       100       292       292       365       1         2         
1      805       652       30203     291       189       125.5     125.5     392       1         4         
2      885       649       30206     290       189       177.5     177.5     428       1         3         
2      726       881       30154     290       290       202       202       439       1         2         
1      1090      593       30166     291       52        252       252       449       1         2         
1      969       534       30194     290       199       159       159       504       1         4         
1      1065      79        30175     291       98        170       170       514       1         3         
1      902       720       30189     50        290       224       224       518       1         2         
1      779       726       30197     131       290       149       149       587       1         4         
2      740       527       30182     50        52        154       154       590       1         2         
1      476       439       30206     52        189       152       152       596       1         2         
1      813       506       30193     290       189       168       168       612       1         3         
3      929       909       30145     290       290       251       251       629       1         2         
1      743       925       30190     290       290       143       143       630       1         2         
1      526       116       30209     52        9         87        87        656       1         3         
1      947       189       30160     290       286       208       208       683       1         4         
1      906       559       30055     290       189       363       363       684       1         4         
2      906       837       30074     290       290       363       363       684       2         3         
3      887       948       30187     290       290       252       252       707       1         2         
1      444       696       30196     168       189       125       125       715       1         3         
1      884       1087      30198     290       291       193       193       726       1         5         
1      632       793       30188     189       290       138       138       752       1         2         
2      907       489       30135     290       199       329       329       759       1         2         
1      906       1002      30169     290       291       256       256       765       1         3         
3      907       489       30135     290       199       329       329       766       1         2         
3      883       828       30191     290       291       219       219       789       1         2         
3      883       828       30191     290       291       210       210       800       1         3         
1      804       575       30155     291       189       198       198       803       1         2         
2      886       1032      30209     290       84        236       236       806       1         3         
4      829       355       30201     50        119       157       157       808       1         2         
1      841       991       30159     290       290       266       266       820       1         2         
2      549       553       30183     52        189       136       136       832       1         2         
1      352       505       30204     119       52        186       186       852       1         2         
1      1129      1045      30207     291       291       124       124       869       1         2         
4      284       593       30180     299       52        138       138       879       1         2         
1      870       640       30200     291       131       156.5     156.5     893       1         2         
1      947       1128      30122     290       291       249       249       908       1         2         
3      410       511       30162     52        199       211       211       928       1         3         
3      863       904       30152     290       290       285       285       939       1         2         
1      924       649       30190     290       189       189       189       943       1         3         
2      923       814       30051     290       290       373       373       989       1         2         
1      904       651       30156     290       189       247       247       993       1         3         
1      860       627       30140     290       189       249       249       1007      1         3         
1      215       812       30182     178       290       122       122       1058      1         2         
4      945       651       30206     50        189       221       221       1073      1         2         
3      483       863       30183     189       290       168       168       1079      1         2         
1      430       694       30171     52        189       175       175       1081      1         2         
1      596       617       30196     131       131       176       176       1108      1         2         
1      972       858       30130     290       290       251       251       1123      1         3         
2      523       849       30203     52        291       118       118       1129      1         2         
2      791       603       30156     290       189       184       184       1167      1         3         
3      927       559       30154     290       189       287       287       1196      1         3         
1      992       1208      30173     290       192       226       226       1240      1         3         
1      884       697       30197     290       189       179.5     179.5     1242      1         3         
1      984       835       30190     291       290       186       186       1243      1         3         
1      929       358       30131     290       168       239       239       1293      1         3         
1      909       652       30188     290       189       195       195       1297      1         3         
3      972       970       30153     290       290       247       247       1303      1         2         
3      887       948       30187     290       290       252       252       1306      1         2         
1      1026      767       30168     291       290       186       186       1307      1         3         
1      1090      991       30183     291       290       235       235       1317      1         2         
3      759       697       30198     131       189       153       153       1322      1         2         
1      430       134       30174     52        9         124       124       1343      1         2         
3      795       716       30056     290       189       339       339       1373      1         2         
1      886       332       30036     290       87        414       414       1391      1         2         
2      904       767       30208     290       290       186       186       1433      1         2         
1      331       416       30205     127       100       202       202       1734      1         3         
3      488       671       30184     199       280       170       170       1754      1         2         
1      1047      960       30206     291       291       119       119       1771      1         2         
3      972       970       30153     290       290       247       247       1779      1         2         
1      485       529       30184     189       189       158       158       1790      1         2         
1      485       695       30203     189       189       110       110       1821      1         4         
3      655       1005      30180     189       50        177       177       1869      1         3         
1      816       605       30035     290       189       314       314       1872      1         2         
2      442       173       30206     168       286       129.5     129.5     1874      1         2         
1      749       1244      30174     290       192       192       192       1951      1         3         
1      1086      881       30167     291       290       169       169       1976      1         2         
2      1012      836       30127     84        290       265       265       1979      1         2         
4      834       621       30210     290       280       0         0         0         0         0         
1      332       534       30210     87        199       0         0         0         0         0         
1      618       431       30210     131       52        0         0         0         0         0         
1      459       555       30211     189       199       0         0         0         0         0         
1      969       789       30211     290       290       0         0         0         0         0         
1      440       556       30211     168       199       0         0         0         0         0         
1      134       671       30211     9         280       0         0         0         0         0         
1      109       81        30212     178       98        0         0         0         0         0         
1      759       741       30213     131       50        0         0         0         0         0         
1      783       870       30213     50        291       0         0         0         0         0         
2      882       555       30213     290       199       0         0         0         0         0         
1      549       601       30213     52        189       0         0         0         0         0         
1      780       530       30214     291       189       0         0         0         0         0         
2      936       652       30215     291       189       0         0         0         0         0         
1      366       457       30215     299       52        0         0         0         0         0         
2      582       718       30215     189       189       0         0         0         0         0         
3      936       652       30215     291       189       0         0         0         0         0         
1      1106      532       30215     291       199       0         0         0         0         0         
1      894       793       30215     291       290       0         0         0         0         0         
3      1180      1054      30216     84        84        0         0         0         0         0         
1      48        346       30216     98        299       0         0         0         0         0         
1      850       937       30216     291       291       0         0         0         0         0         
1      399       108       30216     168       178       0         0         0         0         0         
2      1180      1054      30216     84        84        0         0         0         0         0         
1      461       396       30217     189       119       0         0         0         0         0         
1      722       801       30217     290       291       0         0         0         0         0         
1      970       771       30217     290       290       0         0         0         0         0         
1      782       648       30217     291       189       0         0         0         0         0         
1      959       1088      30217     291       291       0         0         0         0         0         
1      1091      758       30218     291       131       0         0         0         0         0         
2      550       535       30218     189       189       0         0         0         0         0         
1      181       120       30218     178       57        0         0         0         0         0         
1      375       352       30218     119       119       0         0         0         0         0         
2      850       694       30218     291       189       0         0         0         0         0         
2      285       116       30218     299       9         0         0         0         0         0         
1      929       1200      30218     290       84        0         0         0         0         0         
1      1110      1046      30218     291       291       0         0         0         0         0         
1      664       396       30218     131       119       0         0         0         0         0         
1      766       805       30218     290       291       0         0         0         0         0         
1      371       431       30219     52        52        0         0         0         0         0         
2      217       702       30219     87        290       0         0         0         0         0         
1      781       571       30219     291       52        0         0         0         0         0         
1      873       947       30219     291       290       0         0         0         0         0         
1      781       647       30219     291       280       0         0         0         0         0         
3      436       648       30220     100       189       0         0         0         0         0         
1      236       376       30220     87        168       0         0         0         0         0         
1      805       745       30220     291       290       0         0         0         0         0         
1      947       624       30220     290       189       0         0         0         0         0         
2      436       648       30220     100       189       0         0         0         0         0         
2      325       511       30221     299       199       0         0         0         0         0         
3      325       511       30221     299       199       0         0         0         0         0         
1      603       671       30221     189       280       0         0         0         0         0         
1      1024      594       30221     291       131       0         0         0         0         0         
1      365       628       30222     299       189       0         0         0         0         0         
1      155       325       30222     286       299       0         0         0         0         0         
1      389       534       30222     299       199       0         0         0         0         0         
1      693       459       30222     280       189       0         0         0         0         0         
1      806       600       30223     50        280       0         0         0         0         0         
1      863       116       30224     290       9         0         0         0         0         0         
1      314       484       30224     119       189       0         0         0         0         0         
3      314       779       30224     119       131       0         0         0         0         0         
1      287       303       30224     299       299       0         0         0         0         0         
1      675       527       30224     189       52        0         0         0         0         0         
1      628       199       30224     189       178       0         0         0         0         0         
3      314       779       30224     119       131       0         0         0         0         0         
1      862       897       30225     290       291       0         0         0         0         0         
1      922       940       30225     50        291       0         0         0         0         0         
1      328       48        30225     299       98        0         0         0         0         0         
1      1005      670       30225     50        280       0         0         0         0         0         
1      881       1054      30226     290       84        0         0         0         0         0         
1      722       897       30227     290       291       0         0         0         0         0         
1      557       134       30227     189       9         0         0         0         0         0         
1      1148      594       30227     291       131       0         0         0         0         0         
3      838       544       30227     290       52        0         0         0         0         0         
1      304       526       30227     299       52        0         0         0         0         0         
2      896       1053      30228     291       84        0         0         0         0         0         
1      984       718       30228     291       189       0         0         0         0         0         
1      669       602       30228     280       189       0         0         0         0         0         
1      1300      983       30228     192       291       0         0         0         0         0         
1      959       687       30228     291       131       0         0         0         0         0         
1      526       647       30229     52        280       0         0         0         0         0         
1      583       736       30229     189       131       0         0         0         0         0         
3      504       575       30229     52        189       0         0         0         0         0         
1      232       253       30229     266       206       0         0         0         0         0         
2      436       397       30229     100       168       0         0         0         0         0         
1      760       723       30229     291       290       0         0         0         0         0         
1      287       651       30229     299       189       0         0         0         0         0         
1      527       1136      30229     52        129       0         0         0         0         0         
3      693       568       30229     280       52        0         0         0         0         0         
2      693       568       30229     280       52        0         0         0         0         0         
1      304       367       30230     299       299       0         0         0         0         0         
1      584       601       30231     189       189       0         0         0         0         0         
1      884       789       30231     290       290       0         0         0         0         0         
1      727       727       30231     290       290       0         0         0         0         0         
1      737       644       30231     189       131       0         0         0         0         0         
1      529       555       30231     189       199       0         0         0         0         0         
1      213       350       30231     266       127       0         0         0         0         0         
1      744       749       30231     290       290       0         0         0         0         0         
1      504       371       30231     52        52        0         0         0         0         0         
3      1174      1209      30231     129       192       0         0         0         0         0         
2      1174      1209      30231     129       192       0         0         0         0         0         
3      876       698       30231     50        189       0         0         0         0         0         
2      876       698       30231     50        189       0         0         0         0         0         
3      679       675       30231     290       189       0         0         0         0         0         
2      679       675       30231     290       189       0         0         0         0         0         
2      293       466       30232     87        199       0         0         0         0         0         
1      745       884       30232     290       290       0         0         0         0         0         
1      1025      476       30232     291       52        0         0         0         0         0         
1      604       698       30232     189       189       0         0         0         0         0         
1      313       369       30232     87        52        0         0         0         0         0         
1      482       287       30232     189       299       0         0         0         0         0         
1      980       726       30232     291       290       0         0         0         0         0         
3      293       466       30232     87        199       0         0         0         0         0         
1      720       698       30232     290       189       0         0         0         0         0         
1      734       721       30233     131       290       0         0         0         0         0         
1      1025      860       30233     291       290       0         0         0         0         0         
1      376       116       30233     168       9         0         0         0         0         0         
1      963       946       30233     50        290       0         0         0         0         0         
1      1225      875       30234     192       291       0         0         0         0         0         
1      61        1244      30234     98        192       0         0         0         0         0         
1      194       350       30234     207       127       0         0         0         0         0         
1      463       408       30234     168       299       0         0         0         0         0         
2      1031      824       30234     50        291       0         0         0         0         0         
1      458       268       30234     52        299       0         0         0         0         0         
2      312       527       30235     87        52        0         0         0         0         0         
3      312       527       30235     87        52        0         0         0         0         0         
3      529       649       30235     189       189       0         0         0         0         0         
3      213       674       30235     266       189       0         0         0         0         0         
1      665       409       30235     131       52        0         0         0         0         0         
2      213       674       30235     266       189       0         0         0         0         0         
2      817       1218      30235     290       84        0         0         0         0         0         
3      529       649       30235     189       189       0         0         0         0         0         
1      886       886       30235     290       290       0         0         0         0         0         
1      504       396       30235     52        119       0         0         0         0         0         
1      907       696       30235     290       189       0         0         0         0         0         
3      827       893       30235     291       291       0         0         0         0         0         
1      982       513       30236     291       199       0         0         0         0         0         
1      378       629       30236     168       189       0         0         0         0         0         
1      577       372       30236     189       119       0         0         0         0         0         
1      696       575       30236     189       189       0         0         0         0         0         
1      173       228       30236     286       266       0         0         0         0         0         
1      860       651       30236     290       189       0         0         0         0         0         
2      259       369       30236     87        52        0         0         0         0         0         
1      461       21        30237     189       98        0         0         0         0         0         
1      847       578       30237     291       189       0         0         0         0         0         
1      766       674       30237     290       189       0         0         0         0         0         
1      906       693       30238     290       280       0         0         0         0         0         
1      873       693       30238     291       280       0         0         0         0         0         
1      767       691       30238     290       131       0         0         0         0         0         
2      627       527       30238     189       52        0         0         0         0         0         
2      968       834       30238     290       290       0         0         0         0         0         
1      690       603       30238     131       189       0         0         0         0         0         
1      466       605       30239     199       189       0         0         0         0         0         
3      668       117       30239     280       286       0         0         0         0         0         
3      668       117       30239     280       286       0         0         0         0         0         
3      1153      1053      30239     50        84        0         0         0         0         0         
2      804       1225      30239     291       192       0         0         0         0         0         
1      1207      1218      30239     192       84        0         0         0         0         0         
1      960       947       30239     291       290       0         0         0         0         0         
1      488       415       30239     199       100       0         0         0         0         0         
