COLUMNS

passenger_count
pickup_ID
dropoff_ID
ready_time_sec
pickup_district
dropoff_district
LDuals
IDuals
vehicle_ID
pick_position
drop_position

REQUESTS_INFO
3      929       749       49797     290       290       282.603   282.603   0         1         3         
2      232       388       49724     266       299       316       316       2         1         3         
1      897       716       49772     291       189       373       373       5         1         2         
1      532       253       49622     199       206       364       364       8         1         4         
1      605       757       49792     189       131       412       412       12        1         3         
1      545       79        49700     52        98        444       444       19        1         2         
1      745       679       49744     290       290       419.603   419.603   22        1         3         
1      827       572       49714     291       131       412.78    412.78    26        1         3         
1      531       553       49653     189       189       499       499       27        1         3         
1      397       397       49756     168       168       236       236       28        1         2         
1      372       484       49749     119       189       334       334       44        1         2         
1      629       721       49710     189       290       487.603   487.603   46        1         3         
3      840       925       49797     290       290       330.603   330.603   48        1         3         
1      327       369       49745     299       52        302       302       49        1         2         
1      663       793       49663     131       290       493       493       51        1         3         
3      700       793       49692     290       290       501       501       55        1         2         
3      525       557       49628     52        189       510       510       56        1         2         
2      350       236       49742     127       87        389       389       57        1         2         
2      418       859       49472     168       290       709       709       58        1         3         
1      673       630       49701     189       189       477       477       61        1         2         
2      481       279       49544     189       87        619       619       63        1         4         
3      512       482       49697     199       189       445       445       67        1         3         
1      415       903       49777     100       290       387       387       74        1         4         
3      852       938       49759     291       291       401       401       75        1         2         
1      834       527       49531     290       52        654       654       81        1         2         
4      604       940       49784     189       291       389       389       82        1         2         
1      812       630       49770     290       189       376.603   376.603   84        1         3         
1      509       291       49778     199       87        344       344       91        1         3         
1      605       413       49773     189       52        431       431       93        1         3         
2      506       625       49788     189       189       303       303       97        1         3         
3      287       623       49595     299       280       419       419       102       1         3         
1      760       415       49793     291       100       412.78    412.78    107       1         3         
2      273       238       49719     206       87        347       347       116       1         2         
1      608       862       49771     189       290       426.603   426.603   117       1         3         
3      1192      415       49751     129       100       225       225       118       1         3         
2      908       749       49654     290       290       465.603   465.603   121       1         2         
3      478       895       49797     52        291       343       343       125       1         2         
4      628       463       49594     189       168       599       599       129       1         2         
1      603       674       49780     189       189       392.78    392.78    131       1         2         
1      628       554       49776     189       189       416       416       137       1         3         
3      864       557       49561     290       189       547.603   547.603   144       1         2         
1      396       627       49799     119       189       312       312       147       1         2         
1      1098      749       49771     84        290       263       263       148       1         3         
1      894       1066      49797     291       291       326       326       149       1         2         
3      557       240       49790     189       87        360       360       153       1         2         
1      712       430       49703     131       52        480       480       156       1         2         
3      632       816       49614     189       290       594.603   594.603   157       1         2         
1      529       237       49738     189       87        370       370       159       1         4         
2      557       759       49768     189       131       380       380       164       1         3         
2      649       344       49788     189       299       425       425       165       1         2         
1      827       602       49610     291       189       514       514       166       1         3         
3      353       229       49680     119       266       471       471       167       1         2         
1      393       296       49723     52        277       371       371       168       1         3         
3      738       813       49501     189       290       686.78    686.78    169       1         2         
1      905       1032      49674     290       84        272       272       170       1         3         
3      345       65        49758     299       98        225       225       171       1         3         
1      272       326       49633     127       299       421       421       176       1         2         
4      594       671       49738     131       280       390       390       177       1         2         
1      1089      1262      49717     291       192       358       358       178       1         3         
1      440       498       49785     168       52        355       355       180       1         4         
1      386       98        49740     299       98        313       313       181       1         3         
1      861       738       49771     290       189       345.603   345.603   189       1         3         
1      537       655       49718     189       189       484       484       192       1         3         
1      632       862       49694     189       290       514.603   514.603   195       1         3         
1      893       802       49727     291       291       396.78    396.78    205       1         2         
1      103       1501      49733     57        296       227       227       209       1         3         
3      748       396       49603     290       119       565.603   565.603   210       1         2         
1      443       771       49560     168       290       597       597       215       1         2         
2      174       409       49757     266       52        221       221       218       1         3         
3      699       483       49626     290       189       577.603   577.603   228       1         2         
1      505       578       49797     52        189       342       342       235       1         2         
1      273       721       49750     206       290       306       306       236       1         3         
2      32        714       49741     98        131       157       157       245       1         3         
2      858       649       49745     290       189       384       384       247       1         3         
3      257       504       49721     87        52        392       392       249       1         2         
1      767       720       49794     290       290       363.603   363.603   250       1         4         
1      286       233       49674     299       206       352       352       252       1         3         
1      310       353       49592     127       119       480       480       261       1         2         
2      476       291       49771     52        87        349       349       263       1         3         
1      629       674       49795     189       189       404       404       288       1         2         
3      621       699       49601     280       290       586       586       290       1         2         
3      476       556       49681     52        199       420       420       294       1         3         
1      396       233       49773     119       206       335       335       302       1         3         
3      621       528       49595     280       52        592       592       304       1         2         
2      440       413       49771     168       52        392       392       306       1         3         
1      522       133       49709     52        9         392       392       311       1         2         
3      624       940       49578     189       291       598       598       313       1         3         
1      395       347       49758     100       299       382       382       319       1         3         
1      717       711       49746     189       131       446.78    446.78    322       1         3         
1      894       782       49720     291       291       394       394       326       1         3         
1      739       622       49796     189       280       402.78    402.78    327       1         3         
1      969       984       49787     290       291       136       136       328       1         3         
3      410       550       49795     52        189       315       315       331       1         2         
3      512       511       49710     199       199       473       473       335       1         3         
1      549       511       49783     52        199       319       319       339       1         4         
1      599       365       49785     280       299       392       392       340       1         3         
1      647       719       49685     280       189       521       521       341       1         2         
1      673       394       49717     189       100       461       461       343       1         4         
1      782       621       49772     291       280       411.78    411.78    347       1         3         
1      481       418       49676     189       168       439       439       348       1         3         
1      772       488       49703     290       199       454.603   454.603   349       1         3         
1      894       770       49725     291       290       398       398       350       1         2         
1      780       959       49787     291       291       364.78    364.78    352       1         3         
2      512       511       49710     199       199       377       377       357       1         2         
1      793       925       49637     290       290       544.603   544.603   362       1         2         
1      893       549       49755     291       52        368.78    368.78    366       1         2         
1      696       460       49778     189       189       425       425       371       1         3         
1      1068      874       49786     291       291       300       300       380       1         2         
3      906       887       49652     290       290       432.603   432.603   382       1         2         
4      412       229       49515     52        266       633       633       383       1         2         
1      936       1187      49754     291       291       287       287       384       1         4         
1      693       159       49797     280       54        421       421       385       1         3         
1      711       760       49613     131       291       510       510       398       1         3         
3      894       983       49689     291       291       446.78    446.78    400       1         3         
1      554       743       49764     189       290       397       397       405       1         2         
3      674       551       49625     189       189       570       570       408       1         3         
1      439       233       49761     189       206       356       356       412       1         3         
1      772       560       49736     290       189       421.603   421.603   415       1         2         
1      983       896       49635     291       291       466       466       418       1         2         
1      174       9         49696     266       98        282       282       422       1         2         
3      647       896       49572     280       291       635       635       424       1         2         
2      718       501       49614     189       52        587.78    587.78    425       1         2         
1      677       336       49771     189       277       395       395       426       1         3         
1      747       1032      49773     290       84        411.603   411.603   429       1         3         
3      287       452       49679     299       52        335       335       431       1         2         
1      408       306       49792     299       299       220       220       433       1         2         
1      735       461       49757     131       189       429       429       435       1         3         
2      479       525       49549     52        52        628       628       436       1         2         
1      1217      1268      49740     84        129       237       237       438       1         2         
1      593       675       49736     52        189       307       307       441       1         3         
1      837       759       49769     290       131       374.603   374.603   444       1         3         
1      466       726       49768     199       290       375       375       445       1         4         
2      350       436       49586     127       100       541       541       447       1         3         
2      412       79        49789     52        98        343       343       460       1         3         
1      331       310       49739     127       127       382       382       461       1         2         
3      254       314       49624     87        119       438       438       463       1         2         
1      389       392       49676     299       52        388       388       464       1         2         
2      950       621       49672     290       280       286       286       465       1         3         
1      603       727       49761     189       290       411.78    411.78    472       1         4         
3      929       749       49797     290       290       282.603   282.603   473       1         2         
3      894       983       49689     291       291       446.78    446.78    474       1         3         
3      837       859       49773     290       290       381       381       476       1         2         
1      461       720       49747     189       290       459       459       478       1         3         
3      476       556       49681     52        199       439       439       479       1         3         
3      649       79        49634     189       98        579       579       490       1         3         
1      484       827       49789     189       291       316       316       497       1         4         
3      460       604       49765     189       189       449       449       499       1         2         
1      693       527       49784     280       52        434       434       500       1         3         
1      601       692       49745     189       280       246       246       503       1         3         
2      980       804       49730     291       291       371       371       504       1         2         
1      715       940       49784     131       291       418.78    418.78    510       1         2         
4      409       250       49715     52        127       408       408       513       1         2         
3      699       602       49624     290       189       579.603   579.603   520       1         2         
3      851       457       49659     291       52        500.78    500.78    524       1         3         
3      531       923       49770     189       290       382       382       525       1         3         
3      700       793       49692     290       290       501       501       528       1         2         
1      287       622       49707     299       280       307       307       530       1         4         
3      513       34        49697     199       98        322       322       533       1         3         
1      621       627       49689     280       189       416       416       534       1         4         
1      838       924       49604     290       290       554.603   554.603   538       1         2         
1      416       766       49678     100       290       406       406       540       1         3         
1      744       760       49651     290       291       524.603   524.603   546       1         2         
1      549       662       49535     52        131       567       567       549       1         3         
3      717       720       49725     189       290       492.78    492.78    560       1         3         
1      666       596       49608     131       131       541       541       563       1         2         
1      1032      1291      49791     84        129       186       186       566       1         3         
2      508       793       49786     199       290       309       309       567       1         3         
3      702       728       49757     290       290       443       443       572       1         2         
1      727       608       49746     290       189       426.603   426.603   577       1         3         
1      859       771       49696     290       290       426.603   426.603   579       1         3         
3      923       814       49755     290       290       356       356       585       1         2         
1      718       968       49750     189       290       416       416       590       1         3         
1      721       596       49702     290       131       469       469       592       1         4         
1      171       348       49776     286       299       104       104       599       1         3         
2      649       438       49767     189       100       446       446       606       1         3         
2      968       602       49770     290       189       321       321       610       1         3         
1      577       372       49771     189       119       390       390       612       1         2         
4      194       413       49754     207       52        249       249       614       1         2         
1      143       390       49667     54        52        246       246       618       1         3         
1      313       79        49717     87        98        307       307       621       1         3         
3      810       351       49776     290       52        402       402       622       1         2         
2      513       232       49796     199       266       402       402       626       1         2         
3      532       841       49772     199       290       393       393       628       1         3         
1      663       1517      49754     131       296       298       298       632       1         3         
1      655       554       49777     189       189       385       385       636       1         3         
1      308       415       49784     127       100       230       230       638       1         3         
1      354       337       49740     119       277       400       400       639       1         2         
1      287       601       49778     299       189       236       236       645       1         3         
1      619       476       49775     131       52        366       366       648       1         2         
3      970       766       49685     290       290       424       424       661       1         2         
1      691       857       49594     131       290       577       577       667       1         3         
3      528       645       49702     52        280       439       439       671       1         2         
1      644       9         49766     131       98        393       393       675       1         3         
2      720       629       49714     290       189       506.603   506.603   678       1         2         
2      560       716       49660     189       189       554       554       679       1         2         
1      233       527       49793     206       52        205       205       685       1         4         
1      993       675       49797     84        189       277.603   277.603   688       1         3         
3      864       630       49774     290       189       334.603   334.603   690       1         2         
3      257       504       49721     87        52        392       392       694       1         2         
1      768       884       49786     290       290       389.603   389.603   695       1         3         
2      276       460       49582     87        189       520       520       697       1         4         
1      695       781       49672     189       291       519.78    519.78    698       1         2         
2      436       126       49674     100       178       219       219       707       1         3         
3      461       374       49730     189       119       484       484       708       1         2         
1      838       654       49720     290       189       438.603   438.603   709       1         2         
1      464       277       49740     168       87        339       339       719       1         4         
1      621       527       49778     280       52        409       409       720       1         3         
2      593       521       49688     52        52        415       415       723       1         2         
1      412       98        49765     52        98        367       367       724       1         3         
1      950       583       49775     290       189       303.603   303.603   731       1         3         
1      557       858       49740     189       290       253       253       733       1         3         
3      295       436       49772     87        100       356       356       737       1         2         
1      674       372       49788     189       119       400       400       744       1         3         
3      395       389       49780     100       299       341       341       748       1         3         
2      837       767       49727     290       290       427       427       749       1         3         
1      850       1109      49795     291       291       355.78    355.78    759       1         2         
1      699       35        49728     290       98        430       430       762       1         3         
2      925       697       49792     290       189       319       319       768       1         3         
1      198       158       49762     178       174       257       257       769       1         2         
2      479       372       49799     52        119       375       375       770       1         3         
1      744       527       49678     290       52        488       488       771       1         3         
4      1106      984       49795     291       291       265       265       772       1         2         
1      677       723       49701     189       290       465       465       775       1         3         
3      1001      593       49735     291       52        353       353       777       1         3         
1      442       579       49677     168       189       481       481       785       1         3         
3      782       720       49479     291       290       704.78    704.78    793       1         2         
2      408       212       49798     299       266       281       281       803       1         3         
1      991       884       49743     290       290       308       308       807       1         2         
1      374       412       49746     119       52        390       390       811       1         3         
3      232       392       49685     266       52        355       355       812       1         3         
1      1066      724       49708     291       290       343       343       820       1         2         
1      1094      992       49666     84        290       411       411       823       1         2         
2      353       229       49680     119       266       471       471       831       1         2         
3      925       697       49792     290       189       323       323       833       1         2         
2      770       1032      49711     290       84        479.603   479.603   839       1         4         
2      675       228       49756     189       266       410       410       841       1         3         
3      532       841       49772     199       290       393       393       844       1         2         
1      390       330       49793     52        127       318       318       845       1         3         
1      478       624       49703     52        189       333       333       846       1         4         
1      735       578       49755     131       189       431       431       848       1         2         
1      814       1178      49723     290       84        213       213       857       1         3         
3      478       895       49797     52        291       343       343       861       1         3         
2      1023      748       49776     291       290       271       271       865       1         3         
1      927       377       49748     290       168       322.603   322.603   868       1         3         
3      1011      862       49709     84        290       396       396       876       1         2         
1      371       217       49722     52        87        147       147       877       1         3         
3      479       372       49799     52        119       375       375       880       1         2         
3      696       579       49785     189       189       421       421       881       1         3         
1      894       669       49750     291       280       373       373       882       1         4         
2      295       436       49772     87        100       356       356       884       1         2         
2      571       662       49765     52        131       362       362       885       1         2         
1      1045      1225      49776     291       192       275       275       886       1         3         
2      936       1065      49791     291       291       335       335       890       1         4         
3      554       441       49698     189       168       462       462       896       1         3         
1      983       738       49748     291       189       352       352       901       1         3         
3      959       782       49760     291       291       357       357       902       1         2         
1      651       968       49714     189       290       214       214       903       1         3         
3      410       550       49795     52        189       315       315       907       1         2         
1      434       553       49782     52        189       365       365       908       1         3         
1      860       992       49713     290       290       436       436       909       1         4         
3      193       459       49730     266       189       239       239       911       1         3         
1      717       503       49735     189       52        482.78    482.78    917       1         3         
3      461       374       49730     189       119       484       484       919       1         2         
4      416       693       49765     100       280       408       408       921       1         2         
1      1187      979       49783     291       291       218       218       927       1         3         
3      552       63        49598     189       98        548       548       931       1         3         
1      654       624       49778     189       189       404       404       932       1         3         
1      664       757       49627     131       131       549       549       934       1         2         
3      720       694       49583     290       189       637.603   637.603   938       1         2         
2      674       905       49700     189       290       416       416       942       1         2         
2      715       593       49773     131       52        355.78    355.78    943       1         4         
2      608       695       49793     189       189       404.603   404.603   945       1         3         
3      408       212       49798     299       266       282       282       950       1         2         
1      858       772       49734     290       290       395       395       957       1         2         
3      504       391       49771     52        52        380       380       963       1         3         
3      675       748       49677     189       290       496       496       965       1         2         
1      373       173       49708     119       286       408       408       972       1         2         
1      604       527       49786     189       52        214       214       973       1         3         
1      460       629       49748     189       189       466       466       974       1         2         
1      535       332       49755     189       87        233       233       979       1         2         
2      504       391       49771     52        52        380       380       984       1         3         
2      486       655       49687     199       189       488       488       989       1         3         
1      885       627       49727     290       189       259       259       990       1         3         
1      464       531       49749     168       189       412       412       991       1         2         
1      960       968       49760     291       290       336       336       995       1         2         
2      840       925       49797     290       290       330.603   330.603   997       1         2         
1      408       533       49776     299       199       304       304       999       1         3         
3      694       116       49723     189       9         501.78    501.78    0         0         0         
1      720       482       49761     290       189       459.603   459.603   0         0         0         
1      720       487       49768     290       199       452.23    452.23    0         0         0         
1      527       693       49800     52        280       0         0         0         0         0         
1      389       735       49800     299       131       0         0         0         0         0         
3      413       600       49800     52        280       0         0         0         0         0         
2      413       600       49800     52        280       0         0         0         0         0         
2      738       352       49801     189       119       0         0         0         0         0         
1      153       646       49801     286       280       0         0         0         0         0         
2      643       765       49802     131       290       0         0         0         0         0         
1      891       765       49802     291       290       0         0         0         0         0         
1      527       393       49802     52        52        0         0         0         0         0         
1      63        673       49802     98        189       0         0         0         0         0         
2      507       1089      49803     189       291       0         0         0         0         0         
2      34        356       49804     98        119       0         0         0         0         0         
2      842       727       49804     290       290       0         0         0         0         0         
1      366       645       49804     299       280       0         0         0         0         0         
1      768       748       49804     290       290       0         0         0         0         0         
1      650       788       49804     189       290       0         0         0         0         0         
1      584       466       49804     189       199       0         0         0         0         0         
1      947       767       49804     290       290       0         0         0         0         0         
3      34        356       49804     98        119       0         0         0         0         0         
1      1517      1014      49804     296       84        0         0         0         0         0         
1      1168      1128      49805     291       291       0         0         0         0         0         
1      554       766       49806     189       290       0         0         0         0         0         
3      1001      1025      49806     291       291       0         0         0         0         0         
2      1001      1025      49806     291       291       0         0         0         0         0         
1      545       459       49806     52        189       0         0         0         0         0         
1      523       648       49806     52        189       0         0         0         0         0         
1      1187      722       49807     291       290       0         0         0         0         0         
1      415       874       49807     100       291       0         0         0         0         0         
1      419       408       49807     168       299       0         0         0         0         0         
4      21        234       49807     98        87        0         0         0         0         0         
2      627       556       49807     189       199       0         0         0         0         0         
1      619       310       49807     131       127       0         0         0         0         0         
3      545       544       49807     52        52        0         0         0         0         0         
1      904       744       49808     290       290       0         0         0         0         0         
2      371       594       49808     52        131       0         0         0         0         0         
1      662       916       49808     131       291       0         0         0         0         0         
1      671       857       49808     280       290       0         0         0         0         0         
3      549       791       49809     52        290       0         0         0         0         0         
2      549       791       49809     52        290       0         0         0         0         0         
1      724       652       49809     290       189       0         0         0         0         0         
2      746       533       49809     290       199       0         0         0         0         0         
2      555       675       49809     199       189       0         0         0         0         0         
1      413       523       49809     52        52        0         0         0         0         0         
3      459       199       49810     189       178       0         0         0         0         0         
3      459       199       49810     189       178       0         0         0         0         0         
1      1055      1012      49810     84        84        0         0         0         0         0         
1      847       526       49811     291       52        0         0         0         0         0         
1      369       780       49811     52        291       0         0         0         0         0         
1      727       722       49812     290       290       0         0         0         0         0         
1      694       527       49812     189       52        0         0         0         0         0         
1      720       631       49812     290       189       0         0         0         0         0         
1      171       694       49812     286       189       0         0         0         0         0         
1      33        431       49813     98        52        0         0         0         0         0         
2      662       229       49813     131       266       0         0         0         0         0         
1      652       396       49813     189       119       0         0         0         0         0         
3      529       760       49813     189       291       0         0         0         0         0         
1      1001      860       49813     291       290       0         0         0         0         0         
1      936       1170      49814     291       291       0         0         0         0         0         
1      599       191       49814     280       266       0         0         0         0         0         
1      760       697       49814     291       189       0         0         0         0         0         
1      699       624       49814     290       189       0         0         0         0         0         
1      716       858       49814     189       290       0         0         0         0         0         
2      858       991       49814     290       290       0         0         0         0         0         
2      481       1281      49815     189       192       0         0         0         0         0         
1      662       602       49817     131       189       0         0         0         0         0         
1      233       413       49817     206       52        0         0         0         0         0         
2      699       802       49817     290       291       0         0         0         0         0         
1      529       536       49817     189       189       0         0         0         0         0         
1      726       768       49817     290       290       0         0         0         0         0         
1      672       164       49817     189       178       0         0         0         0         0         
1      721       760       49817     290       291       0         0         0         0         0         
2      673       893       49818     189       291       0         0         0         0         0         
3      352       295       49819     119       87        0         0         0         0         0         
2      352       295       49819     119       87        0         0         0         0         0         
1      679       759       49819     290       131       0         0         0         0         0         
1      624       870       49819     189       291       0         0         0         0         0         
1      621       347       49819     280       299       0         0         0         0         0         
1      768       946       49819     290       290       0         0         0         0         0         
1      699       605       49819     290       189       0         0         0         0         0         
1      749       924       49820     290       290       0         0         0         0         0         
1      817       719       49820     290       189       0         0         0         0         0         
1      865       907       49820     290       290       0         0         0         0         0         
1      174       408       49821     266       299       0         0         0         0         0         
1      309       413       49821     127       52        0         0         0         0         0         
1      624       969       49821     189       290       0         0         0         0         0         
2      673       914       49822     189       291       0         0         0         0         0         
1      549       716       49822     52        189       0         0         0         0         0         
1      413       530       49822     52        189       0         0         0         0         0         
1      770       556       49822     290       199       0         0         0         0         0         
3      673       914       49822     189       291       0         0         0         0         0         
1      863       1011      49822     290       84        0         0         0         0         0         
1      1001      842       49823     291       290       0         0         0         0         0         
1      725       582       49823     290       189       0         0         0         0         0         
2      499       498       49824     52        52        0         0         0         0         0         
2      579       35        49824     189       98        0         0         0         0         0         
1      662       875       49824     131       291       0         0         0         0         0         
1      768       510       49824     290       199       0         0         0         0         0         
1      193       781       49824     266       291       0         0         0         0         0         
2      968       444       49824     290       168       0         0         0         0         0         
3      968       444       49824     290       168       0         0         0         0         0         
1      291       371       49825     87        52        0         0         0         0         0         
1      780       1000      49825     291       291       0         0         0         0         0         
4      625       529       49826     189       189       0         0         0         0         0         
2      689       849       49826     131       291       0         0         0         0         0         
3      689       849       49826     131       291       0         0         0         0         0         
1      695       373       49826     189       119       0         0         0         0         0         
1      937       649       49826     291       189       0         0         0         0         0         
1      556       544       49826     199       52        0         0         0         0         0         
1      413       718       49826     52        189       0         0         0         0         0         
1      372       527       49826     119       52        0         0         0         0         0         
1      577       939       49827     189       291       0         0         0         0         0         
1      179       328       49827     178       299       0         0         0         0         0         
1      373       532       49827     119       199       0         0         0         0         0         
1      850       1229      49828     291       129       0         0         0         0         0         
1      388       268       49828     299       299       0         0         0         0         0         
1      621       782       49828     280       291       0         0         0         0         0         
1      719       626       49828     189       189       0         0         0         0         0         
1      371       157       49829     52        54        0         0         0         0         0         
1      852       694       49829     291       189       0         0         0         0         0         
1      531       458       49829     189       52        0         0         0         0         0         
