COLUMNS

passenger_count
pickup_ID
dropoff_ID
ready_time_sec
pickup_district
dropoff_district
LDuals
IDuals
vehicle_ID
pick_position
drop_position

REQUESTS_INFO
1      744       990       43564     290       290       414.25    414.25    7         1         3         
1      337       505       43573     168       52        304.5     304.5     8         1         2         
3      605       394       43574     189       100       461.456   461.456   15        1         2         
3      929       442       43437     290       199       609.485   609.485   16        1         3         
3      628       396       43415     189       189       609.456   609.456   17        1         3         
3      709       616       43604     131       131       424.817   424.817   23        1         2         
1      914       847       43590     291       291       371.5     371.5     28        1         4         
2      893       760       43547     291       291       494.688   494.688   28        2         5         
2      577       476       43574     189       52        413.456   413.456   32        1         3         
1      379       464       43610     168       199       314       314       39        1         2         
1      747       889       43586     290       290       432.882   432.882   44        1         3         
3      418       621       43524     168       280       409.5     409.5     55        1         2         
2      344       133       43515     299       9         302.25    302.25    58        1         2         
2      961       1339      43573     291       129       373.25    373.25    59        1         3         
2      937       939       43615     291       291       409.485   409.485   60        1         5         
1      916       918       43605     291       291       323       323       60        2         4         
1      905       888       43479     290       290       576.081   576.081   66        1         3         
3      885       794       43530     290       290       512.581   512.581   66        2         4         
1      604       527       43525     189       189       389.75    389.75    68        1         2         
2      892       760       43591     291       291       421.688   421.688   70        1         2         
3      781       504       43610     291       52        429.817   429.817   73        1         2         
1      374       883       43574     168       290       263       263       76        1         3         
3      252       146       43618     127       178       198       198       78        1         2         
1      760       918       43495     291       291       393.5     393.5     83        1         4         
2      805       1012      43603     291       84        351.597   351.597   90        1         3         
2      521       328       43600     52        299       319       319       102       1         2         
1      873       782       43575     291       291       370.909   370.909   104       1         3         
1      630       527       43554     189       189       417.5     417.5     106       1         4         
1      291       236       43528     127       87        280.5     280.5     117       1         3         
2      860       557       43558     290       189       454.303   454.303   118       1         3         
1      915       1002      43557     291       291       420.25    420.25    120       1         2         
1      523       388       43570     52        52        276.5     276.5     121       1         3         
3      579       693       43327     189       189       677.881   677.881   123       1         2         
1      621       760       43541     280       291       406.745   406.745   126       1         4         
1      850       507       43592     291       189       349.409   349.409   132       1         5         
1      873       646       43588     291       280       378.409   378.409   132       2         4         
1      860       913       43578     290       291       435.542   435.542   133       1         4         
3      925       936       43515     290       291       575.596   575.596   133       2         3         
1      702       860       43508     290       290       465.456   465.456   139       1         3         
1      463       961       43513     199       291       351.478   351.478   141       1         6         
1      464       555       43586     199       189       303.978   303.978   141       2         4         
1      710       393       43600     131       100       342.5     342.5     143       1         4         
2      688       622       43543     131       280       525.915   525.915   143       2         3         
1      554       699       43560     189       290       400       400       145       1         3         
1      441       457       43545     168       52        354.5     354.5     148       1         3         
1      697       769       43572     189       290       372.5     372.5     151       1         4         
1      433       544       43596     52        52        262       262       152       1         4         
3      1070      876       43351     291       291       620.015   620.015   161       1         3         
1      621       599       43576     280       280       431.245   431.245   162       1         3         
2      510       530       43573     199       189       348       348       166       1         3         
1      510       550       43488     199       131       342       342       166       2         5         
4      663       760       43456     131       291       517       517       168       1         2         
1      504       388       43582     52        52        294       294       169       1         3         
1      958       499       43615     291       52        401.688   401.688   174       1         3         
2      460       838       43517     189       290       379.5     379.5     180       1         5         
1      460       700       43617     189       290       311.5     311.5     180       2         4         
1      455       238       43556     52        87        204.5     204.5     181       1         3         
1      813       699       43578     290       290       454.4     454.4     183       1         2         
2      652       603       43540     189       189       512.224   512.224   185       1         4         
1      652       724       43484     189       290       514       514       185       2         5         
2      573       394       43598     131       100       334.75    334.75    187       1         2         
3      433       413       43445     52        52        421       421       188       1         2         
1      579       694       43618     189       189       376.597   376.597   194       1         4         
1      885       1218      43473     290       84        412.04    412.04    196       1         3         
1      460       371       43587     189       100       349       349       197       1         4         
2      460       437       43407     189       189       496       496       197       2         3         
3      946       876       43396     290       291       700       700       198       1         2         
1      917       759       43562     291       291       457.5     457.5     200       1         4         
3      915       1022      43518     291       291       532.75    532.75    200       2         3         
1      672       770       43490     189       290       554.5     554.5     201       1         3         
1      1148      847       43505     291       291       418       418       202       1         3         
4      724       622       43369     290       280       963.602   963.602   206       1         2         
4      837       924       43222     290       290       864.581   864.581   208       1         2         
3      477       234       43587     52        206       366       366       211       1         2         
1      533       1004      43612     199       291       255.5     255.5     217       1         4         
2      896       1357      43613     291       129       414.485   414.485   218       1         2         
3      959       982       43564     291       291       478.015   478.015   220       1         2         
1      210       303       43592     266       299       142       142       221       1         2         
3      605       394       43574     189       100       461.456   461.456   222       1         2         
1      649       507       43594     189       189       392.044   392.044   225       1         3         
3      656       835       43602     290       290       409.95    409.95    226       1         3         
1      779       508       43583     291       189       299.5     299.5     233       1         3         
2      526       759       43414     52        291       509.478   509.478   236       1         4         
1      550       671       43557     131       189       381.478   381.478   236       2         3         
3      251       529       43612     127       189       175       175       245       1         2         
2      526       598       43619     52        280       301       301       246       1         4         
2      549       576       43573     131       280       360.456   360.456   246       2         3         
1      884       560       43592     290       189       377.048   377.048   250       1         4         
2      860       744       43599     290       290       390.334   390.334   250       2         3         
1      940       759       43614     291       291       335.515   335.515   254       1         3         
4      1116      1001      43584     84        291       395       395       255       1         2         
1      757       526       43566     131       52        330.415   330.415   260       1         4         
1      780       664       43530     291       131       379       379       260       2         3         
1      480       11        43561     52        98        351       351       261       1         3         
1      333       325       43595     119       299       191       191       265       1         3         
1      506       372       43597     189       100       295       295       266       1         3         
4      529       573       43407     189       131       558.5     558.5     270       1         2         
1      581       895       43460     189       291       485.597   485.597   276       1         3         
1      697       1010      43453     189       84        512.5     512.5     279       1         4         
3      498       667       43586     52        131       306.5     306.5     281       1         3         
1      549       584       43615     131       189       318       318       282       1         4         
1      971       232       43566     84        127       440.485   440.485   290       1         5         
1      991       858       43605     84        290       375.04    375.04    290       2         4         
3      693       596       43399     189       131       710.493   710.493   297       1         4         
1      693       623       43598     189       280       415.472   415.472   297       2         3         
3      484       455       43551     189       52        349.044   349.044   298       1         3         
1      309       338       43600     127       168       225.5     225.5     303       1         2         
1      47        556       43562     98        189       143       143       306       1         2         
1      1301      984       43600     192       291       286       286       310       1         3         
1      158       199       43511     266       87        218       218       312       1         2         
1      559       865       43600     189       290       370.95    370.95    316       1         2         
1      675       527       43563     290       189       438.544   438.544   317       1         4         
3      651       528       43430     189       189       679.059   679.059   317       2         3         
1      766       804       43584     290       291       433.273   433.273   319       1         3         
2      652       882       43518     189       290       481.23    481.23    320       1         3         
4      771       607       43283     290       189       804.581   804.581   323       1         2         
3      699       715       43364     290       131       654.493   654.493   324       1         2         
1      485       697       43586     199       189       363       363       335       1         3         
1      485       670       43508     199       189       404.978   404.978   335       2         4         
2      628       158       43604     189       266       420.456   420.456   341       1         4         
1      892       894       43505     291       291       490.39    490.39    347       1         3         
3      958       860       43441     291       290       637.485   637.485   347       2         4         
2      625       523       43596     189       52        417.456   417.456   348       1         2         
1      549       724       43566     131       290       318.478   318.478   351       1         3         
1      668       390       43598     131       52        201.5     201.5     355       1         3         
1      607       557       43497     189       189       509.456   509.456   356       1         3         
3      607       269       43280     189       127       810.993   810.993   356       2         4         
3      482       308       43581     189       127       363       363       360       1         2         
1      458       371       43573     52        100       301       301       374       1         3         
1      579       551       43603     189       189       412.456   412.456   383       1         2         
2      390       573       43590     52        131       275.5     275.5     391       1         2         
3      645       616       43548     280       131       435.245   435.245   393       1         2         
1      914       632       43543     291       189       459.5     459.5     397       1         4         
1      413       484       43566     52        189       254       254       398       1         2         
1      946       702       43613     290       290       339.9     339.9     400       1         3         
3      644       650       43462     131       189       592.712   592.712   404       1         3         
1      644       1010      43416     131       84        520.245   520.245   404       2         4         
1      700       527       43563     290       189       441.5     441.5     413       1         4         
2      526       745       43596     52        290       321.478   321.478   417       1         4         
1      549       627       43612     131       189       295.022   295.022   417       2         3         
2      277       556       43602     87        189       204.5     204.5     422       1         2         
1      527       669       43560     189       280       274.989   274.989   427       1         3         
1      527       668       43574     189       131       275.5     275.5     427       2         5         
3      851       484       43506     291       189       493.688   493.688   428       1         3         
3      905       1179      43607     290       84        431.808   431.808   429       1         3         
4      605       286       43238     189       299       1177.81   1177.81   435       1         2         
1      883       527       43550     290       189       391.95    391.95    439       1         4         
1      1246      863       43590     192       290       309.5     309.5     440       1         2         
1      621       970       43582     280       290       400.745   400.745   449       1         3         
1      927       851       43565     290       291       434.04    434.04    453       1         5         
1      927       836       43607     290       290       382.572   382.572   453       2         4         
3      608       717       43460     189       189       649.956   649.956   454       1         3         
1      782       841       43559     291       290       391.945   391.945   456       1         3         
1      443       550       43601     168       131       330.456   330.456   460       1         3         
3      726       526       43479     290       52        566.773   566.773   461       1         4         
1      679       609       43613     290       189       407.807   407.807   461       2         3         
3      418       621       43524     168       280       409.5     409.5     467       1         2         
1      413       511       43592     52        189       243.5     243.5     472       1         3         
4      336       662       43598     119       131       302.5     302.5     475       1         2         
1      489       679       43436     189       290       468.95    468.95    480       1         3         
3      312       716       43608     119       189       207       207       484       1         3         
1      669       527       43568     280       189       421.745   421.745   492       1         4         
2      668       527       43564     131       189       454.212   454.212   492       2         5         
1      906       842       43595     290       290       405.04    405.04    493       1         3         
1      793       331       43514     290       52        566.95    566.95    496       1         3         
1      527       971       43588     189       84        286.544   286.544   498       1         3         
2      454       912       43616     52        291       270       270       500       1         3         
1      811       905       43479     290       290       545.118   545.118   508       1         4         
1      811       1554      43614     290       296       396.729   396.729   508       2         5         
1      836       804       43603     290       291       373.95    373.95    514       1         3         
2      767       827       43568     290       291       441.273   441.273   514       2         5         
3      794       946       43274     290       290       832.581   832.581   515       1         3         
4      693       527       43227     189       189       1008.96   1008.96   516       1         2         
1      412       34        43464     52        98        357.5     357.5     519       1         3         
3      715       826       43527     131       291       486.945   486.945   525       1         2         
3      649       460       43413     189       189       660.956   660.956   537       1         3         
3      805       1012      43603     291       84        436.825   436.825   541       1         2         
2      527       724       43554     189       290       259.5     259.5     549       1         4         
1      527       747       43614     189       290       253.044   253.044   549       2         5         
1      601       665       43551     280       131       412.478   412.478   551       1         3         
3      624       778       43478     280       291       559.989   559.989   551       2         4         
3      692       744       43373     189       290       829.956   829.956   553       1         4         
1      668       827       43468     131       291       575.5     575.5     553       2         3         
2      861       813       43438     290       290       615.303   615.303   555       1         4         
1      885       804       43596     290       291       382.072   382.072   555       2         5         
1      744       795       43602     290       290       398.25    398.25    558       1         3         
1      860       608       43538     290       189       489.4     489.4     566       1         3         
1      434       304       43615     52        299       255.5     255.5     568       1         3         
3      608       717       43460     189       189       592.456   592.456   569       1         2         
1      390       123       43559     52        54        217       217       572       1         3         
1      801       394       43567     291       100       322       322       576       1         4         
1      527       1418      43537     189       129       348.489   348.489   577       1         5         
1      527       848       43599     189       291       266.989   266.989   577       2         4         
3      678       772       43093     290       290       1065.49   1065.49   579       1         3         
1      701       813       43463     290       290       590.456   590.456   579       2         4         
2      770       971       43611     290       84        410.882   410.882   581       1         3         
1      432       369       43537     52        52        274       274       582       1         2         
1      573       811       43512     131       290       421.75    421.75    583       1         3         
1      771       938       43583     290       291       405.95    405.95    584       1         4         
3      679       905       43336     290       290       800.493   800.493   584       2         3         
1      626       507       43601     189       189       357.044   357.044   585       1         3         
3      841       557       43505     290       189       566.581   566.581   587       1         4         
1      842       886       43540     290       290       485.5     485.5     587       2         3         
2      1047      827       43610     291       291       390.5     390.5     590       1         2         
3      395       475       43598     100       52        255.5     255.5     593       1         3         
1      544       503       43574     52        52        354       354       596       1         2         
1      291       460       43611     127       189       214       214       597       1         2         
1      842       698       43493     290       290       422.807   422.807   599       1         3         
1      722       970       43501     290       290       464.75    464.75    602       1         3         
1      555       482       43565     189       189       362.25    362.25    603       1         2         
3      946       876       43396     290       291       681.015   681.015   605       1         2         
3      554       527       43484     189       189       512.5     512.5     606       1         3         
1      1137      859       43594     129       290       399       399       608       1         2         
2      842       504       43459     290       52        507.103   507.103   609       1         3         
2      295       136       43567     119       286       253       253       611       1         3         
2      665       714       43526     131       131       449.745   449.745   613       1         3         
1      573       1188      43387     131       192       546.75    546.75    614       1         3         
1      961       669       43469     291       280       533.5     533.5     615       1         4         
1      416       357       43588     189       168       274       274       619       1         2         
3      1187      536       43518     192       189       428.5     428.5     621       1         3         
2      811       508       43392     290       189       699.729   699.729   622       1         2         
3      616       555       43488     131       189       418.5     418.5     626       1         2         
3      651       528       43430     189       189       679.059   679.059   627       1         4         
1      674       579       43537     189       189       448.544   448.544   627       2         3         
4      794       924       43409     290       290       698.581   698.581   630       1         2         
2      216       444       43614     87        199       174       174       632       1         2         
1      1022      630       43571     291       189       366       366       640       1         5         
2      1043      760       43487     291       291       667.485   667.485   640       2         4         
3      487       439       43325     199       189       694.935   694.935   643       1         3         
1      654       558       43579     290       189       337.23    337.23    644       1         2         
1      549       605       43474     131       189       472.978   472.978   647       1         3         
1      980       984       43543     291       291       461.985   461.985   649       1         4         
3      455       735       43557     52        131       319       319       654       1         2         
1      824       937       43558     291       291       489.777   489.777   658       1         3         
3      873       1023      43594     291       291       441.688   441.688   658       2         4         
1      622       639       43575     280       131       426.25    426.25    659       1         4         
3      485       504       43515     199       52        438.544   438.544   664       1         2         
1      618       668       43561     131       131       393       393       669       1         3         
3      312       716       43608     119       189       207       207       670       1         2         
1      409       350       43588     52        52        228.75    228.75    675       1         2         
1      412       308       43551     52        127       284.5     284.5     679       1         2         
1      397       527       43530     168       189       323       323       680       1         3         
1      827       431       43598     291       52        315.945   315.945   688       1         3         
1      674       442       43508     189       199       472.544   472.544   689       1         3         
1      680       584       43595     290       189       392.807   392.807   690       1         3         
2      504       646       43611     52        280       301.989   301.989   692       1         3         
1      482       355       43461     189       168       472.5     472.5     693       1         4         
3      1023      851       43485     291       291       690.5     690.5     695       1         3         
1      937       828       43599     291       291       379       379       695       2         4         
1      618       1087      43611     131       291       341.75    341.75    696       1         4         
1      665       136       43590     131       286       376.245   376.245   699       1         3         
1      694       549       43542     189       131       438       438       700       1         3         
3      694       386       43256     189       299       894.415   894.415   700       2         4         
4      456       747       43596     52        290       286       286       708       1         2         
1      291       656       43558     127       290       267       267       709       1         2         
2      928       860       43533     290       290       498.025   498.025   711       1         3         
1      782       849       43483     291       291       493.445   493.445   717       1         4         
1      602       670       43572     189       189       408.978   408.978   720       1         4         
2      507       393       43508     189       100       428.5     428.5     722       1         2         
3      390       327       43615     52        299       250.5     250.5     723       1         2         
2      477       234       43587     52        206       366       366       725       1         3         
3      604       668       43482     189       131       522.456   522.456   726       1         2         
3      750       507       42984     290       189       1168.75   1168.75   731       1         3         
1      1106      894       43611     291       291       281       281       738       1         4         
3      1048      951       43430     291       290       703.515   703.515   739       1         3         
1      778       655       43591     291       290       378.817   378.817   741       1         3         
1      847       760       43496     291       291       520.5     520.5     745       1         3         
1      1068      917       43593     291       291       408       408       746       1         3         
1      804       647       43611     291       280       349.273   349.273   748       1         4         
1      981       871       43566     291       291       375.5     375.5     749       1         3         
2      535       510       43483     189       199       493.456   493.456   753       1         3         
1      559       485       43483     189       199       550.544   550.544   753       2         4         
2      430       63        43588     52        98        230       230       754       1         3         
1      824       733       43549     291       131       421.5     421.5     755       1         2         
2      971       1087      43549     84        291       449.808   449.808   758       1         3         
1      630       626       43618     189       189       390.044   390.044   760       1         2         
1      397       100       43617     168       286       202       202       765       1         3         
1      836       673       43486     290       189       431.5     431.5     773       1         5         
1      858       527       43599     290       189       430.9     430.9     773       2         6         
1      549       593       43574     131       131       467.097   467.097   775       1         2         
1      1128      621       43542     291       280       402       402       783       1         3         
1      1044      1167      43510     291       291       444       444       789       1         3         
1      970       1022      43581     290       291       395       395       794       1         4         
3      970       983       43422     290       291       664.525   664.525   794       2         3         
2      925       936       43515     290       291       525.564   525.564   797       1         4         
1      925       870       43496     290       291       455.033   455.033   797       2         5         
1      1128      724       43598     291       290       335       335       800       1         3         
1      582       557       43593     189       189       352.245   352.245   802       1         2         
2      864       395       43510     290       100       332       332       804       1         4         
2      1048      906       43571     291       290       405.015   405.015   807       1         3         
4      499       274       43487     52        87        441.5     441.5     811       1         2         
1      435       374       43594     52        168       289       289       819       1         2         
1      616       549       43514     131       131       395       395       820       1         3         
1      556       458       43513     189       52        439.75    439.75    822       1         3         
1      270       193       43607     127       266       137       137       828       1         2         
3      526       387       43334     52        52        588       588       835       1         3         
1      847       940       43487     291       291       596.409   596.409   840       1         3         
3      782       527       43585     291       189       455.375   455.375   844       1         3         
2      498       667       43586     52        131       257.5     257.5     845       1         5         
1      545       645       43489     52        280       480.5     480.5     845       2         4         
3      679       863       43438     290       290       629.47    629.47    848       1         3         
2      894       961       43606     291       291       409.188   409.188   850       1         3         
2      894       1065      43595     291       291       413.688   413.688   850       2         4         
3      461       1043      43428     189       291       456       456       857       1         3         
1      533       607       43580     199       189       353.544   353.544   859       1         3         
1      607       673       43578     189       189       446.956   446.956   859       2         4         
1      551       456       43619     189       52        329.5     329.5     862       1         4         
3      551       593       43557     189       131       449.5     449.5     862       2         3         
1      236       488       43602     87        199       153.5     153.5     863       1         2         
3      482       308       43581     189       127       363       363       865       1         2         
1      648       736       43614     280       131       392.989   392.989   870       1         3         
1      578       504       43592     189       52        412.75    412.75    872       1         4         
3      578       527       43550     189       189       454.75    454.75    872       2         3         
1      768       722       43559     290       290       387.773   387.773   876       1         3         
1      768       912       43579     290       291       395.45    395.45    876       2         5         
2      605       441       43475     189       168       554       554       884       1         2         
4      371       287       43520     100       299       271.5     271.5     889       1         2         
3      700       418       43440     290       168       608.493   608.493   892       1         3         
1      632       669       43499     189       280       481.544   481.544   893       1         3         
3      767       827       43568     290       291       470.229   470.229   897       1         3         
2      551       593       43557     189       131       449.5     449.5     898       1         2         
2      509       721       43447     199       290       514.5     514.5     899       1         2         
1      527       158       43582     189       266       262.5     262.5     908       1         3         
1      691       735       43559     131       131       368.273   368.273   911       1         4         
1      701       926       43593     290       290       443.456   443.456   912       1         5         
1      726       816       43593     290       290       399.537   399.537   912       2         4         
2      507       203       43577     189       87        315.5     315.5     923       1         4         
2      946       790       43506     290       290       546.564   546.564   924       1         4         
2      925       836       43602     290       290       418.065   418.065   924       2         3         
2      398       372       43425     168       100       502.5     502.5     928       1         2         
2      372       412       43497     100       52        308.5     308.5     933       1         2         
2      499       208       43532     52        266       344       344       936       1         2         
1      251       78        43503     127       9         275       275       937       1         3         
1      1023      938       43472     291       291       358       358       939       1         4         
1      623       673       43545     280       189       414.245   414.245   942       1         2         
3      673       790       43588     189       290       433       433       943       1         3         
2      458       483       43556     52        189       307       307       944       1         2         
2      649       629       43483     189       189       528.676   528.676   945       1         3         
1      629       523       43581     189       52        459.603   459.603   945       2         4         
3      506       508       43527     189       189       350.5     350.5     946       1         2         
3      873       1023      43594     291       291       441.688   441.688   947       1         3         
3      668       527       43564     131       189       454.212   454.212   952       1         2         
3      579       616       43278     189       131       875.995   875.995   953       1         3         
3      915       1022      43518     291       291       510.5     510.5     957       1         3         
1      722       215       43496     290       87        454.773   454.773   959       1         5         
1      464       551       43601     199       189       319       319       962       1         5         
1      578       758       43597     189       291       400.245   400.245   965       1         4         
1      600       691       43441     280       131       503.745   503.745   965       2         3         
1      850       633       43564     291       189       371.409   371.409   966       1         3         
1      198       232       43606     87        127       154       154       969       1         2         
3      959       982       43564     291       291       478.015   478.015   971       1         2         
3      627       793       43424     189       290       555       555       973       1         3         
2      577       771       43491     189       290       504.456   504.456   974       1         4         
2      580       680       43569     189       290       424.5     424.5     974       2         3         
4      532       699       43476     189       290       538.5     538.5     975       1         2         
1      962       1023      43594     291       291       394.25    394.25    976       1         3         
1      962       851       43571     291       291       424.75    424.75    976       2         4         
1      972       630       43578     84        189       396.54    396.54    981       1         3         
3      437       141       43601     189       174       247.5     247.5     983       1         2         
1      788       926       43481     290       290       566.45    566.45    986       1         3         
3      768       837       43493     290       290       563.229   563.229   988       1         2         
2      675       789       43597     290       290       397.73    397.73    993       1         3         
1      675       811       43564     290       290       395.5     395.5     993       2         4         
1      980       894       43591     291       291       356.985   356.985   994       1         3         
2      980       212       43570     291       266       456.015   456.015   994       2         4         
1      556       527       43500     189       189       416.75    416.75    997       1         2         
1      695       607       43532     189       189       441.273   441.273   1001      1         3         
1      1090      1254      43580     291       129       410       410       1010      1         3         
4      848       1209      43471     291       192       718.188   718.188   1011      1         2         
3      838       938       43273     290       291       822.882   822.882   1012      1         2         
1      648       583       43581     280       189       378.856   378.856   1015      1         5         
2      616       575       43553     131       280       364       364       1024      1         2         
1      715       443       43576     131       168       406.445   406.445   1027      1         4         
1      715       676       43511     131       290       418.02    418.02    1027      2         3         
4      600       760       43470     280       291       630.478   630.478   1028      1         2         
2      679       908       43495     290       290       612.773   612.773   1031      1         4         
2      679       749       43434     290       290       619.257   619.257   1031      2         3         
1      1068      1156      43588     291       129       258.5     258.5     1038      1         3         
1      646       711       43459     280       131       564.745   564.745   1042      1         3         
1      990       673       43551     290       189       443.5     443.5     1046      1         3         
2      1370      1251      43561     129       129       276       276       1054      1         2         
3      601       804       43444     280       291       581.489   581.489   1060      1         3         
3      463       443       43325     199       168       566.022   566.022   1065      1         3         
1      443       488       43516     168       199       415.456   415.456   1065      2         4         
1      791       533       43510     290       199       549.45    549.45    1066      1         3         
1      1066      1229      43591     291       129       314.75    314.75    1068      1         3         
1      527       645       43585     189       280       294.489   294.489   1070      1         3         
2      527       646       43487     189       280       410.989   410.989   1070      2         4         
1      699       626       43601     290       189       381.72    381.72    1071      1         4         
1      721       326       43544     290       299       473.273   473.273   1071      2         5         
3      434       249       43386     52        127       451.5     451.5     1072      1         3         
2      549       393       43532     131       100       390       390       1073      1         3         
1      664       534       43571     131       199       314.5     314.5     1074      1         3         
2      479       305       43588     52        299       272       272       1076      1         4         
3      865       656       43389     290       290       661.745   661.745   1086      1         3         
2      908       528       43617     290       189       422.921   422.921   1098      1         3         
1      914       1001      43574     291       291       418.25    418.25    1104      1         3         
3      663       527       43471     131       189       549.5     549.5     1106      1         4         
1      663       527       43569     131       189       399       399       1106      2         3         
2      521       552       43482     52        189       453.25    453.25    1107      1         2         
2      230       62        43487     127       98        231       231       1112      1         2         
3      287       136       43597     299       286       152       152       1114      1         2         
1      940       970       43604     291       290       389.015   389.015   1116      1         2         
3      277       556       43602     87        189       204.5     204.5     1117      1         2         
1      415       694       43386     189       189       470.5     470.5     1119      1         2         
1      573       600       43593     131       280       334.25    334.25    1121      1         2         
3      723       837       43554     290       290       496.456   496.456   1122      1         2         
1      551       231       43541     189       127       398       398       1125      1         3         
2      365       409       43611     299       52        210.25    210.25    1126      1         2         
1      972       722       43530     84        290       444.54    444.54    1130      1         4         
1      950       760       43537     290       291       445.54    445.54    1130      2         5         
2      409       434       43613     52        52        251.25    251.25    1144      1         2         
2      557       607       43495     189       189       543.73    543.73    1148      1         3         
1      605       926       43488     189       290       393.5     393.5     1148      2         5         
2      527       623       43420     189       280       482.435   482.435   1154      1         4         
2      527       575       43474     189       280       435.044   435.044   1154      2         3         
1      483       513       43397     189       189       538.5     538.5     1156      1         3         
2      512       981       43517     189       291       477.956   477.956   1156      2         4         
2      928       527       43389     290       189       582.04    582.04    1163      1         3         
1      791       1087      43483     290       291       519.45    519.45    1164      1         4         
3      791       905       43274     290       290       859.688   859.688   1164      2         3         
3      624       778       43478     280       291       559.989   559.989   1166      1         2         
1      912       873       43534     291       291       478       478       1167      1         2         
2      617       607       43603     131       189       362       362       1169      1         3         
1      1066      912       43590     291       291       326.5     326.5     1173      1         2         
3      570       465       43487     131       199       520       520       1174      1         3         
1      628       123       43562     189       54        416.544   416.544   1179      1         4         
3      628       396       43415     189       189       609.456   609.456   1179      2         3         
2      766       924       43544     290       290       428.95    428.95    1181      1         4         
1      766       887       43555     290       290       456.95    456.95    1181      2         5         
3      484       455       43551     189       52        381.935   381.935   1182      1         3         
1      693       527       43577     189       189       462.945   462.945   1185      1         3         
2      905       1179      43607     290       84        431.808   431.808   1191      1         3         
1      905       795       43594     290       290       361.548   361.548   1198      1         3         
3      817       160       43431     290       207       667.581   667.581   1198      2         4         
1      646       549       43524     280       131       429.356   429.356   1199      1         4         
1      646       527       43619     280       189       318.356   318.356   1199      2         5         
3      35        438       43595     98        189       139       139       1201      1         2         
1      772       948       43469     290       290       565.95    565.95    1206      1         4         
3      409       434       43613     52        52        251.25    251.25    1207      1         2         
3      549       393       43532     131       100       429.5     429.5     1215      1         2         
1      1065      1025      43505     291       291       434       434       1222      1         3         
3      1043      760       43487     291       291       619.25    619.25    1222      2         4         
2      870       735       43442     291       131       654.188   654.188   1223      1         3         
3      310       31        43533     127       98        289       289       1224      1         3         
3      628       354       43589     189       119       435.456   435.456   1225      1         2         
3      794       946       43274     290       290       878.688   878.688   1233      1         2         
1      372       90        43587     100       178       181       181       1234      1         3         
2      317       411       43613     277       52        286.5     286.5     1236      1         2         
3      835       409       43408     290       52        688.825   688.825   1237      1         3         
3      928       850       43302     290       291       831.953   831.953   1244      1         4         
1      928       995       43595     290       84        355.572   355.572   1244      2         3         
1      746       849       43563     290       291       466.882   466.882   1247      1         2         
1      851       1086      43564     291       291       380.25    380.25    1248      1         5         
1      915       984       43600     291       291       356       356       1248      2         3         
1      850       1011      43566     291       84        283.5     283.5     1249      1         4         
3      645       616       43548     280       131       515.712   515.712   1251      1         4         
1      621       617       43567     280       131       439.745   439.745   1251      2         3         
2      229       527       43580     266       189       201       201       1254      1         3         
1      841       527       43505     290       189       396.307   396.307   1257      1         3         
1      788       924       43438     290       290       586.45    586.45    1258      1         3         
1      1225      1148      43590     192       291       367       367       1268      1         2         
1      387       369       43589     52        52        269.25    269.25    1275      1         2         
1      1196      1109      43538     129       291       434       434       1277      1         2         
1      604       722       43568     189       290       331.946   331.946   1278      1         4         
1      604       673       43566     189       189       347.284   347.284   1278      2         3         
1      906       862       43591     290       290       413.572   413.572   1285      1         2         
2      528       364       43570     189       299       387       387       1286      1         3         
3      768       649       43415     290       189       729.993   729.993   1287      1         3         
1      702       527       43604     290       189       292       292       1291      1         4         
1      904       813       43585     290       290       420.4     420.4     1292      1         2         
2      387       250       43470     52        127       386.25    386.25    1296      1         2         
1      580       335       43482     189       119       385.5     385.5     1298      1         3         
4      839       527       43428     290       189       701.474   654.498   0         0         0         
3      818       906       43429     290       290       699.855   652.988   0         0         0         
4      771       971       43480     290       84        622.061   580.403   0         0         0         
3      769       838       43526     290       290       559.339   521.882   0         0         0         
3      769       838       43526     290       290       559.339   521.882   0         0         0         
3      791       906       43529     290       290       555.475   518.277   0         0         0         
3      928       270       43535     290       127       547.828   511.141   0         0         0         
3      790       675       43537     290       290       545.302   508.785   0         0         0         
3      790       675       43537     290       290       545.302   508.785   0         0         0         
4      608       726       43548     189       290       531.618   496.017   0         0         0         
3      946       875       43549     290       291       530.391   494.872   0         0         0         
2      723       837       43554     290       290       524.299   489.188   0         0         0         
3      860       557       43558     290       189       519.476   484.688   0         0         0         
4      694       386       43558     189       299       519.476   484.688   0         0         0         
4      864       991       43559     290       84        518.277   483.569   0         0         0         
2      908       895       43560     290       291       517.081   482.453   0         0         0         
3      904       768       43562     290       290       514.697   480.229   0         0         0         
3      904       768       43562     290       290       514.697   480.229   0         0         0         
3      863       926       43563     290       290       513.509   479.121   0         0         0         
3      863       926       43563     290       290       513.509   479.121   0         0         0         
1      881       865       43568     290       290       507.611   473.618   0         0         0         
2      743       727       43574     290       290       500.622   467.097   0         0         0         
3      951       884       43575     290       290       499.467   466.019   0         0         0         
1      1015      960       43576     84        291       498.314   464.944   0         0         0         
4      722       674       43580     290       189       493.73    460.667   0         0         0         
2      795       662       43581     290       131       492.591   459.603   0         0         0         
3      795       662       43581     290       131       492.591   459.603   0         0         0         
3      782       527       43585     291       189       488.059   455.375   0         0         0         
2      673       790       43588     189       290       484.688   452.23    0         0         0         
2      745       816       43591     290       290       481.34    449.106   0         0         0         
3      836       63        43603     290       98        468.178   436.825   0         0         0         
3      842       946       43609     290       290       461.732   430.811   0         0         0         
3      842       946       43609     290       290       461.732   430.811   0         0         0         
3      781       504       43610     291       52        460.667   429.817   0         0         0         
2      749       813       43610     290       290       460.667   429.817   0         0         0         
3      749       813       43610     290       290       460.667   429.817   0         0         0         
2      889       699       43612     290       290       458.543   427.835   0         0         0         
2      791       652       43616     290       189       454.324   423.9     0         0         0         
2      716       507       43618     189       189       452.23    421.945   0         0         0         
1      694       580       43619     189       189       451.186   420.972   0         0         0         
1      369       527       43620     52        189       450.145   0         0         0         0         
1      697       704       43620     189       290       450.145   0         0         0         0         
1      621       804       43620     280       291       450.145   0         0         0         0         
1      1107      1002      43620     291       291       450.145   0         0         0         0         
1      578       527       43621     189       189       449.106   0         0         0         0         
1      504       627       43621     52        189       449.106   0         0         0         0         
1      137       230       43621     286       127       449.106   0         0         0         0         
2      415       294       43621     189       87        449.106   0         0         0         0         
1      352       145       43621     119       178       449.106   0         0         0         0         
1      504       19        43621     52        98        449.106   0         0         0         0         
1      101       413       43622     57        52        448.07    0         0         0         0         
1      527       138       43622     189       54        448.07    0         0         0         0         
1      390       251       43622     52        127       448.07    0         0         0         0         
2      216       1460      43622     87        296       448.07    0         0         0         0         
3      216       1460      43622     87        296       448.07    0         0         0         0         
1      1023      673       43623     291       189       447.035   0         0         0         0         
1      672       351       43623     189       52        447.035   0         0         0         0         
1      917       850       43623     291       291       447.035   0         0         0         0         
2      535       97        43623     189       9         447.035   0         0         0         0         
2      623       649       43624     280       189       446.004   0         0         0         0         
1      699       673       43624     290       189       446.004   0         0         0         0         
1      790       580       43624     290       189       446.004   0         0         0         0         
1      792       667       43624     290       131       446.004   0         0         0         0         
2      482       367       43624     189       52        446.004   0         0         0         0         
1      551       861       43624     189       290       446.004   0         0         0         0         
1      606       813       43624     189       290       446.004   0         0         0         0         
1      766       885       43624     290       290       446.004   0         0         0         0         
1      576       915       43624     280       291       446.004   0         0         0         0         
1      605       552       43625     189       189       444.974   0         0         0         0         
2      527       228       43625     189       266       444.974   0         0         0         0         
1      118       212       43625     286       266       444.974   0         0         0         0         
2      173       81        43625     266       286       444.974   0         0         0         0         
1      584       411       43626     189       52        443.948   0         0         0         0         
2      532       835       43626     189       290       443.948   0         0         0         0         
3      532       835       43626     189       290       443.948   0         0         0         0         
2      905       702       43626     290       290       443.948   0         0         0         0         
2      527       816       43627     189       290       442.923   0         0         0         0         
1      617       643       43628     131       131       441.901   0         0         0         0         
1      452       618       43628     52        131       441.901   0         0         0         0         
1      1132      1003      43628     291       291       441.901   0         0         0         0         
1      122       436       43629     54        189       440.881   0         0         0         0         
1      717       465       43629     189       199       440.881   0         0         0         0         
2      504       157       43629     52        266       440.881   0         0         0         0         
1      152       721       43629     286       290       440.881   0         0         0         0         
2      656       840       43629     290       290       440.881   0         0         0         0         
1      579       627       43630     189       189       439.864   0         0         0         0         
2      688       554       43630     131       189       439.864   0         0         0         0         
1      893       604       43630     291       189       439.864   0         0         0         0         
1      757       665       43631     131       131       438.848   0         0         0         0         
1      507       761       43631     189       291       438.848   0         0         0         0         
2      552       527       43632     189       189       437.836   0         0         0         0         
1      647       460       43632     280       189       437.836   0         0         0         0         
1      607       534       43632     189       199       437.836   0         0         0         0         
1      793       409       43632     290       52        437.836   0         0         0         0         
3      744       195       43632     290       207       437.836   0         0         0         0         
3      744       195       43632     290       207       437.836   0         0         0         0         
2      409       246       43632     52        299       437.836   0         0         0         0         
1      232       646       43633     127       280       436.825   0         0         0         0         
2      549       332       43633     131       119       436.825   0         0         0         0         
2      925       885       43633     290       290       436.825   0         0         0         0         
1      984       851       43633     291       291       436.825   0         0         0         0         
1      669       551       43634     280       189       435.817   0         0         0         0         
2      826       551       43634     291       189       435.817   0         0         0         0         
1      413       596       43634     52        131       435.817   0         0         0         0         
1      722       946       43634     290       290       435.817   0         0         0         0         
2      937       984       43634     291       291       435.817   0         0         0         0         
3      213       692       43635     266       189       434.811   0         0         0         0         
1      579       393       43635     189       100       434.811   0         0         0         0         
1      289       675       43635     127       290       434.811   0         0         0         0         
2      861       970       43635     290       290       434.811   0         0         0         0         
3      861       970       43635     290       290       434.811   0         0         0         0         
3      858       804       43635     290       291       434.811   0         0         0         0         
1      364       30        43635     299       9         434.811   0         0         0         0         
1      483       33        43635     189       98        434.811   0         0         0         0         
1      769       580       43636     290       189       433.808   0         0         0         0         
2      679       793       43636     290       290       433.808   0         0         0         0         
3      679       793       43636     290       290       433.808   0         0         0         0         
1      767       602       43637     290       189       432.807   0         0         0         0         
1      254       439       43637     87        189       432.807   0         0         0         0         
1      251       523       43637     127       52        432.807   0         0         0         0         
1      559       984       43637     189       291       432.807   0         0         0         0         
1      409       116       43637     52        9         432.807   0         0         0         0         
4      483       630       43638     189       189       431.808   0         0         0         0         
1      654       331       43638     290       52        431.808   0         0         0         0         
2      233       353       43638     206       119       431.808   0         0         0         0         
3      233       353       43638     206       119       431.808   0         0         0         0         
1      889       813       43638     290       290       431.808   0         0         0         0         
1      860       926       43638     290       290       431.808   0         0         0         0         
1      905       1114      43638     290       129       431.808   0         0         0         0         
1      279       394       43639     277       100       430.811   0         0         0         0         
2      348       376       43639     299       168       430.811   0         0         0         0         
1      722       860       43639     290       290       430.811   0         0         0         0         
1      864       680       43639     290       290       430.811   0         0         0         0         
1      510       778       43639     199       291       430.811   0         0         0         0         
1      914       893       43639     291       291       430.811   0         0         0         0         
3      415       346       43639     189       299       430.811   0         0         0         0         
3      415       346       43639     189       299       430.811   0         0         0         0         
1      850       717       43640     291       189       429.817   0         0         0         0         
2      960       601       43640     291       280       429.817   0         0         0         0         
1      1004      1001      43640     291       291       429.817   0         0         0         0         
1      917       802       43640     291       291       429.817   0         0         0         0         
2      549       293       43640     131       87        429.817   0         0         0         0         
3      549       293       43640     131       87        429.817   0         0         0         0         
3      556       673       43641     189       189       428.825   0         0         0         0         
3      556       673       43641     189       189       428.825   0         0         0         0         
1      31        462       43641     98        189       428.825   0         0         0         0         
1      652       459       43641     189       52        428.825   0         0         0         0         
1      648       378       43641     280       168       428.825   0         0         0         0         
2      596       228       43641     131       266       428.825   0         0         0         0         
3      596       228       43641     131       266       428.825   0         0         0         0         
3      1011      910       43641     84        290       428.825   0         0         0         0         
1      330       255       43641     52        87        428.825   0         0         0         0         
2      441       556       43642     168       189       427.835   0         0         0         0         
3      441       556       43642     168       189       427.835   0         0         0         0         
1      628       574       43642     189       280       427.835   0         0         0         0         
2      607       354       43642     189       119       427.835   0         0         0         0         
2      983       874       43642     291       291       427.835   0         0         0         0         
3      983       874       43642     291       291       427.835   0         0         0         0         
1      213       628       43643     266       189       426.848   0         0         0         0         
1      888       632       43643     290       189       426.848   0         0         0         0         
1      735       617       43643     131       131       426.848   0         0         0         0         
1      602       526       43643     189       52        426.848   0         0         0         0         
1      355       926       43643     168       290       426.848   0         0         0         0         
4      717       328       43643     189       299       426.848   0         0         0         0         
2      646       31        43643     280       98        426.848   0         0         0         0         
2      909       640       43644     290       131       425.863   0         0         0         0         
1      526       435       43644     52        52        425.863   0         0         0         0         
1      229       502       43644     266       52        425.863   0         0         0         0         
2      664       724       43644     131       290       425.863   0         0         0         0         
1      747       816       43644     290       290       425.863   0         0         0         0         
1      607       1065      43644     189       291       425.863   0         0         0         0         
1      575       918       43644     280       291       425.863   0         0         0         0         
3      850       606       43645     291       189       424.88    0         0         0         0         
3      850       606       43645     291       189       424.88    0         0         0         0         
2      675       526       43645     290       52        424.88    0         0         0         0         
1      860       905       43645     290       290       424.88    0         0         0         0         
1      888       816       43645     290       290       424.88    0         0         0         0         
3      745       804       43645     290       291       424.88    0         0         0         0         
3      1172      851       43645     129       291       424.88    0         0         0         0         
3      837       598       43646     290       280       423.9     0         0         0         0         
3      837       598       43646     290       280       423.9     0         0         0         0         
1      455       412       43646     52        52        423.9     0         0         0         0         
1      726       313       43646     290       119       423.9     0         0         0         0         
1      626       179       43646     189       178       423.9     0         0         0         0         
2      229       369       43647     266       52        422.921   0         0         0         0         
2      907       725       43647     290       290       422.921   0         0         0         0         
2      628       419       43648     189       168       421.945   0         0         0         0         
1      948       1194      43648     290       129       421.945   0         0         0         0         
2      574       212       43649     280       266       420.972   0         0         0         0         
1      926       1178      43649     290       129       420.972   0         0         0         0         
