COLUMNS

passenger_count
pickup_ID
dropoff_ID
request_time_sec
pickup_district
dropoff_district

REQUESTS_INFO
2      417       578       30240     100       189       
1      556       719       30240     199       189       
1      354       436       30240     119       100       
1      865       603       30241     290       189       
1      527       648       30241     52        189       
1      43        760       30241     9         291       
1      1107      1225      30241     291       192       
1      674       716       30241     189       189       
1      556       575       30241     199       189       
3      412       116       30241     52        9         
1      393       651       30241     52        189       
1      621       756       30241     280       131       
3      412       116       30241     52        9         
2      253       417       30242     206       100       
1      739       527       30242     189       52        
1      604       698       30242     189       189       
1      440       556       30242     168       199       
1      1168      982       30243     291       291       
3      370       604       30243     52        189       
1      760       649       30243     291       189       
1      230       770       30243     266       290       
1      454       624       30243     52        189       
1      1168      671       30244     291       280       
1      418       507       30244     168       189       
2      670       438       30244     280       100       
1      444       721       30244     168       290       
3      452       595       30244     52        131       
2      583       646       30245     189       280       
2      432       232       30245     52        266       
2      35        60        30245     98        9         
1      1172      983       30245     129       291       
1      393       350       30245     52        127       
3      749       924       30246     290       290       
1      849       408       30246     291       299       
1      974       927       30246     84        290       
1      527       438       30246     52        100       
2      749       924       30246     290       290       
1      656       353       30247     290       119       
1      504       416       30247     52        100       
1      415       508       30247     100       199       
1      356       232       30247     119       266       
1      714       719       30247     131       189       
1      304       436       30248     299       100       
1      229       694       30248     266       189       
1      580       527       30249     189       52        
1      665       662       30249     131       131       
1      1432      726       30249     129       290       
1      31        135       30249     9         286       
1      618       421       30249     131       168       
1      816       253       30250     290       206       
1      604       697       30250     189       189       
1      992       1057      30250     290       84        
2      458       651       30251     52        189       
1      627       718       30251     189       189       
2      769       1010      30251     290       290       
1      555       698       30251     199       189       
1      699       139       30251     290       57        
1      527       437       30251     52        100       
1      627       371       30251     189       52        
1      116       600       30251     9         280       
1      861       618       30252     290       131       
1      604       697       30252     189       189       
1      850       671       30252     291       280       
1      31        757       30252     9         131       
1      551       580       30252     189       189       
1      437       116       30252     100       9         
1      1065      134       30252     291       9         
1      864       749       30253     290       290       
1      850       1088      30253     291       291       
1      742       626       30254     290       189       
2      34        139       30254     98        57        
1      723       534       30254     290       199       
1      621       694       30254     280       189       
3      389       313       30254     299       87        
3      738       670       30255     189       280       
2      79        686       30255     98        131       
1      269       116       30255     127       9         
1      884       794       30255     290       290       
3      738       670       30255     189       280       
1      347       414       30255     299       100       
2      532       373       30256     199       119       
1      1058      1015      30256     84        84        
3      743       968       30256     290       290       
3      743       968       30256     290       290       
3      160       433       30256     54        52        
3      160       433       30256     54        52        
2      604       719       30256     189       189       
1      376       156       30256     168       286       
1      527       372       30256     52        119       
1      903       602       30257     290       189       
3      582       554       30257     189       189       
3      582       554       30257     189       189       
1      884       838       30257     290       290       
1      642       650       30257     131       189       
1      721       392       30257     290       52        
1      692       755       30257     280       131       
1      1010      649       30257     290       189       
1      646       527       30257     280       52        
1      477       781       30257     52        291       
1      905       624       30257     290       189       
1      512       409       30258     199       52        
1      293       198       30258     87        178       
1      689       604       30258     131       189       
1      927       817       30258     290       290       
1      874       687       30259     291       131       
1      815       575       30259     290       189       
1      937       693       30259     291       280       
2      702       116       30259     290       9         
1      925       865       30259     290       290       
3      504       395       30259     52        100       
3      504       395       30259     52        100       
3      335       672       30260     119       189       
2      440       578       30260     168       189       
1      310       544       30260     127       52        
1      134       452       30260     9         52        
1      248       306       30260     266       299       
2      308       134       30261     127       9         
3      308       134       30261     127       9         
1      291       556       30261     87        199       
1      992       1069      30261     290       291       
1      418       581       30262     168       189       
1      747       371       30263     290       52        
1      621       116       30263     280       9         
1      1002      719       30263     291       189       
1      526       603       30263     52        189       
1      991       791       30263     290       290       
2      550       554       30263     189       189       
3      550       554       30263     189       189       
1      1107      673       30264     291       189       
1      969       629       30264     290       189       
1      654       487       30264     189       199       
2      189       533       30264     286       199       
1      1283      748       30264     192       290       
1      511       630       30264     199       189       
2      644       686       30264     131       131       
1      748       535       30265     290       189       
1      662       364       30265     131       299       
1      598       760       30265     189       291       
1      324       61        30265     299       98        
1      465       527       30266     199       52        
1      828       228       30266     291       266       
3      961       568       30266     291       52        
1      461       291       30266     189       87        
1      827       417       30266     291       100       
1      599       247       30267     280       266       
1      768       838       30267     290       290       
2      906       743       30267     290       290       
1      882       674       30267     290       189       
3      189       523       30267     286       52        
1      791       574       30267     290       189       
1      647       721       30268     280       290       
1      598       673       30268     189       189       
2      654       558       30268     189       189       
1      484       398       30268     189       168       
1      387       691       30268     299       131       
1      1046      817       30268     291       290       
2      725       627       30268     290       189       
1      549       628       30268     52        189       
1      546       652       30268     52        189       
1      575       315       30268     189       277       
3      735       304       30268     131       299       
2      735       304       30268     131       299       
1      439       553       30269     189       189       
1      782       744       30269     291       290       
1      805       903       30269     291       290       
1      549       408       30269     52        299       
3      579       669       30269     189       280       
1      767       647       30269     290       280       
1      768       760       30269     290       291       
3      250       727       30269     127       290       
2      250       727       30269     127       290       
1      549       557       30270     52        189       
1      760       720       30270     291       290       
1      874       433       30270     291       52        
1      794       535       30270     290       189       
1      668       679       30270     280       290       
1      913       1025      30270     291       291       
1      674       210       30270     189       266       
2      47        100       30270     98        57        
