COLUMNS

passenger_count
pickup_ID
dropoff_ID
request_time_sec
pickup_district
dropoff_district
LDuals
IDuals
vehicle_ID
pick_position
drop_position

REQUESTS_INFO
1      840       951       31473     290       290       263       263       0         1         5         
2      325       232       31511     299       266       207       207       6         1         3         
1      273       255       31501     206       87        201       201       8         1         2         
1      816       581       31528     290       189       188       188       21        1         3         
3      748       10        31526     290       98        177       177       24        1         3         
1      1026      1284      31479     291       129       289       289       31        1         3         
1      388       737       31498     299       189       232       232       47        1         2         
4      413       578       31527     52        189       100       100       128       1         2         
4      249       392       31498     266       52        264       264       132       1         2         
1      794       559       31444     290       189       304       304       138       1         2         
1      794       533       31475     290       199       247       247       172       1         3         
1      818       928       31512     290       290       255       255       202       1         3         
3      533       396       31514     199       119       126       126       261       1         2         
1      859       828       31518     290       291       191       191       269       1         4         
1      306       117       31527     299       286       168       168       274       1         3         
1      1167      1530      31450     291       296       285       285       275       1         2         
3      197       174       31505     178       266       168       168       289       1         2         
3      476       324       31495     52        299       250       250       304       1         2         
1      865       963       31480     290       50        194       194       306       1         3         
1      1172      790       31509     129       290       207       207       322       1         2         
1      837       10        31529     290       98        170.5     170.5     342       1         3         
1      1031      1069      31506     50        291       242       242       396       1         2         
3      499       665       31514     52        131       220       220       399       1         2         
2      631       605       31500     189       189       151       151       419       1         2         
2      726       602       31507     290       189       189       189       421       1         3         
1      461       356       31522     189       119       146       146       430       1         2         
1      813       771       31488     290       290       245       245       436       1         2         
1      770       656       31514     290       290       200.5     200.5     439       1         3         
1      557       720       31515     189       290       140       140       444       1         2         
1      873       710       31516     291       131       160       160       445       1         4         
1      1087      1302      31524     291       129       195       195       451       1         3         
2      940       1089      31425     291       291       319       319       485       1         2         
1      757       849       31511     131       291       168       168       540       1         2         
2      971       924       31345     290       290       382       382       554       1         2         
1      961       896       31307     291       291       405       405       597       1         2         
2      479       544       31521     52        52        180       180       601       1         4         
2      863       606       31424     290       189       368       368       603       1         2         
1      862       804       31516     290       291       258       258       606       1         3         
2      927       925       31463     290       290       320       320       610       1         3         
2      841       675       31509     290       189       240       240       610       2         4         
1      750       271       31287     999       127       459       459       615       1         2         
1      874       1045      31523     291       291       172       172       644       1         3         
1      732       555       31517     131       199       159       159       650       1         3         
3      680       557       31486     290       189       211       211       661       1         3         
1      761       790       31502     50        290       125       125       666       1         3         
3      740       287       31505     50        299       157       157       689       1         3         
2      573       578       31512     189       189       140       140       712       1         2         
1      886       948       31359     290       290       432       432       732       1         2         
1      848       1128      31510     291       291       222       222       753       1         2         
1      913       1023      31451     291       291       278       278       762       1         2         
1      745       417       31525     290       100       128       128       776       1         3         
3      883       554       31272     290       189       479       479       779       1         2         
1      665       606       31521     131       189       104       104       782       1         4         
2      643       416       31529     131       100       148       148       785       1         3         
1      887       64        31518     290       98        249       249       793       1         4         
1      741       573       31523     50        189       106       106       824       1         4         
3      896       415       31519     291       100       223       223       832       1         2         
1      841       652       31367     290       189       407       407       842       1         2         
3      888       630       31474     290       189       291       291       866       1         2         
3      945       881       31504     50        290       255       255       880       1         2         
1      914       695       31490     291       189       209       209       891       1         2         
1      408       668       31501     299       280       187       187       894       1         3         
1      864       440       31335     290       168       446       446       908       1         4         
3      818       648       31364     290       189       403       403       908       2         3         
1      871       698       31513     291       189       189       189       912       1         2         
2      985       650       31483     50        189       236       236       924       1         3         
1      304       350       31499     299       127       202       202       932       1         2         
2      896       415       31519     291       100       223       223       935       1         3         
2      1068      904       31514     291       290       250       250       946       1         2         
1      526       498       31519     52        52        135       135       962       1         5         
3      813       79        31444     290       98        289       289       973       1         3         
1      968       749       31432     290       290       317       317       991       1         2         
3      1023      1189      31350     291       192       368       368       999       1         2         
1      882       692       31483     290       280       196       196       1002      1         4         
2      501       412       31480     52        52        228       228       1006      1         3         
1      839       627       31525     290       189       200       200       1025      1         3         
1      632       703       31521     189       290       123       123       1031      1         2         
1      927       864       31421     290       290       320       320       1034      1         2         
2      882       697       31469     290       189       249       249       1039      1         2         
1      1025      671       31291     291       280       483       483       1044      1         2         
1      962       968       31394     291       290       338       338       1045      1         3         
1      332       460       31490     87        189       140       140       1052      1         2         
1      817       79        31502     290       98        229       229       1056      1         4         
1      527       625       31518     52        189       159       159       1068      1         2         
1      818       414       31502     290       100       257       257       1071      1         3         
4      840       928       31243     290       290       519       519       1081      1         2         
1      874       1000      31496     291       291       199       199       1094      1         3         
3      723       650       31485     290       189       177       177       1099      1         2         
3      726       602       31507     290       189       189       189       1103      1         3         
1      234       397       31511     87        168       172       172       1126      1         2         
1      950       852       31510     290       291       196       196       1181      1         4         
2      923       766       31489     290       290       271       271       1183      1         3         
1      881       651       31483     290       189       255       255       1188      1         2         
2      1168      968       31470     291       290       249       249       1190      1         2         
3      1119      1015      31495     84        84        193       193       1200      1         2         
1      1159      1270      31527     84        129       145       145       1204      1         2         
3      304       624       31475     299       189       226       226       1206      1         2         
1      1032      1076      31514     84        84        239       239       1207      1         2         
1      1027      922       31492     50        50        263       263       1216      1         3         
3      790       828       31484     290       291       204       204       1229      1         2         
3      1218      1022      31526     84        291       151       151       1237      1         2         
3      1218      1022      31526     84        291       151       151       1240      1         2         
1      1120      1198      31481     84        84        241       241       1241      1         2         
1      1132      1011      31526     291       84        172       172       1256      1         2         
2      959       675       31434     291       189       282       282       1272      1         2         
2      527       580       31518     52        189       159       159       1298      1         2         
1      528       511       31475     52        199       177       177       1311      1         3         
3      788       969       31421     290       290       268       268       1333      1         2         
4      1151      1282      31515     291       192       200       200       1375      1         2         
1      790       696       31485     290       189       162.5     162.5     1556      1         3         
2      475       291       31499     52        87        227       227       1743      1         3         
1      365       504       31480     299       52        193       193       1744      1         3         
2      817       670       31456     290       280       301       301       1751      1         2         
1      59        1087      31522     999       291       117       117       1760      1         3         
1      391       648       31461     52        189       219       219       1789      1         3         
1      250       604       31514     127       189       98        98        1801      1         3         
1      791       210       31384     290       266       305       305       1814      1         4         
3      791       285       31441     290       299       268       268       1814      2         3         
2      499       665       31514     52        131       220       220       1818      1         2         
1      772       534       31501     290       199       195       195       1823      1         5         
2      772       584       31508     290       189       159       159       1823      2         4         
1      811       720       31500     290       290       165       165       1862      1         3         
1      925       811       31525     290       290       196       196       1893      1         4         
1      852       990       31477     291       290       202       202       1912      1         4         
1      1106      1132      31514     291       291       217       217       1962      1         2         
2      972       946       31493     290       290       245       245       1968      1         4         
1      526       624       31508     52        189       147       147       1980      1         4         
2      526       625       31524     52        189       132       132       1980      2         3         
1      274       581       31505     87        189       149       149       1993      1         2         
3      1004      1337      31530     291       129       0         0         0         0         0         
3      1004      1337      31530     291       129       0         0         0         0         0         
1      768       818       31530     290       290       0         0         0         0         0         
1      858       691       31530     290       131       0         0         0         0         0         
1      484       393       31530     189       52        0         0         0         0         0         
1      156       697       31530     286       189       0         0         0         0         0         
1      791       669       31531     290       280       0         0         0         0         0         
3      199       292       31531     178       87        0         0         0         0         0         
3      628       1032      31531     189       84        0         0         0         0         0         
1      78        136       31531     9         286       0         0         0         0         0         
2      791       718       31531     290       189       0         0         0         0         0         
2      419       309       31531     168       127       0         0         0         0         0         
3      419       309       31531     168       127       0         0         0         0         0         
3      747       698       31531     290       189       0         0         0         0         0         
3      747       698       31531     290       189       0         0         0         0         0         
2      313       116       31532     87        9         0         0         0         0         0         
3      545       394       31532     52        100       0         0         0         0         0         
1      552       511       31532     189       199       0         0         0         0         0         
1      735       458       31532     131       52        0         0         0         0         0         
1      884       724       31532     290       290       0         0         0         0         0         
1      509       415       31532     199       100       0         0         0         0         0         
1      652       558       31532     189       189       0         0         0         0         0         
1      527       253       31533     52        206       0         0         0         0         0         
1      882       721       31533     290       290       0         0         0         0         0         
1      480       499       31533     52        52        0         0         0         0         0         
1      153       230       31533     286       266       0         0         0         0         0         
1      882       946       31534     290       290       0         0         0         0         0         
1      836       580       31534     290       189       0         0         0         0         0         
1      43        189       31534     9         286       0         0         0         0         0         
1      852       694       31534     291       189       0         0         0         0         0         
3      970       647       31535     290       280       0         0         0         0         0         
1      466       79        31535     199       98        0         0         0         0         0         
2      630       484       31535     189       189       0         0         0         0         0         
1      711       45        31536     131       98        0         0         0         0         0         
1      441       605       31537     168       189       0         0         0         0         0         
1      395       377       31537     100       168       0         0         0         0         0         
2      963       1208      31537     50        192       0         0         0         0         0         
1      509       761       31537     199       50        0         0         0         0         0         
2      905       478       31537     290       52        0         0         0         0         0         
1      1002      1189      31537     291       192       0         0         0         0         0         
1      889       557       31537     290       189       0         0         0         0         0         
1      509       1529      31537     199       296       0         0         0         0         0         
1      1107      991       31538     291       290       0         0         0         0         0         
1      768       627       31538     290       189       0         0         0         0         0         
2      433       305       31538     52        299       0         0         0         0         0         
3      245       544       31538     999       52        0         0         0         0         0         
4      929       1032      31538     290       84        0         0         0         0         0         
2      863       814       31538     290       290       0         0         0         0         0         
3      937       628       31538     291       189       0         0         0         0         0         
3      937       628       31538     291       189       0         0         0         0         0         
3      245       544       31538     999       52        0         0         0         0         0         
1      189       650       31538     286       189       0         0         0         0         0         
1      1090      1263      31538     291       192       0         0         0         0         0         
1      82        101       31539     98        57        0         0         0         0         0         
2      812       732       31539     290       131       0         0         0         0         0         
1      513       836       31539     199       290       0         0         0         0         0         
1      277       49        31539     87        98        0         0         0         0         0         
2      498       477       31539     52        52        0         0         0         0         0         
2      693       483       31540     280       189       0         0         0         0         0         
1      10        139       31540     98        57        0         0         0         0         0         
1      531       651       31541     189       189       0         0         0         0         0         
1      332       335       31541     87        119       0         0         0         0         0         
1      556       314       31541     199       119       0         0         0         0         0         
1      686       484       31542     131       189       0         0         0         0         0         
1      529       718       31542     189       189       0         0         0         0         0         
1      512       507       31542     199       189       0         0         0         0         0         
1      531       895       31542     189       291       0         0         0         0         0         
1      655       46        31542     189       98        0         0         0         0         0         
1      772       990       31543     290       290       0         0         0         0         0         
3      605       551       31543     189       189       0         0         0         0         0         
2      605       551       31543     189       189       0         0         0         0         0         
1      673       669       31543     189       280       0         0         0         0         0         
1      748       652       31543     290       189       0         0         0         0         0         
1      813       749       31544     290       290       0         0         0         0         0         
1      673       597       31544     189       131       0         0         0         0         0         
1      1048      962       31544     291       291       0         0         0         0         0         
1      667       419       31545     131       168       0         0         0         0         0         
1      1107      1054      31545     291       84        0         0         0         0         0         
1      1004      937       31545     291       291       0         0         0         0         0         
2      847       19        31545     291       98        0         0         0         0         0         
1      760       800       31545     291       131       0         0         0         0         0         
2      621       577       31545     280       189       0         0         0         0         0         
1      527       439       31545     52        189       0         0         0         0         0         
1      665       438       31546     131       100       0         0         0         0         0         
1      1171      923       31546     192       290       0         0         0         0         0         
2      929       653       31546     290       189       0         0         0         0         0         
1      551       288       31546     189       127       0         0         0         0         0         
1      904       632       31547     290       189       0         0         0         0         0         
1      949       748       31547     290       290       0         0         0         0         0         
1      509       651       31547     199       189       0         0         0         0         0         
2      530       350       31547     189       127       0         0         0         0         0         
1      254       412       31547     87        52        0         0         0         0         0         
1      669       666       31548     280       131       0         0         0         0         0         
1      311       650       31548     87        189       0         0         0         0         0         
1      527       9         31548     52        98        0         0         0         0         0         
1      691       577       31548     131       189       0         0         0         0         0         
1      304       116       31549     299       9         0         0         0         0         0         
1      1048      968       31549     291       290       0         0         0         0         0         
1      717       251       31549     189       127       0         0         0         0         0         
3      153       399       31549     286       168       0         0         0         0         0         
1      526       410       31549     52        52        0         0         0         0         0         
1      556       787       31549     199       50        0         0         0         0         0         
3      153       399       31549     286       168       0         0         0         0         0         
3      1000      527       31549     291       52        0         0         0         0         0         
1      930       399       31549     999       168       0         0         0         0         0         
1      813       212       31549     290       266       0         0         0         0         0         
2      1000      527       31549     291       52        0         0         0         0         0         
3      134       59        31550     9         999       0         0         0         0         0         
3      134       59        31550     9         999       0         0         0         0         0         
4      804       574       31550     291       189       0         0         0         0         0         
1      573       835       31550     189       290       0         0         0         0         0         
1      229       139       31550     266       57        0         0         0         0         0         
1      526       647       31550     52        280       0         0         0         0         0         
1      654       358       31550     189       168       0         0         0         0         0         
1      458       575       31550     52        189       0         0         0         0         0         
1      622       688       31550     280       131       0         0         0         0         0         
1      269       367       31551     127       299       0         0         0         0         0         
3      628       577       31551     189       189       0         0         0         0         0         
3      628       577       31551     189       189       0         0         0         0         0         
3      627       439       31551     189       189       0         0         0         0         0         
3      627       439       31551     189       189       0         0         0         0         0         
1      327       139       31551     299       57        0         0         0         0         0         
2      599       530       31552     280       189       0         0         0         0         0         
3      599       530       31552     280       189       0         0         0         0         0         
1      46        394       31552     98        100       0         0         0         0         0         
1      393       399       31552     52        168       0         0         0         0         0         
1      793       602       31552     290       189       0         0         0         0         0         
1      605       211       31553     189       266       0         0         0         0         0         
1      287       370       31553     299       52        0         0         0         0         0         
1      118       232       31553     286       266       0         0         0         0         0         
1      1207      984       31553     192       291       0         0         0         0         0         
3      10        557       31553     98        189       0         0         0         0         0         
2      10        557       31553     98        189       0         0         0         0         0         
3      1044      1087      31553     291       291       0         0         0         0         0         
2      1044      1087      31553     291       291       0         0         0         0         0         
1      555       676       31553     199       189       0         0         0         0         0         
4      1149      748       31553     291       290       0         0         0         0         0         
1      668       64        31553     280       98        0         0         0         0         0         
1      441       557       31554     168       189       0         0         0         0         0         
3      308       157       31554     127       54        0         0         0         0         0         
1      482       647       31554     189       280       0         0         0         0         0         
1      649       581       31554     189       189       0         0         0         0         0         
3      991       767       31555     290       290       0         0         0         0         0         
1      769       648       31555     290       189       0         0         0         0         0         
1      1446      1187      31555     129       291       0         0         0         0         0         
1      117       189       31555     286       286       0         0         0         0         0         
1      650       760       31555     189       291       0         0         0         0         0         
1      740       457       31555     50        52        0         0         0         0         0         
2      991       767       31555     290       290       0         0         0         0         0         
1      397       529       31556     168       189       0         0         0         0         0         
2      326       133       31556     299       9         0         0         0         0         0         
1      884       738       31556     290       189       0         0         0         0         0         
1      432       349       31556     52        127       0         0         0         0         0         
1      355       505       31556     119       52        0         0         0         0         0         
1      860       1208      31556     290       192       0         0         0         0         0         
1      642       556       31556     131       199       0         0         0         0         0         
1      815       699       31556     290       290       0         0         0         0         0         
1      915       1010      31556     291       290       0         0         0         0         0         
3      605       134       31556     189       9         0         0         0         0         0         
3      605       134       31556     189       9         0         0         0         0         0         
2      717       580       31556     189       189       0         0         0         0         0         
3      211       350       31557     266       127       0         0         0         0         0         
1      1110      926       31557     291       290       0         0         0         0         0         
3      211       350       31557     266       127       0         0         0         0         0         
1      348       373       31557     299       119       0         0         0         0         0         
1      970       1188      31557     290       192       0         0         0         0         0         
1      480       246       31557     52        266       0         0         0         0         0         
1      526       605       31557     52        189       0         0         0         0         0         
1      923       790       31558     290       290       0         0         0         0         0         
1      550       544       31558     189       52        0         0         0         0         0         
1      249       306       31559     266       299       0         0         0         0         0         
1      746       534       31559     290       199       0         0         0         0         0         
1      836       883       31559     290       290       0         0         0         0         0         
1      551       602       31559     189       189       0         0         0         0         0         
1      622       604       31559     280       189       0         0         0         0         0         
1      228       155       31559     266       286       0         0         0         0         0         
1      551       387       31559     189       299       0         0         0         0         0         
1      749       62        31559     290       98        0         0         0         0         0         
1      31        63        31559     9         98        0         0         0         0         0         
1      950       816       31559     290       290       0         0         0         0         0         
1      678       651       31559     290       189       0         0         0         0         0         
1      623       22        31559     280       98        0         0         0         0         0         
