COLUMNS

passenger_count
pickup_ID
dropoff_ID
request_time_sec
pickup_district
dropoff_district

REQUESTS_INFO
1      874       904       47640     291       290       
1      894       559       47640     291       189       
2      885       464       47640     290       168       
1      1122      1151      47640     84        291       
1      859       673       47641     290       189       
2      654       593       47641     189       52        
1      1271      1212      47641     129       129       
3      722       628       47641     290       189       
1      817       724       47641     290       290       
1      649       174       47641     189       266       
1      230       306       47642     266       299       
3      717       811       47642     189       290       
1      349       390       47642     127       52        
1      827       666       47642     291       131       
1      349       311       47642     127       87        
1      958       850       47642     291       291       
3      577       444       47642     189       168       
2      771       528       47642     290       52        
1      756       925       47642     131       290       
1      851       925       47643     291       290       
1      722       331       47643     290       127       
4      267       390       47643     266       52        
1      571       479       47643     52        52        
1      31        431       47643     9         52        
1      465       220       47643     199       87        
2      481       747       47643     189       290       
2      696       601       47644     189       189       
1      990       769       47644     290       290       
1      969       663       47644     290       131       
1      649       291       47644     189       87        
4      526       648       47644     52        189       
1      527       358       47644     52        168       
1      331       258       47644     127       87        
1      332       780       47644     87        291       
1      646       1419      47645     280       129       
1      717       699       47645     189       290       
3      649       100       47645     189       57        
2      99        458       47645     286       52        
2      258       292       47646     87        87        
1      550       411       47646     189       52        
1      905       669       47646     290       280       
2      413       328       47647     52        299       
3      413       328       47647     52        299       
3      160       253       47647     54        206       
2      208       267       47647     286       266       
1      767       983       47647     290       291       
1      431       229       47647     52        266       
3      208       267       47647     286       266       
1      916       827       47647     291       291       
1      287       870       47648     299       291       
3      1066      959       47648     291       291       
1      697       770       47648     189       290       
2      115       597       47648     9         131       
3      1066      959       47648     291       291       
2      718       863       47649     189       290       
3      556       694       47649     199       189       
1      557       815       47649     189       290       
3      556       694       47649     199       189       
1      602       552       47650     189       189       
1      510       438       47650     199       100       
2      571       509       47650     52        199       
1      418       791       47650     168       290       
2      387       668       47650     299       280       
4      896       720       47650     291       290       
2      306       353       47650     299       119       
1      557       632       47651     189       189       
1      837       579       47652     290       189       
1      344       180       47652     299       178       
1      607       699       47652     189       290       
1      62        648       47653     98        189       
1      513       527       47653     199       52        
1      813       193       47653     290       266       
1      536       673       47654     189       189       
2      578       417       47654     189       100       
1      1048      665       47654     291       131       
1      836       699       47654     290       290       
1      458       1577      47654     52        296       
1      621       253       47655     280       206       
3      350       199       47655     127       178       
2      674       309       47655     189       127       
1      549       620       47655     52        131       
1      915       293       47655     291       87        
3      946       1026      47655     290       291       
1      419       346       47655     168       299       
1      526       621       47655     52        280       
2      946       1026      47655     290       291       
1      307       232       47656     127       266       
1      888       905       47656     290       290       
1      697       923       47657     189       290       
1      1004      873       47658     291       291       
1      239       700       47659     87        290       
2      1207      881       47660     192       290       
1      691       1446      47660     131       129       
3      549       669       47661     52        280       
2      892       433       47661     291       52        
2      287       573       47661     299       189       
2      549       669       47661     52        280       
1      273       392       47661     206       52        
1      192       621       47662     266       280       
2      758       372       47663     131       119       
2      604       667       47663     189       131       
1      287       133       47663     299       9         
1      679       816       47663     290       290       
1      1022      938       47663     291       291       
1      287       272       47664     299       127       
1      163       138       47664     178       57        
2      557       850       47664     189       291       
1      366       688       47664     299       131       
1      389       765       47665     299       290       
1      927       416       47665     290       100       
2      951       818       47665     290       290       
1      726       885       47665     290       290       
1      700       851       47665     290       291       
1      981       1186      47665     291       291       
1      731       641       47665     131       131       
1      413       604       47665     52        189       
3      287       576       47666     299       189       
1      727       837       47666     290       290       
3      875       386       47666     291       299       
2      287       576       47666     299       189       
1      304       511       47667     299       199       
1      559       442       47667     189       168       
1      452       477       47667     52        52        
1      1187      804       47667     291       291       
2      505       923       47667     52        290       
2      461       232       47667     189       266       
1      483       332       47667     189       87        
1      550       736       47668     189       131       
2      620       527       47668     131       52        
1      937       836       47668     291       290       
1      623       905       47669     280       290       
1      440       652       47669     168       189       
1      232       327       47669     266       299       
3      760       1210      47670     291       129       
3      760       1210      47670     291       129       
2      626       1023      47670     189       291       
3      626       1023      47670     189       291       
1      366       219       47670     299       87        
1      325       293       47670     299       87        
1      723       857       47670     290       290       
