COLUMNS

passenger_count
pickup_ID
dropoff_ID
ready_time_sec
pickup_district
dropoff_district
LDuals
IDuals
vehicle_ID
pick_position
drop_position

REQUESTS_INFO
3      408       597       49044     299       131       201       201       2         1         2         
1      392       509       49026     52        199       265       265       3         1         2         
3      526       668       48728     52        280       568       568       5         2         4         
1      504       372       49011     52        119       301.5     301.5     11        1         3         
1      811       749       48993     290       290       279       279       15        1         3         
1      811       1137      49031     290       84        226       226       15        2         5         
3      938       815       48997     291       290       283       283       17        1         3         
2      746       693       49038     290       280       254       254       19        1         3         
1      860       840       48996     290       290       199       199       26        1         4         
1      860       670       49029     290       280       237       237       26        2         5         
1      949       466       48936     290       199       249       249       41        1         3         
1      457       409       49025     52        52        238       238       47        1         3         
3      701       903       48650     290       290       675       675       49        1         3         
1      925       748       48987     290       290       276       276       51        1         4         
1      925       842       49037     290       290       240       240       51        2         5         
2      408       721       49038     299       290       207       207       54        1         2         
1      725       487       49000     290       199       252       252       56        2         3         
1      924       1066      48925     290       291       237       237       59        1         4         
1      415       389       49029     100       299       195       195       62        1         4         
3      1097      949       49010     84        290       271       271       69        1         2         
2      570       848       49018     52        291       305       305       72        1         2         
3      767       727       48882     290       290       440       440       73        2         3         
1      568       595       48814     52        131       454       454       75        1         2         
3      336       556       49026     277       199       237       237       92        1         3         
1      668       894       49025     280       291       281.5     281.5     95        2         4         
3      438       498       49016     100       52        330       330       105       1         3         
4      769       700       47268     290       290       2032      2032      110       1         2         
1      580       679       49036     189       290       237       237       116       1         4         
4      532       743       48866     199       290       463       463       120       2         3         
3      1091      980       49032     291       291       270       270       121       1         3         
1      571       1218      49040     52        84        190       190       128       1         3         
1      907       724       49031     290       290       259       259       136       1         4         
1      1107      1003      49046     291       291       184       184       142       1         3         
3      1068      1327      48646     291       129       685       685       142       2         4         
1      739       575       49028     189       189       182       182       146       1         4         
1      881       604       49022     290       189       240       240       148       2         4         
2      327       415       48904     299       100       289       289       155       1         3         
1      546       665       49030     52        131       201       201       160       1         3         
1      578       805       49039     189       291       231       231       164       1         3         
4      628       557       48760     189       189       553       553       169       1         2         
3      531       721       48817     189       290       503       503       172       1         3         
3      725       909       48998     290       290       350       350       179       1         3         
1      850       716       49041     291       189       213       213       196       1         5         
1      482       120       48969     189       57        317.5     317.5     199       1         5         
1      482       250       49014     189       127       272.5     272.5     199       2         4         
3      483       80        49039     189       98        289       289       202       1         3         
3      701       903       48650     290       290       675       675       207       1         2         
2      296       213       48956     277       266       292       292       209       1         2         
3      810       719       48915     290       189       404       404       212       1         3         
3      747       882       49033     290       290       313       313       214       2         3         
4      666       100       49015     131       57        309       309       220       1         2         
4      907       527       49033     290       52        323       323       221       1         2         
2      1090      1087      48942     291       291       416       416       225       1         2         
2      350       913       48949     127       291       330       330       231       1         3         
1      1206      1407      49036     192       129       211       211       232       1         2         
3      767       674       48992     290       189       229       229       242       1         3         
3      460       347       48890     189       299       493       493       243       1         2         
1      732       1002      49025     131       291       248.5     248.5     244       1         2         
2      526       804       48891     52        291       395       395       250       1         3         
1      1002      984       48974     291       291       263       263       257       1         3         
3      1001      1207      48754     291       192       532       532       257       2         4         
4      560       630       48556     189       189       800       800       262       1         2         
1      372       372       49011     119       119       209       209       268       1         2         
4      701       851       48310     290       291       1015      1015      273       2         3         
2      699       291       48925     290       87        311       311       277       2         4         
1      607       214       49003     189       207       278       278       280       1         3         
4      417       647       48634     100       280       697       697       281       1         2         
1      980       1003      48915     291       291       273       273       286       1         4         
1      533       389       48979     199       299       277       277       289       2         4         
3      1022      738       49044     291       189       245       245       296       1         2         
4      788       620       48804     290       131       534       534       297       1         2         
3      852       937       48957     291       291       324       324       310       2         3         
1      645       81        48999     280       98        248       248       313       1         3         
1      575       473       49013     189       52        281.5     281.5     320       1         4         
1      528       443       49023     52        168       282       282       328       1         2         
1      626       431       48990     189       52        295       295       334       1         3         
1      626       286       49044     189       299       241       241       334       2         4         
3      906       813       48999     290       290       323       323       335       1         3         
4      605       527       48480     189       52        875       875       339       1         2         
1      396       601       48933     119       189       360       360       340       1         3         
3      969       789       49030     290       290       230       230       343       1         3         
1      456       500       48992     52        52        245       245       346       1         2         
1      486       328       49048     199       299       210.5     210.5     351       1         3         
1      792       237       48921     290       87        285       285       358       1         3         
1      488       513       48975     199       199       295.5     295.5     363       1         3         
1      488       505       49024     199       52        264.5     264.5     363       2         4         
1      627       437       49009     189       100       250       250       366       1         3         
2      607       649       49003     189       189       320       320       380       1         2         
1      415       480       48901     100       52        353       353       389       1         4         
2      601       671       48967     189       280       292.5     292.5     391       1         2         
1      596       294       49020     131       87        359.5     359.5     392       1         3         
1      896       1023      48960     291       291       313       313       393       2         3         
4      725       460       48201     290       189       1122      1122      400       2         3         
3      781       667       48947     291       131       353       353       401       1         3         
3      475       116       48850     52        9         429       429       412       1         3         
1      816       859       48923     290       290       366       366       415       1         3         
3      816       1199      49004     290       84        287       287       415       2         4         
1      479       350       48918     52        127       352       352       426       1         3         
1      479       333       49046     52        119       224       224       426       2         4         
1      523       395       49044     52        100       190       190       427       1         4         
2      394       454       48991     100       52        272       272       433       1         2         
1      332       253       48973     87        206       181       181       442       1         2         
3      330       478       49044     127       52        251       251       445       1         2         
1      768       666       48970     290       131       279       279       450       1         4         
2      1090      857       48938     291       290       420       420       458       1         3         
3      1011      1016      48932     84        84        309       309       462       1         3         
1      1015      1032      48970     84        84        337       337       462       2         4         
2      508       329       49037     199       127       261.5     261.5     465       1         3         
4      598       695       47993     189       189       1329      1329      467       1         2         
3      296       213       48956     277       266       292       292       473       1         2         
3      862       680       48488     290       290       842       842       475       1         3         
1      397       421       48996     168       168       288       288       481       2         4         
1      229       415       49034     266       100       161       161       482       1         2         
2      602       458       49046     189       52        259       259       485       1         3         
3      408       597       49044     299       131       201       201       487       1         3         
4      882       897       48208     290       291       1109      1109      488       2         3         
1      604       395       48972     189       100       311       311       499       1         3         
2      937       769       48985     291       290       252       252       503       1         4         
2      939       716       48998     291       189       299       299       503       2         3         
2      886       951       48991     290       290       326       326       514       1         2         
2      803       893       48966     291       291       317       317       518       1         2         
1      888       725       48913     290       290       348       348       523       1         5         
1      888       680       48991     290       290       293       293       523       2         4         
1      888       556       49015     290       199       235       235       523       3         6         
1      357       728       49032     277       290       180       180       524       1         3         
4      580       556       48946     189       199       394       394       526       1         2         
1      693       950       48953     280       290       321       321       532       1         3         
1      673       116       49002     189       9         226       226       534       1         3         
3      771       883       49026     290       290       278       278       536       1         2         
4      533       289       48458     199       127       892       892       538       1         2         
3      723       905       49040     290       290       242       242       539       1         3         
2      818       138       49029     290       57        318       318       540       2         4         
3      817       749       48910     290       290       420       420       546       1         3         
1      435       510       48925     52        199       373       373       547       1         2         
1      861       720       49006     290       290       279       279       548       1         4         
3      627       723       48910     189       290       374       374       549       1         2         
1      794       701       48878     290       290       435       435       555       1         2         
1      559       47        48951     189       98        333       333       559       1         3         
2      627       700       49022     189       290       262       262       560       2         4         
1      720       906       49029     290       290       218       218       571       1         5         
1      720       946       49035     290       290       212       212       571       2         4         
3      556       346       49029     199       299       204       204       573       1         3         
1      673       579       48977     189       189       251       251       588       2         3         
2      839       679       49006     290       290       296       296       598       1         4         
3      484       416       48969     189       100       319.5     319.5     600       1         3         
1      841       357       49000     290       277       286       286       602       1         4         
4      352       687       48804     119       131       460       460       604       1         2         
3      217       212       49003     87        266       204       204       606       1         2         
3      803       893       48966     291       291       317       317       607       1         2         
3      874       894       49004     291       291       279       279       619       1         2         
2      619       309       49045     131       127       197       197       622       2         4         
3      858       925       48740     290       290       530       530       625       1         3         
3      848       687       48719     291       131       633       633       632       1         3         
3      549       717       48856     52        189       455       455       633       1         3         
1      1106      1263      48872     291       192       356       356       634       1         3         
2      929       1079      48762     290       84        466       466       642       1         3         
1      274       412       49036     87        52        139       139       649       1         2         
2      353       251       48958     119       127       330       330       650       1         3         
1      464       676       49012     168       189       232.5     232.5     659       1         3         
3      550       623       49045     189       280       261       261       669       2         4         
2      534       606       48981     199       189       342       342       677       1         3         
2      893       871       48993     291       291       189       189       681       1         2         
2      771       875       48942     290       291       328       328       683       1         4         
4      643       686       48769     131       131       495       495       684       1         2         
1      780       582       49036     291       189       166       166       692       1         3         
1      654       454       48937     189       52        322       322       695       1         4         
2      654       483       49029     189       189       257       257       695       2         3         
4      466       716       48027     199       189       1326      1326      703       1         2         
3      552       624       48989     189       189       304       304       704       1         2         
1      553       82        49032     189       98        210       210       706       1         4         
3      577       371       48972     189       52        321       321       706       2         3         
3      1022      738       49044     291       189       245       245       707       1         2         
3      858       925       48740     290       290       530       530       710       2         3         
2      748       527       49017     290       52        286       286       720       1         4         
3      631       484       48931     189       189       372       372       722       1         3         
1      367       118       49025     299       286       237       237       724       1         3         
4      810       646       48646     290       280       703       703       727       1         2         
3      717       578       48937     189       189       337       337       737       1         2         
1      549       629       48962     52        189       296.5     296.5     745       1         3         
1      1046      915       48998     291       291       226       226       746       1         3         
1      304       387       49036     299       299       144       144       752       1         2         
4      895       1021      49013     291       291       298       298       761       1         2         
2      873       1023      49015     291       291       268       268       765       1         4         
2      217       386       49013     87        299       194       194       767       1         2         
3      886       557       48609     290       189       685       685       769       2         3         
3      663       481       48865     131       189       445       445       776       1         3         
4      679       512       47064     290       199       2248      2248      779       1         2         
2      865       335       48981     290       119       330       330       786       2         4         
4      947       601       48854     290       189       418       418       790       2         3         
1      1089      913       48931     291       291       335       335       792       1         4         
2      842       746       48747     290       290       591       591       796       1         2         
3      372       651       49013     119       189       301       301       799       1         3         
3      545       505       48907     52        52        475       475       815       1         2         
2      579       940       49040     189       291       245       245       818       1         3         
1      325       198       49032     299       178       191       191       821       1         3         
3      816       836       49022     290       290       291       291       822       2         4         
1      981       1187      48905     291       291       328       328       831       1         4         
1      602       504       48856     189       52        435       435       836       1         3         
4      980       875       48451     291       291       839       839       843       1         2         
1      627       628       49012     189       189       252       252       844       1         2         
1      483       350       49022     189       127       255.5     255.5     850       1         4         
2      549       668       48974     52        280       337       337       853       1         3         
1      372       488       48985     119       199       281       281       854       1         3         
1      466       904       48984     199       290       307       307       856       1         3         
2      551       738       49042     189       189       265       265       868       2         3         
1      504       251       49047     52        127       265.5     265.5     869       1         3         
1      398       476       49026     168       52        280       280       870       1         2         
1      698       579       48906     189       189       332       332       872       1         5         
1      698       670       48994     189       280       235       235       872       2         4         
2      720       507       48968     290       189       331       331       872       3         6         
1      505       663       49000     52        131       283.5     283.5     874       1         2         
1      477       367       48984     52        299       326       326       878       1         2         
1      392       232       49001     52        266       266       266       893       1         3         
2      861       996       48902     290       84        389       389       910       1         3         
2      759       79        48908     131       98        389       389       911       1         4         
1      582       437       48970     189       100       282       282       913       1         4         
3      582       420       48970     189       168       324       324       913       2         3         
1      655       813       49021     189       290       279       279       916       1         2         
3      582       420       48970     189       168       324       324       922       1         3         
2      549       461       49032     52        189       279       279       927       1         2         
1      950       332       48961     290       87        271       271       928       1         3         
1      882       699       49033     290       290       218       218       932       1         4         
1      835       744       48992     290       290       285       285       932       2         3         
1      838       487       49049     290       199       257       257       937       1         4         
2      694       328       48963     189       299       327.5     327.5     940       1         3         
1      535       356       48995     189       119       186       186       950       1         3         
1      355       277       48945     119       87        360       360       952       1         2         
1      484       600       49043     189       280       208.5     208.5     955       1         2         
1      481       393       48986     189       52        314       314       956       1         3         
2      505       597       49000     52        131       344       344       956       2         4         
2      330       896       48911     127       291       384       384       964       1         3         
1      372       576       48985     119       189       281       281       973       1         4         
2      372       651       49013     119       189       273       273       973       2         5         
3      939       716       48998     291       189       299       299       974       2         4         
3      875       826       48966     291       291       371       371       978       3         4         
4      1107      1207      48837     291       192       438       438       979       1         2         
3      330       478       49044     127       52        251       251       982       1         2         
2      593       662       48963     52        131       358.5     358.5     985       1         2         
4      663       370       48269     131       52        1060      1060      986       1         2         
2      483       80        49039     189       98        289       289       987       1         3         
1      643       251       49040     131       127       224       224       990       1         2         
1      528       439       48944     52        189       361       361       998       1         3         
1      458       500       48997     52        52        320       320       999       1         3         
1      573       737       49050     189       189       0         0         0         0         0         
1      665       1011      49050     131       84        0         0         0         0         0         
1      907       527       49050     290       52        0         0         0         0         0         
2      788       903       49051     290       290       0         0         0         0         0         
3      194       507       49051     207       189       0         0         0         0         0         
1      627       461       49051     189       189       0         0         0         0         0         
3      788       903       49051     290       290       0         0         0         0         0         
2      534       527       49051     199       52        0         0         0         0         0         
2      230       395       49052     266       100       0         0         0         0         0         
1      232       31        49052     266       9         0         0         0         0         0         
1      410       464       49052     52        168       0         0         0         0         0         
2      715       968       49052     131       290       0         0         0         0         0         
1      690       814       49053     131       290       0         0         0         0         0         
1      577       527       49053     189       52        0         0         0         0         0         
1      607       749       49054     189       290       0         0         0         0         0         
1      408       688       49054     299       131       0         0         0         0         0         
2      455       285       49055     52        299       0         0         0         0         0         
1      310       532       49055     127       199       0         0         0         0         0         
2      745       906       49056     290       290       0         0         0         0         0         
1      768       759       49056     290       131       0         0         0         0         0         
2      812       696       49057     290       189       0         0         0         0         0         
2      438       533       49057     100       199       0         0         0         0         0         
3      199       233       49058     178       206       0         0         0         0         0         
2      199       233       49058     178       206       0         0         0         0         0         
2      376       457       49058     168       52        0         0         0         0         0         
2      939       662       49058     291       131       0         0         0         0         0         
1      810       513       49058     290       199       0         0         0         0         0         
1      312       888       49059     87        290       0         0         0         0         0         
1      512       691       49059     199       131       0         0         0         0         0         
1      310       624       49059     127       189       0         0         0         0         0         
1      859       906       49059     290       290       0         0         0         0         0         
2      600       739       49060     280       189       0         0         0         0         0         
1      171       252       49060     286       206       0         0         0         0         0         
1      198       230       49060     178       266       0         0         0         0         0         
1      411       556       49060     52        199       0         0         0         0         0         
1      760       676       49060     291       189       0         0         0         0         0         
1      410       510       49060     52        199       0         0         0         0         0         
3      903       743       49060     290       290       0         0         0         0         0         
3      903       743       49060     290       290       0         0         0         0         0         
3      600       739       49060     280       189       0         0         0         0         0         
1      314       396       49061     119       119       0         0         0         0         0         
1      507       551       49061     189       189       0         0         0         0         0         
1      990       527       49061     290       52        0         0         0         0         0         
1      695       409       49061     189       52        0         0         0         0         0         
1      394       502       49062     100       52        0         0         0         0         0         
3      859       850       49063     290       291       0         0         0         0         0         
3      504       250       49063     52        127       0         0         0         0         0         
3      504       250       49063     52        127       0         0         0         0         0         
1      791       804       49064     290       291       0         0         0         0         0         
1      608       794       49064     189       290       0         0         0         0         0         
3      893       1188      49064     291       192       0         0         0         0         0         
2      259       415       49064     87        100       0         0         0         0         0         
1      666       228       49065     131       266       0         0         0         0         0         
3      460       331       49065     189       127       0         0         0         0         0         
3      191       304       49065     266       299       0         0         0         0         0         
2      460       331       49065     189       127       0         0         0         0         0         
3      191       304       49065     266       299       0         0         0         0         0         
1      628       417       49066     189       100       0         0         0         0         0         
2      232       179       49066     266       178       0         0         0         0         0         
1      487       60        49066     199       9         0         0         0         0         0         
1      804       915       49066     291       291       0         0         0         0         0         
2      389       523       49067     299       52        0         0         0         0         0         
3      62        420       49067     98        168       0         0         0         0         0         
3      524       305       49067     52        299       0         0         0         0         0         
1      1231      1267      49067     129       129       0         0         0         0         0         
3      62        420       49067     98        168       0         0         0         0         0         
2      983       871       49068     291       291       0         0         0         0         0         
1      371       577       49068     52        189       0         0         0         0         0         
1      804       739       49068     291       189       0         0         0         0         0         
1      508       600       49068     199       280       0         0         0         0         0         
1      767       606       49068     290       189       0         0         0         0         0         
1      1022      386       49068     291       299       0         0         0         0         0         
1      510       723       49069     199       290       0         0         0         0         0         
1      171       250       49069     286       127       0         0         0         0         0         
1      248       275       49069     266       87        0         0         0         0         0         
1      1090      949       49070     291       290       0         0         0         0         0         
3      697       946       49070     189       290       0         0         0         0         0         
1      677       904       49070     189       290       0         0         0         0         0         
1      873       850       49070     291       291       0         0         0         0         0         
1      723       649       49071     290       189       0         0         0         0         0         
2      461       574       49072     189       189       0         0         0         0         0         
1      766       557       49073     290       189       0         0         0         0         0         
1      621       727       49073     280       290       0         0         0         0         0         
1      909       726       49073     290       290       0         0         0         0         0         
1      1068      914       49073     291       291       0         0         0         0         0         
1      1036      771       49073     84        290       0         0         0         0         0         
1      268       458       49074     299       52        0         0         0         0         0         
2      698       628       49074     189       189       0         0         0         0         0         
1      870       870       49075     291       291       0         0         0         0         0         
1      486       655       49075     199       189       0         0         0         0         0         
2      735       643       49075     131       131       0         0         0         0         0         
1      308       291       49076     127       87        0         0         0         0         0         
1      354       486       49076     119       199       0         0         0         0         0         
1      556       581       49076     199       189       0         0         0         0         0         
1      553       475       49076     189       52        0         0         0         0         0         
2      980       827       49076     291       291       0         0         0         0         0         
1      641       734       49077     131       131       0         0         0         0         0         
2      179       678       49077     178       290       0         0         0         0         0         
1      291       81        49077     87        98        0         0         0         0         0         
3      727       887       49078     290       290       0         0         0         0         0         
2      727       887       49078     290       290       0         0         0         0         0         
1      727       768       49078     290       290       0         0         0         0         0         
2      78        502       49078     9         52        0         0         0         0         0         
1      780       662       49079     291       131       0         0         0         0         0         
1      792       895       49079     290       291       0         0         0         0         0         
1      1168      936       49079     291       291       0         0         0         0         0         
2      697       713       49079     189       131       0         0         0         0         0         
3      697       713       49079     189       131       0         0         0         0         0         
