COLUMNS

passenger_count
pickup_ID
dropoff_ID
request_time_sec
pickup_district
dropoff_district
LDuals
IDuals
vehicle_ID
pick_position
drop_position

REQUESTS_INFO
3      852       811       32153     291       290       358.5     358.5     0         1         3         
3      990       11        32248     290       999       336.667   336.667   11        2         4         
1      455       507       32214     52        189       172       172       13        1         3         
1      1107      1208      32166     291       192       371       371       15        1         2         
2      883       969       32086     290       290       364       364       18        1         3         
1      883       968       32245     290       290       290       290       18        2         4         
1      946       1069      31995     290       291       561       561       28        1         3         
2      963       722       31917     50        290       510       510       39        1         3         
1      1168      720       32099     291       290       417       417       43        2         5         
4      916       652       31990     291       189       587       587       46        1         2         
3      771       723       32024     290       290       504       504       48        1         4         
1      863       749       32163     290       290       419       419       48        2         3         
1      432       332       32238     52        87        188       188       58        1         3         
1      1266      1282      32091     192       192       373       373       61        1         3         
1      907       672       32248     290       189       323.333   323.333   74        1         3         
1      903       1025      32018     290       291       517       517       77        2         4         
3      939       152       32050     291       9         546.5     546.5     80        1         3         
1      1148      1244      32209     291       192       317       317       81        1         2         
1      771       575       32017     290       189       504       504       87        1         4         
2      557       210       32221     189       266       165       165       102       1         4         
4      645       570       32007     280       52        403       403       107       1         2         
4      631       629       32224     189       189       222       222       109       2         3         
2      1087      526       32166     291       52        398       398       119       1         3         
1      745       651       32225     290       189       218       218       133       1         2         
3      939       152       32050     291       9         546.5     546.5     135       1         3         
3      947       628       32152     290       189       424.333   424.333   136       2         5         
1      947       698       32201     290       189       325       325       136       3         4         
1      1310      1053      31974     84        84        494.5     494.5     138       1         4         
2      1271      1218      32117     129       84        438.5     438.5     138       2         3         
3      891       873       32225     291       291       334       334       141       2         3         
1      478       544       32235     52        52        166       166       144       1         3         
3      896       1010      32134     291       290       447.5     447.5     152       1         3         
2      1031      195       32227     50        207       372.333   372.333   163       1         3         
1      837       968       32084     290       290       427       427       172       1         3         
1      813       835       31926     290       290       589       589       178       1         3         
3      813       574       32231     290       189       296       296       178       2         4         
1      865       760       32090     290       291       470       470       179       1         3         
2      745       535       32249     290       189       232       232       181       2         4         
1      760       673       32231     291       189       232.5     232.5     191       1         3         
1      760       747       32236     291       290       227.5     227.5     191       2         4         
1      632       10        32054     189       98        292       292       192       1         3         
1      1106      1244      32003     291       192       549       549       194       1         3         
1      1230      1415      32239     129       129       272.5     272.5     198       1         2         
1      817       652       32162     290       189       385       385       207       1         4         
3      817       629       32082     290       189       472       472       207       2         3         
2      896       719       32156     291       189       408.5     408.5     211       1         3         
1      801       720       32226     291       290       264.5     264.5     214       1         4         
1      848       874       31918     291       291       656       656       214       2         3         
1      768       527       32194     290       52        284       284       215       1         3         
1      607       533       32219     189       199       178       178       217       1         4         
1      746       884       31952     290       290       446       446       219       1         3         
2      970       881       32085     290       290       504       504       222       1         2         
3      603       858       32222     189       290       167       167       223       1         2         
1      553       391       32208     189       52        154       154       228       1         3         
1      793       557       32096     290       189       428       428       238       1         3         
3      344       396       32244     299       119       148       148       239       1         2         
1      645       522       32224     280       52        154       154       245       1         4         
1      817       910       32042     290       290       505       505       252       1         4         
3      863       905       31355     290       290       1234      1234      252       2         3         
3      552       624       32238     189       189       203       203       270       1         2         
1      813       1010      32177     290       290       341       341       279       2         4         
3      813       871       32020     290       291       507       507       279       3         5         
1      760       602       32162     291       189       301.5     301.5     283       1         3         
1      992       863       32060     290       290       542.333   542.333   284       2         4         
1      276       435       32238     87        52        214       214       287       1         5         
2      256       308       32025     87        127       423       423       287       2         4         
1      715       117       32070     131       286       328       328       290       1         3         
1      527       399       32187     52        168       251       251       318       1         3         
1      805       673       31909     291       189       560       560       329       1         4         
1      925       813       32099     290       290       454       454       331       1         3         
1      925       984       32148     290       291       405       405       331       2         4         
1      924       627       32192     290       189       293       293       333       1         5         
1      814       627       32219     290       189       279       279       342       1         3         
1      838       647       32086     290       280       400       400       342       2         5         
1      865       968       32174     290       290       386       386       349       1         2         
3      817       674       32227     290       189       327       327       356       1         3         
1      398       510       32248     168       199       170       170       359       1         2         
1      580       397       32233     189       168       158       158       372       1         2         
1      824       646       32163     291       280       319.5     319.5     373       1         3         
3      1086      438       32229     291       100       351       351       384       1         3         
1      512       48        32181     199       98        227       227       385       1         2         
1      817       780       32157     290       291       390       390       387       1         4         
1      702       674       32227     290       189       162       162       388       1         2         
3      905       896       32053     290       291       488       488       404       1         3         
2      904       1011      32081     290       84        431       431       413       1         3         
4      817       583       31897     290       189       663       663       415       1         2         
1      713       526       32235     131       52        240.25    240.25    422       1         3         
1      909       583       32058     290       189       538       538       424       1         4         
3      909       969       32128     290       290       452       452       424       2         3         
2      801       544       32158     291       52        332.5     332.5     425       1         4         
2      701       582       32155     290       189       300       300       427       1         3         
1      1057      1246      32187     84        192       408.333   408.333   428       2         4         
1      1132      959       32217     291       291       330.5     330.5     437       1         3         
2      1111      984       32246     50        291       297.5     297.5     437       2         4         
1      1066      959       32220     291       291       342       342       438       1         4         
3      1045      874       31946     291       291       634       634       438       2         3         
3      1086      438       32229     291       100       351       351       439       1         3         
1      418       711       32203     168       131       182       182       442       1         3         
1      485       651       32228     189       189       171       171       456       1         3         
1      837       607       32213     290       189       298       298       460       2         4         
1      885       444       32032     290       168       511       511       461       1         3         
2      907       377       31908     290       168       701       701       461       2         4         
1      652       969       32232     189       290       150       150       466       1         4         
4      1128      744       32181     291       290       356       356       472       1         2         
1      864       47        32206     290       98        365       365       479       1         4         
2      219       627       32108     87        189       266       266       494       1         2         
2      712       602       31913     131       189       516       516       497       1         4         
3      946       527       32090     290       52        466       466       502       1         3         
3      419       355       32233     168       119       176       176       505       1         2         
1      333       409       32208     119       52        181       181       514       1         2         
2      655       188       32222     189       286       252       252       515       1         3         
3      745       535       32249     290       189       232       232       520       1         3         
1      237       811       32231     87        290       204       204       527       1         3         
2      648       527       32168     189       52        189       189       532       1         3         
3      838       721       31991     290       290       544       544       539       1         3         
1      838       654       32235     290       189       300       300       539       2         4         
2      1087      720       31692     291       290       872       872       541       2         5         
1      1005      968       32167     50        290       411.5     411.5     542       1         3         
1      1048      841       31760     291       290       826       826       542       2         4         
3      772       700       32150     290       290       379       379       543       1         3         
2      805       968       32249     291       290       232.5     232.5     549       1         3         
2      1056      1218      32110     84        84        513.333   513.333   552       1         3         
2      727       842       32222     290       290       239       239       556       1         3         
1      796       466       32020     290       199       530       530       557       1         3         
1      959       651       31973     291       189       590       590       559       1         3         
1      217       21        32236     87        98        193       193       561       1         3         
3      907       881       31579     290       290       1017      1017      568       1         3         
1      907       852       32225     290       291       346.333   346.333   568       2         4         
3      498       268       32150     52        299       267       267       569       1         3         
4      739       839       31810     189       290       635       635       570       1         2         
1      958       651       32165     291       189       379.5     379.5     573       1         3         
3      506       679       32203     189       290       199       199       578       1         3         
1      928       925       32141     290       290       445       445       580       2         4         
3      928       621       32230     290       280       376       376       580       3         5         
3      819       272       32184     999       127       406       406       582       2         4         
3      928       621       32230     290       280       376       376       590       1         2         
4      959       628       31876     291       189       717       717       596       1         2         
1      499       596       32214     52        131       179       179       601       1         3         
1      1044      1065      32111     291       291       304       304       606       1         2         
1      885       649       32079     290       189       464       464       608       1         4         
1      836       828       32149     290       291       351       351       615       1         4         
2      860       647       32101     290       280       439       439       620       1         3         
1      770       836       32174     290       290       333       333       628       1         2         
1      440       508       32242     168       199       140       140       636       1         2         
1      758       535       32239     131       189       244.5     244.5     642       1         2         
1      1121      1200      32186     84        84        464       464       645       2         3         
1      1026      916       32223     291       291       366       366       648       1         3         
3      817       1181      32244     290       84        310       310       654       1         3         
1      863       1250      32158     290       129       424       424       654       2         4         
3      1000      896       32129     291       291       428.5     428.5     659       1         2         
1      1153      1032      32217     50        84        302.5     302.5     660       1         4         
1      1027      599       32203     50        280       395       395       660       2         5         
1      972       859       32032     290       290       539.333   539.333   663       1         3         
2      949       770       32188     290       290       394.333   394.333   663       2         4         
1      466       629       32188     199       189       185       185       667       1         3         
1      993       592       32162     84        52        414.333   414.333   671       1         3         
1      1212      937       32188     129       291       295.5     295.5     672       2         4         
2      1390      628       32219     129       189       278.5     278.5     674       1         2         
1      462       579       32199     189       189       176       176       682       1         2         
2      690       709       32183     131       131       275       275       684       1         2         
2      924       459       32175     290       189       310       310       685       2         5         
3      279       418       32063     87        168       436       436       691       1         2         
1      864       674       31696     290       189       875       875       701       1         4         
3      864       581       32079     290       189       499       499       701       2         3         
2      925       1011      31599     290       84        954       954       704       2         3         
1      909       61        32197     290       98        381       381       705       1         5         
1      485       116       32237     189       9         162       162       708       1         3         
1      812       696       32133     290       189       348       348       712       1         3         
1      870       961       32084     291       291       473.5     473.5     719       1         2         
1      654       49        32227     189       98        193       193       723       1         3         
3      477       647       32241     52        280       212       212       725       1         2         
2      477       647       32241     52        280       209       209       726       1         3         
3      794       670       32134     290       280       414       414       729       1         2         
4      791       552       31772     290       189       740       740       740       1         2         
1      749       698       32171     290       189       331       331       744       1         4         
3      888       727       31949     290       290       643       643       744       2         3         
2      533       662       32243     199       131       144       144       750       1         4         
1      664       709       32175     131       131       260       260       757       1         3         
3      1168      1227      32216     291       192       300       300       764       2         4         
1      1308      1369      32110     129       129       425.5     425.5     765       1         3         
1      312       391       32232     87        52        184       184       766       1         2         
2      1011      792       32186     84        290       360.333   360.333   768       1         3         
1      1010      762       32146     290       50        427.333   427.333   768       2         4         
1      771       604       32246     290       189       275       275       776       1         3         
1      1048      1150      32230     291       291       356       356       784       1         3         
2      436       828       32217     100       291       118       118       786       1         3         
2      980       1245      32010     291       192       517       517       789       1         4         
1      1023      1128      32064     291       291       435       435       789       2         3         
1      980       511       32247     291       199       300       300       795       2         5         
3      618       697       32202     131       189       217       217       805       1         3         
1      665       1088      32166     131       291       284.25    284.25    808       1         3         
1      1117      1265      31853     84        192       721.333   721.333   816       1         3         
1      644       735       32240     131       131       192.25    192.25    822       1         3         
3      958       78        32109     291       9         451       451       830       1         2         
3      1225      672       32109     192       189       356       356       841       1         4         
1      1225      959       32061     192       291       420       420       841       2         3         
1      936       473       32188     291       52        369.5     369.5     847       1         4         
3      980       779       32066     291       131       516.5     516.5     847       2         3         
1      929       748       32245     290       290       320       320       848       1         3         
3      909       1002      31788     290       291       810       810       848       2         4         
3      813       574       32231     290       189       296       296       854       1         3         
1      499       349       32183     52        127       153       153       857       1         3         
3      477       393       31892     52        52        558       558       864       1         3         
4      904       727       32074     290       290       481       481       871       1         2         
4      1088      1010      32192     291       290       367       367       875       1         2         
1      556       643       32157     199       131       235       235       878       1         2         
1      433       905       32233     52        290       135       135       879       1         3         
1      969       1032      32071     290       84        464.667   464.667   883       2         4         
2      990       11        32248     290       999       336.667   336.667   883       3         5         
1      1076      1267      32193     84        129       414.333   414.333   887       1         3         
1      927       905       32148     290       290       400.333   400.333   889       1         3         
2      927       1088      32171     290       291       402       402       889       2         4         
1      717       531       32163     189       189       226       226       893       1         3         
1      791       719       32222     290       189       280       280       897       1         3         
2      791       625       32228     290       189       274       274       897       2         4         
3      811       765       32212     290       290       269       269       899       1         3         
1      533       508       32142     199       199       276       276       922       1         2         
3      1045      897       32011     291       291       569       569       929       1         2         
2      527       558       32223     52        189       215       215       944       1         2         
3      279       332       32198     87        87        301       301       959       1         2         
1      860       829       32042     290       50        468       468       969       1         4         
1      905       842       32231     290       290       310       310       982       1         2         
1      749       605       32210     290       189       292       292       985       1         3         
3      888       575       31941     290       189       651       651       985       2         4         
3      238       336       32172     87        277       261       261       989       1         2         
1      1090      1091      32132     291       291       488       488       991       1         2         
1      938       839       32136     291       290       437.5     437.5     993       1         3         
1      989       833       32223     50        50        337       337       996       2         4         
3      816       580       32015     290       189       530       530       999       1         3         
1      863       63        32226     290       98        356       356       999       2         4         
2      817       925       32085     290       290       462       462       1010      1         2         
1      894       990       32054     291       290       478.5     478.5     1017      1         3         
3      780       1021      32131     291       291       354.5     354.5     1019      1         2         
1      617       408       32103     131       299       300       300       1021      1         2         
1      795       721       32130     290       290       401       401       1023      1         4         
3      889       860       32144     290       290       451       451       1023      2         3         
1      817       335       32012     290       119       535       535       1029      1         3         
1      994       1070      31991     84        50        623.333   623.333   1031      2         3         
2      533       575       32225     199       189       193       193       1037      1         3         
1      714       462       32221     131       189       249.5     249.5     1045      1         3         
1      795       951       32110     290       290       421       421       1055      2         4         
3      889       860       32144     290       290       451       451       1055      3         5         
1      1168      738       32237     291       189       279       279       1060      1         3         
1      693       779       32224     280       131       185       185       1062      1         3         
1      700       727       32167     290       290       261       261       1070      1         4         
2      857       459       32234     290       189       283       283       1071      2         3         
1      304       651       32215     299       189       143       143       1075      1         4         
1      791       555       32200     290       199       302       302       1077      1         3         
3      680       727       32152     290       290       345       345       1080      1         3         
3      891       720       32074     291       290       485       485       1083      1         4         
1      891       760       32132     291       291       411.5     411.5     1083      2         3         
1      858       604       32243     290       189       211       211       1086      2         5         
3      861       674       32034     290       189       525       525       1089      1         3         
1      936       897       32172     291       291       266       266       1093      1         3         
1      936       717       32241     291       189       296.5     296.5     1093      2         4         
1      648       694       32239     189       189       120       120       1098      1         3         
4      804       704       31800     291       290       714       714       1102      1         2         
3      279       418       32063     87        168       436       436       1110      1         3         
1      533       393       32242     199       52        176       176       1111      1         4         
3      896       719       32156     291       189       425.5     425.5     1113      1         2         
1      722       512       32218     290       199       190       190       1114      1         3         
2      631       696       32220     189       189       204       204       1116      1         3         
3      891       873       32225     291       291       334       334       1125      1         2         
1      789       580       32202     290       189       194       194       1128      1         3         
3      841       925       31955     290       290       625       625       1133      2         4         
1      864       860       31688     290       290       883       883       1133      3         5         
1      395       531       32239     100       189       132       132       1134      1         2         
1      710       946       32249     131       290       183       183       1135      1         3         
1      1025      1301      31971     291       192       606       606       1137      2         3         
3      631       696       32220     189       189       210       210       1159      1         2         
1      1065      1244      32011     291       192       489       489       1161      1         5         
3      984       863       32059     291       290       538       538       1176      1         3         
4      827       720       31393     291       290       1124      1124      1178      2         3         
1      1065      1053      32200     291       84        378       378       1179      1         3         
3      905       896       32053     290       291       488       488       1186      2         4         
1      914       882       32051     291       290       492.5     492.5     1190      1         2         
3      817       744       32132     290       290       422       422       1197      1         3         
1      863       836       32226     290       290       356       356       1197      2         4         
4      817       21        31739     290       98        821       821       1202      1         2         
1      700       727       32246     290       290       182       182       1207      1         3         
2      876       981       32144     50        291       329.5     329.5     1211      1         2         
2      795       484       31956     290       189       575       575       1212      1         4         
2      888       925       32229     290       290       363       363       1212      2         3         
1      1319      850       32205     129       291       298.5     298.5     1215      1         4         
2      1371      1208      31953     129       192       577.5     577.5     1215      2         3         
1      969       1032      32220     290       84        315.667   315.667   1221      2         4         
3      970       881       32085     290       290       498.667   498.667   1221      3         5         
1      840       925       32227     290       290       325       325       1230      1         4         
3      818       888       32245     290       290       337       337       1230      2         3         
2      526       717       32236     52        189       168       168       1233      1         3         
1      395       435       32244     100       52        127       127       1246      1         3         
1      443       155       32206     168       286       187       187       1249      1         4         
1      443       578       32186     168       189       207       207       1249      2         3         
1      197       155       32176     178       286       208       208       1253      1         2         
3      125       377       32204     54        168       159       159       1258      1         2         
2      771       676       31934     290       189       587       587       1261      1         2         
1      1087      1244      32023     291       192       517       517       1264      1         3         
1      914       417       32181     291       100       353.5     353.5     1266      1         5         
1      666       802       32185     131       291       262.25    262.25    1269      1         3         
3      811       765       32212     290       290       269       269       1271      1         3         
2      888       727       31949     290       290       629       629       1274      1         2         
1      713       559       32208     131       189       267.25    267.25    1276      1         3         
2      1044      1448      32140     291       129       422       422       1280      1         4         
1      754       436       32143     999       100       322.5     322.5     1283      1         2         
1      896       649       32041     291       189       506.5     506.5     1289      1         4         
1      656       583       32235     290       189       128       128       1290      1         3         
1      851       643       32071     291       131       447.5     447.5     1291      1         3         
2      369       526       32246     52        52        132       132       1296      1         2         
3      779       31        31968     131       9         525.5     525.5     1298      1         3         
1      913       851       32101     291       291       416.5     416.5     1302      2         3         
3      939       881       32079     291       290       517.5     517.5     1303      1         2         
1      864       508       32078     290       199       493       493       1316      1         3         
1      632       535       32203     189       189       172       172       1319      1         3         
1      887       624       32081     290       189       503       503       1322      2         3         
1      395       555       32233     100       199       138       138       1330      1         2         
2      980       917       32004     291       291       504       504       1331      1         2         
1      791       415       32191     290       100       311       311       1332      1         3         
3      1023      604       31841     291       189       728.5     728.5     1340      1         3         
2      680       727       32152     290       290       286       286       1347      1         3         
1      927       605       32096     290       189       421       421       1355      1         3         
2      523       665       32229     52        131       154       154       1357      1         2         
1      989       656       32089     50        290       441       441       1361      1         3         
2      864       581       32079     290       189       492       492       1367      1         4         
1      971       906       32029     290       290       534       534       1370      1         2         
1      870       759       31874     291       131       655.5     655.5     1372      1         2         
3      399       536       32240     168       189       202       202       1379      1         2         
1      1089      1065      32239     291       291       312       312       1384      1         2         
1      913       779       32073     291       131       444.5     444.5     1389      1         3         
1      913       737       32181     291       189       225       225       1389      2         4         
3      926       1032      31336     290       84        1218      1218      1393      2         3         
2      818       888       32245     290       290       330       330       1395      1         2         
1      860       647       32195     290       280       315       315       1398      2         3         
1      791       599       32176     290       280       326       326       1401      1         3         
1      663       438       32229     131       100       196       196       1402      1         3         
4      982       1066      31686     291       291       910       910       1419      1         2         
3      857       459       32234     290       189       283       283       1421      1         3         
1      329       858       32226     127       290       165       165       1441      1         3         
4      802       1208      31762     291       192       745       745       1444      1         2         
1      963       671       32218     50        280       209       209       1450      1         4         
3      887       974       32013     290       84        576       576       1457      1         2         
1      759       580       32234     131       189       239       239       1461      2         4         
1      1078      718       31996     84        189       582.333   582.333   1462      1         4         
2      1211      1217      32192     129       84        366       366       1463      1         2         
4      850       916       31771     291       291       770       770       1469      1         2         
1      345       387       32165     299       299       232       232       1470      1         2         
3      819       272       32184     999       127       406       406       1479      1         3         
1      802       850       32170     291       291       313.5     313.5     1490      1         3         
1      849       555       31829     291       199       778.5     778.5     1490      2         4         
1      327       116       32196     299       9         196       196       1492      1         2         
2      125       377       32204     54        168       159       159       1493      1         2         
1      572       572       32220     131       131       203       203       1495      1         2         
1      229       171       32250     266       286       0         0         0         0         0         
1      557       550       32250     189       189       0         0         0         0         0         
1      894       646       32250     291       280       0         0         0         0         0         
2      963       604       32250     50        189       0         0         0         0         0         
3      963       604       32250     50        189       0         0         0         0         0         
1      292       415       32250     87        100       0         0         0         0         0         
3      325       232       32251     299       266       0         0         0         0         0         
1      792       535       32251     290       189       0         0         0         0         0         
1      644       616       32251     131       131       0         0         0         0         0         
1      308       670       32251     127       280       0         0         0         0         0         
1      810       836       32252     290       290       0         0         0         0         0         
1      389       759       32252     299       131       0         0         0         0         0         
1      524       413       32252     52        52        0         0         0         0         0         
1      740       992       32252     50        290       0         0         0         0         0         
1      665       344       32252     131       299       0         0         0         0         0         
1      581       651       32252     189       189       0         0         0         0         0         
3      646       710       32252     280       131       0         0         0         0         0         
3      646       710       32252     280       131       0         0         0         0         0         
1      969       859       32252     290       290       0         0         0         0         0         
1      618       552       32253     131       189       0         0         0         0         0         
1      255       275       32253     87        87        0         0         0         0         0         
1      247       233       32253     266       206       0         0         0         0         0         
1      644       624       32253     131       189       0         0         0         0         0         
1      969       722       32254     290       290       0         0         0         0         0         
1      745       597       32254     290       131       0         0         0         0         0         
1      884       1022      32254     290       291       0         0         0         0         0         
2      1207      958       32254     192       291       0         0         0         0         0         
1      743       835       32255     290       290       0         0         0         0         0         
2      344       503       32255     299       52        0         0         0         0         0         
1      722       603       32256     290       189       0         0         0         0         0         
2      1066      937       32256     291       291       0         0         0         0         0         
3      885       792       32256     290       290       0         0         0         0         0         
3      885       792       32256     290       290       0         0         0         0         0         
1      462       580       32257     189       189       0         0         0         0         0         
1      849       696       32257     291       189       0         0         0         0         0         
1      629       745       32257     189       290       0         0         0         0         0         
1      1005      438       32257     50        100       0         0         0         0         0         
3      531       292       32257     189       87        0         0         0         0         0         
1      391       458       32257     52        52        0         0         0         0         0         
1      902       722       32258     50        290       0         0         0         0         0         
1      369       498       32258     52        52        0         0         0         0         0         
1      654       511       32259     189       199       0         0         0         0         0         
1      887       464       32259     290       168       0         0         0         0         0         
1      259       314       32259     87        119       0         0         0         0         0         
2      389       392       32259     299       52        0         0         0         0         0         
1      499       295       32259     52        87        0         0         0         0         0         
4      947       672       32259     290       189       0         0         0         0         0         
1      374       331       32259     119       127       0         0         0         0         0         
1      1263      770       32259     192       290       0         0         0         0         0         
3      311       532       32260     87        199       0         0         0         0         0         
3      311       532       32260     87        199       0         0         0         0         0         
1      758       643       32260     131       131       0         0         0         0         0         
1      526       522       32260     52        52        0         0         0         0         0         
1      655       35        32260     189       98        0         0         0         0         0         
1      481       555       32260     189       199       0         0         0         0         0         
1      213       347       32261     266       299       0         0         0         0         0         
1      579       719       32261     189       189       0         0         0         0         0         
3      184       116       32261     87        9         0         0         0         0         0         
3      184       116       32261     87        9         0         0         0         0         0         
1      439       556       32262     189       199       0         0         0         0         0         
1      154       651       32262     286       189       0         0         0         0         0         
1      793       10        32262     290       98        0         0         0         0         0         
2      626       335       32262     189       119       0         0         0         0         0         
1      778       1208      32262     131       192       0         0         0         0         0         
1      527       720       32263     52        290       0         0         0         0         0         
1      435       351       32263     52        52        0         0         0         0         0         
1      549       373       32263     52        119       0         0         0         0         0         
2      669       685       32264     280       999       0         0         0         0         0         
1      794       651       32264     290       189       0         0         0         0         0         
1      649       574       32264     189       189       0         0         0         0         0         
3      669       685       32264     280       999       0         0         0         0         0         
2      702       864       32264     290       290       0         0         0         0         0         
1      431       154       32264     52        286       0         0         0         0         0         
1      521       390       32265     52        52        0         0         0         0         0         
1      556       430       32265     199       52        0         0         0         0         0         
3      886       886       32266     290       290       0         0         0         0         0         
3      760       811       32266     291       290       0         0         0         0         0         
3      886       886       32266     290       290       0         0         0         0         0         
2      760       811       32266     291       290       0         0         0         0         0         
1      927       79        32266     290       98        0         0         0         0         0         
2      310       10        32266     127       98        0         0         0         0         0         
1      275       199       32266     87        178       0         0         0         0         0         
3      310       10        32266     127       98        0         0         0         0         0         
1      946       721       32267     290       290       0         0         0         0         0         
1      387       759       32267     299       131       0         0         0         0         0         
2      603       697       32267     189       189       0         0         0         0         0         
3      297       229       32268     277       266       0         0         0         0         0         
3      297       229       32268     277       266       0         0         0         0         0         
2      391       458       32268     52        52        0         0         0         0         0         
4      310       736       32268     127       131       0         0         0         0         0         
1      599       534       32268     280       199       0         0         0         0         0         
1      894       651       32268     291       189       0         0         0         0         0         
1      801       760       32268     291       291       0         0         0         0         0         
1      700       724       32269     290       290       0         0         0         0         0         
1      720       748       32269     290       290       0         0         0         0         0         
1      905       902       32269     290       50        0         0         0         0         0         
2      703       772       32269     290       290       0         0         0         0         0         
1      484       185       32269     189       87        0         0         0         0         0         
1      671       504       32269     280       52        0         0         0         0         0         
1      623       640       32269     280       131       0         0         0         0         0         
1      668       20        32269     280       98        0         0         0         0         0         
3      693       727       32269     280       290       0         0         0         0         0         
3      693       727       32269     280       290       0         0         0         0         0         
1      1001      716       32269     291       189       0         0         0         0         0         
2      464       672       32270     168       189       0         0         0         0         0         
1      532       575       32270     199       189       0         0         0         0         0         
1      549       604       32270     52        189       0         0         0         0         0         
2      475       654       32270     52        189       0         0         0         0         0         
1      354       858       32271     119       290       0         0         0         0         0         
1      1300      530       32271     192       189       0         0         0         0         0         
1      578       437       32271     189       100       0         0         0         0         0         
1      813       10        32271     290       98        0         0         0         0         0         
1      1086      653       32271     291       189       0         0         0         0         0         
1      268       172       32271     299       286       0         0         0         0         0         
2      699       1056      32272     290       84        0         0         0         0         0         
1      940       922       32272     291       50        0         0         0         0         0         
1      852       602       32272     291       189       0         0         0         0         0         
1      558       600       32272     189       280       0         0         0         0         0         
2      745       834       32272     290       290       0         0         0         0         0         
1      526       34        32272     52        98        0         0         0         0         0         
2      1024      507       32272     291       189       0         0         0         0         0         
3      1024      507       32272     291       189       0         0         0         0         0         
3      441       509       32272     168       199       0         0         0         0         0         
3      441       509       32272     168       199       0         0         0         0         0         
1      947       837       32273     290       290       0         0         0         0         0         
1      488       419       32273     199       168       0         0         0         0         0         
1      139       177       32273     57        207       0         0         0         0         0         
1      788       852       32273     290       291       0         0         0         0         0         
1      804       968       32273     291       290       0         0         0         0         0         
1      679       442       32273     290       168       0         0         0         0         0         
1      81        189       32273     98        286       0         0         0         0         0         
3      143       839       32274     54        290       0         0         0         0         0         
2      767       462       32274     290       189       0         0         0         0         0         
1      287       604       32274     299       189       0         0         0         0         0         
3      848       801       32274     291       291       0         0         0         0         0         
3      848       801       32274     291       291       0         0         0         0         0         
1      603       674       32274     189       189       0         0         0         0         0         
2      791       860       32275     290       290       0         0         0         0         0         
3      791       860       32275     290       290       0         0         0         0         0         
1      552       671       32275     189       280       0         0         0         0         0         
1      927       863       32275     290       290       0         0         0         0         0         
1      306       416       32275     299       100       0         0         0         0         0         
1      60        670       32275     9         280       0         0         0         0         0         
1      737       116       32275     189       9         0         0         0         0         0         
1      533       397       32275     199       168       0         0         0         0         0         
4      549       939       32275     52        291       0         0         0         0         0         
1      117       45        32275     286       98        0         0         0         0         0         
1      860       698       32275     290       189       0         0         0         0         0         
1      553       387       32276     189       299       0         0         0         0         0         
1      793       1199      32276     290       84        0         0         0         0         0         
1      603       669       32276     189       280       0         0         0         0         0         
2      906       580       32276     290       189       0         0         0         0         0         
2      189       154       32277     286       286       0         0         0         0         0         
1      926       506       32277     290       189       0         0         0         0         0         
1      557       436       32277     189       100       0         0         0         0         0         
1      330       600       32277     127       280       0         0         0         0         0         
1      546       719       32278     52        189       0         0         0         0         0         
2      623       711       32278     280       131       0         0         0         0         0         
1      533       373       32278     199       119       0         0         0         0         0         
2      609       10        32278     189       98        0         0         0         0         0         
4      743       970       32279     290       290       0         0         0         0         0         
1      509       551       32279     199       189       0         0         0         0         0         
