COLUMNS

passenger_count
pickup_ID
dropoff_ID
request_time_sec
pickup_district
dropoff_district
LDuals
IDuals
vehicle_ID
pick_position
drop_position

REQUESTS_INFO
1      673       578       50043     189       189       315.5     315.5     6         1         4         
1      673       507       50054     189       189       312.5     312.5     6         2         5         
3      443       570       50113     168       52        300       300       7         1         3         
1      673       116       50068     189       9         258       258       12        1         4         
2      599       643       49836     280       131       586       586       13        1         2         
1      743       464       49999     290       168       402       402       16        1         4         
3      835       626       49974     290       189       416       416       16        2         3         
1      664       576       50027     131       189       358       358       17        1         2         
2      440       524       49796     168       52        585       585       21        1         3         
2      440       527       49896     168       52        485       485       21        2         4         
3      47        229       49998     98        266       251       251       27        1         2         
4      743       1531      50010     290       296       429       429       31        1         2         
1      925       983       50112     290       291       213       213       33        1         4         
4      314       455       49881     119       52        564       564       34        1         2         
2      574       693       49951     189       280       507       507       36        1         2         
1      389       314       50061     299       119       312       312       42        1         3         
1      597       624       50031     131       189       312       312       50        1         3         
1      575       874       50111     189       291       256       256       51        1         4         
3      460       567       49815     189       52        613       613       55        1         2         
3      695       928       49921     189       290       470       470       58        1         2         
2      712       893       49920     131       291       387.5     387.5     62        1         2         
3      861       992       49961     290       290       434       434       69        1         2         
3      392       390       50005     52        52        378       378       70        1         2         
1      674       791       50109     189       290       241       241       71        2         5         
1      721       859       50111     290       290       232       232       71        3         6         
1      556       647       50029     199       280       367       367       78        1         2         
2      652       791       49971     189       290       420       420       82        1         2         
2      1090      827       50087     291       291       269.5     269.5     93        1         2         
1      927       748       50111     290       290       218       218       94        1         3         
1      506       504       50018     189       52        265       265       95        1         3         
1      368       294       50039     299       87        322       322       99        1         3         
3      673       250       49994     189       127       408       408       102       2         3         
3      903       777       50081     290       131       260       260       105       1         3         
1      386       228       50104     299       266       226       226       111       1         3         
1      537       676       49965     189       189       418       418       113       1         2         
3      676       926       50063     189       290       372       372       114       1         3         
1      723       908       50075     290       290       283       283       114       2         4         
3      395       534       50069     100       199       305       305       116       1         2         
3      549       693       49940     52        280       492       492       118       1         3         
3      625       415       49805     189       100       591       591       122       1         2         
4      546       971       49151     52        290       1275      1275      123       2         3         
3      416       509       50047     100       199       299       299       124       1         2         
3      645       456       50094     280       52        281       281       125       1         4         
1      667       509       50002     131       199       383       383       125       2         3         
4      738       857       49881     189       290       522       522       129       1         2         
1      836       695       50116     290       189       207       207       140       1         3         
1      413       481       50010     52        189       341       341       141       1         3         
1      533       667       50100     199       131       276       276       143       1         4         
1      671       31        50110     280       9         190       190       144       1         4         
3      709       551       50084     131       189       434.5     434.5     148       1         2         
2      504       432       50104     52        52        301       301       151       1         4         
1      732       1087      50113     131       291       257.5     257.5     156       1         4         
4      574       671       49854     189       280       604       604       157       2         3         
1      604       696       50051     189       189       249       249       158       1         3         
1      355       697       49825     119       189       582       582       164       1         4         
1      501       350       50037     52        127       421       421       166       2         3         
3      436       460       50064     100       189       363       363       176       1         2         
1      598       624       50048     189       189       368       368       179       1         2         
1      905       804       50084     290       291       198       198       183       2         4         
3      640       649       50112     131       189       305       305       184       2         5         
1      662       800       50116     131       131       300.5     300.5     184       3         4         
1      722       603       50097     290       189       294       294       189       1         4         
1      693       670       50111     280       280       276       276       190       2         3         
3      673       250       49994     189       127       408       408       192       1         4         
1      654       459       50096     189       189       292       292       192       2         3         
3      719       697       50014     189       189       386       386       195       1         2         
1      484       117       50106     189       286       227       227       197       2         4         
3      523       571       50122     52        52        279       279       202       1         2         
3      607       304       50113     189       299       275       275       205       1         3         
2      718       881       50121     189       290       273       273       218       1         3         
2      666       503       50000     131       52        403       403       224       1         4         
1      549       794       50078     52        290       195       195       228       1         4         
3      736       479       49874     131       52        558       558       229       1         2         
1      882       925       50078     290       290       230       230       235       1         4         
1      443       631       49979     168       189       378       378       237       1         5         
2      443       772       50084     168       290       313       313       237       2         6         
1      421       557       50100     168       189       285       285       237       3         4         
3      483       674       49960     189       189       459       459       238       1         2         
1      512       313       50049     199       87        333       333       239       1         3         
3      529       839       49862     189       290       536       536       240       2         4         
1      463       629       50052     168       189       330       330       242       1         4         
3      483       697       49665     189       189       754       754       242       2         3         
1      990       1235      50127     290       84        173       173       251       1         3         
1      504       412       50057     52        52        348       348       252       2         3         
2      624       903       50103     189       290       251       251       255       2         3         
3      549       662       49714     52        131       718       718       256       1         2         
1      629       717       50063     189       189       293       293       262       1         2         
2      443       222       50055     168       87        325       325       264       1         3         
1      443       210       49957     168       266       433       433       264       2         4         
1      850       937       50108     291       291       189       189       276       1         2         
3      696       1604      50050     189       296       348       348       287       1         3         
1      369       556       50094     52        199       177       177       290       1         3         
1      533       531       50007     199       189       384       384       300       1         4         
1      533       619       50080     199       131       296       296       300       2         5         
1      510       897       50076     199       291       276       276       300       3         6         
4      557       488       50004     189       199       402       402       304       1         2         
1      368       486       50069     299       199       356       356       310       1         2         
1      198       147       50037     178       178       270       270       316       1         2         
4      477       536       49201     52        189       1259      1259      318       1         2         
3      652       580       50069     189       189       287       287       326       1         2         
1      717       557       50092     189       189       258       258       334       1         4         
4      662       621       50058     131       280       396.5     396.5     336       3         4         
2      574       794       49930     189       290       434       434       340       1         3         
2      862       459       50069     290       189       303       303       342       2         3         
1      527       288       50048     52        127       356       356       350       1         4         
1      523       557       50118     52        189       277       277       357       1         3         
4      443       583       49755     168       189       658       658       358       2         3         
3      847       858       50111     291       290       297.5     297.5     361       1         3         
1      549       115       50105     52        9         250       250       362       1         3         
1      557       217       50064     189       87        342       342       363       1         2         
3      1188      1392      50112     192       129       195       195       367       1         2         
3      443       570       50113     168       52        300       300       371       1         2         
1      485       698       50006     189       189       316       316       376       1         4         
3      251       662       50116     127       131       200       200       377       1         2         
1      478       397       50106     52        168       265       265       378       1         3         
1      478       736       50127     52        131       255       255       378       2         4         
2      337       749       50073     277       290       386       386       380       1         2         
3      368       234       50117     299       87        267       267       382       2         3         
1      533       529       50125     199       189       251       251       387       2         5         
1      603       393       50078     189       52        283       283       401       1         4         
1      546       936       50106     52        291       300       300       402       1         3         
1      391       480       50022     52        52        342       342       403       1         2         
1      526       415       50101     52        100       238       238       405       1         4         
4      654       600       49205     189       280       1208      1208      412       1         2         
1      549       733       50096     52        131       266       266       415       1         3         
1      626       1032      50119     189       84        197       197       421       1         4         
2      791       848       50074     290       291       315       315       426       1         2         
2      632       923       50104     189       290       260       260       427       2         4         
2      237       351       50048     87        52        303       303       432       1         3         
2      735       625       49808     131       189       618.5     618.5     434       1         2         
3      415       726       50045     100       290       358       358       437       1         3         
1      651       815       50050     189       290       320       320       446       1         3         
2      532       839       50088     199       290       253       253       457       2         4         
1      399       417       50093     168       100       337       337       458       1         2         
3      526       717       50110     52        189       297       297       461       2         3         
3      529       232       50000     189       266       398       398       463       1         3         
2      369       154       49963     52        286       432       432       476       1         2         
1      507       443       50075     189       168       278       278       484       1         2         
1      675       435       50101     189       52        240       240       485       2         4         
3      633       1186      50118     189       291       277       277       488       1         2         
3      549       452       50112     52        52        320       320       502       1         3         
3      903       777       50081     290       131       324       324       512       1         2         
3      507       581       49869     189       189       553       553       514       1         2         
3      719       717       49872     189       189       521       521       517       2         4         
1      330       511       50060     127       199       363       363       525       1         2         
2      484       582       50101     189       189       234       234       528       1         4         
2      551       627       50116     189       189       286       286       531       2         3         
1      287       330       50073     299       127       249       249       535       1         2         
1      452       893       50099     52        291       218       218       537       1         5         
1      452       550       50123     52        189       181       181       537       2         3         
3      549       714       49857     52        131       575       575       541       1         2         
1      594       710       49920     131       131       398.5     398.5     542       1         4         
1      840       969       50113     290       290       145       145       551       1         2         
1      914       1022      50073     291       291       217       217       553       1         3         
4      481       513       49999     189       199       450       450       554       1         2         
1      810       760       50054     290       291       323       323       558       1         6         
1      810       746       50111     290       290       259       259       558       2         4         
1      810       737       50119     290       189       252       252       558       3         5         
1      364       650       50078     299       189       326       326       563       1         3         
1      598       1301      50014     189       192       406       406       566       1         2         
4      579       789       50075     189       290       267       267       600       2         3         
3      627       718       49895     189       189       496       496       601       1         2         
1      600       189       50063     280       286       182       182       609       1         4         
2      645       456       50094     280       52        277       277       619       1         2         
2      848       915       49884     291       291       468       468       627       1         2         
3      700       864       49938     290       290       498       498       629       1         2         
3      251       662       50116     127       131       200       200       638       1         3         
1      767       875       50111     290       291       251       251       639       2         3         
1      512       727       49886     199       290       496       496       640       1         2         
1      662       1066      50063     131       291       353.5     353.5     645       1         4         
2      788       720       49914     290       290       467       467       649       1         2         
4      688       550       49959     131       189       461       461       655       1         2         
1      352       357       50119     119       277       151       151       663       1         2         
3      692       627       50128     280       189       221       221       667       1         3         
1      556       694       50107     199       189       201       201       680       1         5         
1      556       732       50124     199       131       261       261       680       2         6         
1      511       840       49932     199       290       351       351       688       1         4         
2      640       649       50112     131       189       296       296       690       1         3         
1      688       673       50102     131       189       256       256       690       2         5         
2      719       893       50047     189       291       307       307       692       1         4         
1      719       779       50112     189       131       216       216       692       2         5         
4      698       438       50020     189       100       401       401       694       1         2         
3      719       746       50098     189       290       302       302       698       2         4         
3      960       1372      50118     291       129       195       195       700       1         2         
1      371       247       49901     52        266       529       529       703       1         3         
1      371       247       50111     52        266       184       184       703       2         4         
3      419       431       49896     168       52        490       490       707       1         3         
3      925       1067      50014     290       291       389       389       713       1         2         
1      549       650       50081     52        189       281       281       715       1         4         
1      674       581       50078     189       189       268.5     268.5     719       1         4         
1      650       532       50094     189       199       262       262       719       2         5         
3      419       431       49896     168       52        493       493       720       1         3         
3      549       452       50112     52        52        320       320       723       2         3         
3      607       304       50113     189       299       275       275       727       1         3         
2      738       801       50051     189       291       328       328       734       1         2         
1      738       311       49991     189       87        318.5     318.5     735       1         4         
1      883       252       50100     290       206       231       231       736       1         3         
3      334       604       49953     119       189       435       435       739       1         3         
1      292       309       50034     87        127       239       239       752       1         2         
3      1045      924       49944     291       290       336       336       756       1         2         
1      983       923       50120     291       290       154       154       761       1         2         
1      648       509       50024     189       199       318       318       762       2         3         
1      507       556       50121     189       199       176       176       766       1         3         
1      698       506       50029     189       189       357.5     357.5     771       2         3         
1      32        716       50099     98        189       124       124       772       1         2         
3      412       247       49945     52        266       493       493       774       1         2         
3      718       881       50121     189       290       273       273       775       2         3         
1      847       834       50076     291       290       283       283       781       1         3         
2      847       858       50111     291       290       297.5     297.5     781       2         4         
4      560       726       49665     189       290       730       730       784       1         2         
1      439       417       50126     189       100       220       220       788       1         2         
2      699       695       50108     290       189       288       288       789       2         4         
3      599       531       49981     280       189       397       397       803       1         2         
2      486       884       50077     199       290       301       301       804       1         4         
1      510       904       50060     199       290       355       355       804       2         3         
3      604       527       50032     189       52        371       371       811       1         2         
3      368       234       50117     299       87        267       267       812       1         3         
3      576       760       49766     189       291       615       615       814       2         3         
4      903       1032      50017     290       84        388       388       819       1         2         
1      926       738       50128     290       189       201       201       820       1         4         
2      627       697       49984     189       189       419       419       824       1         2         
1      654       580       50129     189       189       259       259       825       1         4         
2      924       696       50095     290       189       201       201       827       1         3         
1      810       720       50055     290       290       368       368       829       1         2         
3      728       768       50100     290       290       224       224       834       2         3         
3      728       768       50100     290       290       224       224       835       1         3         
1      727       743       50114     290       290       209       209       835       2         4         
1      556       598       50082     199       189       314       314       841       1         4         
1      556       527       50096     199       52        283       283       841       2         3         
1      397       535       50062     168       189       315       315       848       1         5         
1      375       464       50123     119       168       242       242       848       2         4         
2      669       61        49651     280       98        755       755       849       2         3         
2      908       768       50012     290       290       360       360       853       1         2         
3      369       435       50062     52        52        238       238       854       1         2         
1      805       748       50117     291       290       228       228       855       1         4         
2      549       693       49940     52        280       441       441       857       1         4         
1      1022      915       50083     291       291       149       149       859       1         3         
3      529       232       50000     189       266       398       398       870       2         5         
1      483       504       50118     189       52        267       267       870       3         4         
1      790       453       50072     290       52        300       300       882       1         4         
3      811       372       49805     290       119       571       571       882       2         3         
1      553       815       50124     189       290       205       205       886       1         3         
1      693       742       50114     280       290       220       220       887       1         2         
3      710       212       50022     131       266       426       426       888       1         2         
3      479       269       49750     52        127       655       655       902       1         4         
1      479       523       50060     52        52        301       301       902       2         3         
2      336       316       50015     277       277       390       390       903       1         2         
1      526       1010      50052     52        290       285       285       904       1         4         
1      397       180       50089     168       178       204       204       906       1         3         
1      960       792       50127     291       290       123       123       907       1         3         
1      597       505       50082     131       52        215       215       909       1         3         
1      556       444       50085     199       168       311       311       913       1         3         
3      376       376       49874     168       168       577       577       917       1         2         
1      723       748       50046     290       290       344       344       921       1         2         
3      411       182       50011     52        178       388       388       925       1         2         
1      669       721       50113     280       290       267       267       929       2         4         
1      527       624       50113     52        189       240       240       930       2         5         
1      527       694       50123     52        189       230       230       930       3         6         
1      650       760       50111     189       291       245       245       939       1         3         
3      662       645       50089     131       280       318       318       941       1         2         
2      719       697       50014     189       189       386       386       942       1         2         
1      673       621       49986     189       280       340       340       944       1         4         
2      416       604       50031     100       189       240       240       950       1         3         
3      925       1010      50084     290       290       319       319       951       1         2         
3      765       851       49874     290       291       532       532       964       1         2         
1      670       736       50015     280       131       296       296       967       1         4         
1      546       648       50072     52        189       374       374       968       1         2         
3      903       771       50060     290       290       293       293       972       1         3         
1      462       928       50111     189       290       192       192       974       1         3         
1      746       630       50082     290       189       280       280       975       1         2         
3      478       1529      49876     52        296       490       490       979       1         3         
1      689       669       50110     131       280       245       245       983       1         3         
3      366       286       50107     299       299       265       265       984       1         2         
3      349       458       50097     127       52        288       288       988       1         3         
1      306       512       50108     299       199       229       229       988       2         4         
1      372       462       50026     119       189       324       324       995       1         2         
1      291       556       50070     87        199       311       311       1000      1         2         
1      796       771       50107     290       290       248       248       1009      2         3         
1      372       272       50125     119       127       234       234       1014      2         4         
1      697       745       50054     189       290       271       271       1019      1         2         
1      325       136       50109     299       286       177       177       1020      1         3         
1      739       835       50040     189       290       351       351       1030      1         2         
2      509       252       50120     199       206       232       232       1037      2         4         
1      354       481       50043     119       189       378       378       1041      1         2         
1      673       834       49981     189       290       345       345       1043      1         4         
1      650       923       50087     189       290       282       282       1043      2         5         
2      948       1069      50076     290       291       305       305       1044      1         2         
1      719       353       50128     189       119       187       187       1049      1         4         
3      309       324       49960     127       299       429       429       1053      1         2         
2      601       505       49996     189       52        295       295       1057      1         4         
1      625       430       50124     189       52        239       239       1057      2         5         
1      735       353       49998     131       119       298.5     298.5     1060      1         4         
2      416       509       50047     100       199       299       299       1063      1         2         
3      645       556       49847     280       199       425       425       1068      1         2         
1      387       435       50054     299       52        356       356       1069      1         2         
1      628       577       50037     189       189       302       302       1085      1         2         
1      887       818       50076     290       290       290       290       1090      1         2         
4      100       600       50111     57        280       153       153       1093      1         2         
2      767       835       50095     290       290       282       282       1098      1         2         
2      460       567       49815     189       52        613       613       1099      1         2         
1      484       234       50130     189       87        0         0         0         0         0         
1      594       579       50130     131       189       0         0         0         0         0         
4      909       841       50130     290       290       0         0         0         0         0         
1      926       949       50130     290       290       0         0         0         0         0         
1      675       649       50130     189       189       0         0         0         0         0         
1      532       842       50131     199       290       0         0         0         0         0         
1      527       747       50131     52        290       0         0         0         0         0         
1      694       719       50131     189       189       0         0         0         0         0         
1      650       694       50131     189       189       0         0         0         0         0         
1      534       979       50131     199       291       0         0         0         0         0         
1      172       151       50132     286       9         0         0         0         0         0         
1      662       668       50132     131       280       0         0         0         0         0         
1      721       939       50132     290       291       0         0         0         0         0         
1      600       857       50132     280       290       0         0         0         0         0         
1      171       811       50132     286       290       0         0         0         0         0         
2      462       533       50132     189       199       0         0         0         0         0         
1      554       369       50132     189       52        0         0         0         0         0         
1      81        535       50132     98        189       0         0         0         0         0         
1      410       597       50133     52        131       0         0         0         0         0         
1      812       557       50133     290       189       0         0         0         0         0         
1      19        580       50133     98        189       0         0         0         0         0         
1      392       733       50133     52        131       0         0         0         0         0         
1      817       571       50133     290       52        0         0         0         0         0         
1      673       526       50133     189       52        0         0         0         0         0         
4      1216      1094      50134     129       84        0         0         0         0         0         
1      1158      696       50134     84        189       0         0         0         0         0         
2      654       488       50134     189       199       0         0         0         0         0         
2      739       212       50134     189       266       0         0         0         0         0         
1      545       737       50134     52        189       0         0         0         0         0         
3      389       236       50134     299       87        0         0         0         0         0         
1      310       668       50135     127       280       0         0         0         0         0         
1      909       674       50135     290       189       0         0         0         0         0         
1      267       802       50135     266       291       0         0         0         0         0         
1      106       233       50136     178       206       0         0         0         0         0         
1      604       760       50136     189       291       0         0         0         0         0         
1      778       804       50136     131       291       0         0         0         0         0         
1      605       717       50136     189       189       0         0         0         0         0         
1      696       578       50136     189       189       0         0         0         0         0         
1      234       328       50136     87        299       0         0         0         0         0         
1      488       441       50136     199       168       0         0         0         0         0         
2      99        435       50136     286       52        0         0         0         0         0         
1      812       626       50136     290       189       0         0         0         0         0         
1      267       370       50137     266       52        0         0         0         0         0         
1      556       736       50137     199       131       0         0         0         0         0         
1      840       772       50137     290       290       0         0         0         0         0         
2      526       628       50137     52        189       0         0         0         0         0         
3      526       628       50137     52        189       0         0         0         0         0         
3      714       544       50137     131       52        0         0         0         0         0         
3      714       544       50137     131       52        0         0         0         0         0         
1      32        690       50137     98        131       0         0         0         0         0         
1      959       825       50137     291       291       0         0         0         0         0         
1      698       351       50137     189       52        0         0         0         0         0         
1      557       556       50137     189       199       0         0         0         0         0         
1      760       670       50137     291       280       0         0         0         0         0         
1      621       686       50138     280       131       0         0         0         0         0         
3      529       328       50138     189       299       0         0         0         0         0         
1      194       676       50138     207       189       0         0         0         0         0         
4      851       958       50139     291       291       0         0         0         0         0         
1      527       354       50139     52        119       0         0         0         0         0         
1      116       439       50139     9         189       0         0         0         0         0         
1      719       675       50139     189       189       0         0         0         0         0         
3      748       577       50139     290       189       0         0         0         0         0         
3      748       577       50139     290       189       0         0         0         0         0         
1      721       946       50139     290       290       0         0         0         0         0         
1      549       760       50140     52        291       0         0         0         0         0         
1      412       247       50140     52        266       0         0         0         0         0         
1      674       508       50140     189       199       0         0         0         0         0         
1      138       556       50140     57        199       0         0         0         0         0         
1      96        213       50141     9         266       0         0         0         0         0         
1      644       645       50141     131       280       0         0         0         0         0         
2      573       647       50141     189       280       0         0         0         0         0         
3      573       647       50141     189       280       0         0         0         0         0         
1      671       679       50142     280       290       0         0         0         0         0         
1      99        211       50142     286       266       0         0         0         0         0         
1      499       372       50142     52        119       0         0         0         0         0         
1      759       847       50142     131       291       0         0         0         0         0         
2      782       719       50143     291       189       0         0         0         0         0         
2      790       949       50143     290       290       0         0         0         0         0         
2      208       233       50143     286       206       0         0         0         0         0         
3      782       719       50143     291       189       0         0         0         0         0         
1      749       813       50144     290       290       0         0         0         0         0         
1      431       371       50144     52        52        0         0         0         0         0         
1      435       576       50144     52        189       0         0         0         0         0         
3      760       528       50145     291       52        0         0         0         0         0         
3      760       528       50145     291       52        0         0         0         0         0         
2      873       980       50145     291       291       0         0         0         0         0         
3      1048      894       50145     291       291       0         0         0         0         0         
1      812       742       50146     290       290       0         0         0         0         0         
2      699       827       50146     290       291       0         0         0         0         0         
3      625       530       50146     189       189       0         0         0         0         0         
1      654       373       50146     189       119       0         0         0         0         0         
1      460       145       50147     189       178       0         0         0         0         0         
3      47        147       50148     98        178       0         0         0         0         0         
1      602       437       50148     189       100       0         0         0         0         0         
1      836       893       50148     290       291       0         0         0         0         0         
1      174       257       50148     266       87        0         0         0         0         0         
2      19        461       50148     98        189       0         0         0         0         0         
3      19        461       50148     98        189       0         0         0         0         0         
2      510       461       50148     199       189       0         0         0         0         0         
3      510       461       50148     199       189       0         0         0         0         0         
3      695       415       50148     189       100       0         0         0         0         0         
1      747       817       50149     290       290       0         0         0         0         0         
1      699       782       50149     290       291       0         0         0         0         0         
1      812       790       50149     290       290       0         0         0         0         0         
1      548       650       50150     52        189       0         0         0         0         0         
1      291       443       50150     87        168       0         0         0         0         0         
2      484       720       50151     189       290       0         0         0         0         0         
1      630       139       50151     189       57        0         0         0         0         0         
3      485       573       50151     189       189       0         0         0         0         0         
1      721       459       50151     290       189       0         0         0         0         0         
2      824       949       50151     291       290       0         0         0         0         0         
1      885       608       50151     290       189       0         0         0         0         0         
3      238       9         50152     87        98        0         0         0         0         0         
1      1167      896       50152     291       291       0         0         0         0         0         
1      328       399       50152     299       168       0         0         0         0         0         
2      760       875       50152     291       291       0         0         0         0         0         
1      556       720       50152     199       290       0         0         0         0         0         
3      238       9         50152     87        98        0         0         0         0         0         
1      1036      369       50153     84        52        0         0         0         0         0         
1      523       604       50153     52        189       0         0         0         0         0         
4      649       903       50153     189       290       0         0         0         0         0         
2      721       904       50154     290       290       0         0         0         0         0         
3      721       904       50154     290       290       0         0         0         0         0         
1      670       742       50154     280       290       0         0         0         0         0         
1      388       578       50154     299       189       0         0         0         0         0         
1      532       1045      50154     199       291       0         0         0         0         0         
1      825       968       50155     291       290       0         0         0         0         0         
1      743       812       50155     290       290       0         0         0         0         0         
1      970       860       50155     290       290       0         0         0         0         0         
1      624       860       50156     189       290       0         0         0         0         0         
1      240       351       50156     87        52        0         0         0         0         0         
1      655       767       50156     189       290       0         0         0         0         0         
4      551       412       50157     189       52        0         0         0         0         0         
1      310       275       50157     127       87        0         0         0         0         0         
2      212       417       50157     266       100       0         0         0         0         0         
1      771       946       50157     290       290       0         0         0         0         0         
2      650       664       50157     189       131       0         0         0         0         0         
1      716       622       50158     189       280       0         0         0         0         0         
1      386       437       50158     299       100       0         0         0         0         0         
3      1044      990       50158     291       290       0         0         0         0         0         
3      310       157       50158     127       54        0         0         0         0         0         
3      310       157       50158     127       54        0         0         0         0         0         
2      399       1386      50158     168       129       0         0         0         0         0         
3      399       1386      50158     168       129       0         0         0         0         0         
2      1044      990       50158     291       290       0         0         0         0         0         
1      549       670       50159     52        280       0         0         0         0         0         
1      486       725       50159     199       290       0         0         0         0         0         
1      650       981       50159     189       291       0         0         0         0         0         
1      549       604       50159     52        189       0         0         0         0         0         
1      923       527       50159     290       52        0         0         0         0         0         
