COLUMNS

passenger_count
pickup_ID
dropoff_ID
request_time_sec
pickup_district
dropoff_district
LDuals
IDuals
vehicle_ID
pick_position
drop_position

REQUESTS_INFO
3      510       597       30843     199       131       216       216       9         1         2         
1      1025      926       30927     291       290       273       273       26        1         3         
3      1025      1044      30899     291       291       304       304       35        1         2         
1      500       532       30917     52        199       163       163       64        1         3         
2      620       551       30914     131       189       154       154       73        1         2         
1      344       478       30898     299       52        182       182       82        1         2         
2      929       358       30926     290       168       211       211       89        1         2         
1      388       483       30850     299       189       246       246       98        1         2         
2      1091      1207      30908     291       192       274       274       125       1         2         
1      499       597       30888     52        131       198       198       146       1         2         
1      702       936       30920     290       291       128       128       156       1         4         
1      794       629       30906     290       189       152       152       157       1         3         
1      983       10        30903     291       98        141       141       158       1         4         
1      924       693       30901     290       280       163       163       163       1         3         
1      1003      1106      30853     291       291       308       308       166       1         2         
1      893       1403      30873     291       129       176       176       173       1         3         
2      1096      1099      30843     84        84        323       323       216       1         3         
1      509       116       30877     199       9         180       180       222       1         2         
1      237       394       30924     87        100       112       112       227       1         4         
3      256       172       30790     87        286       266       266       229       1         2         
1      748       828       30901     290       291       150       150       235       1         3         
2      794       674       30878     290       189       216       216       238       1         2         
1      487       375       30907     199       119       118       118       242       1         3         
1      524       457       30913     52        52        143       143       256       1         3         
1      1089      698       30886     291       189       270       270       260       1         4         
1      756       721       30887     131       290       142       142       289       1         2         
1      948       805       30844     290       291       309       309       301       1         2         
2      1109      643       30925     291       131       261       261       320       1         3         
2      1129      1357      30880     291       129       282       282       356       1         2         
1      1267      1192      30854     129       129       209       209       370       1         3         
1      500       250       30835     52        127       253       253       391       1         3         
1      972       840       30849     290       290       277       277       399       1         2         
1      1107      992       30882     291       290       245       245       400       1         3         
2      500       409       30782     52        52        306       306       421       1         2         
3      619       137       30923     131       286       148       148       434       1         2         
2      619       137       30923     131       286       127       127       442       1         3         
3      925       815       30811     290       290       335       335       449       1         2         
3      883       602       30755     290       189       378       378       459       1         2         
2      771       727       30856     290       290       219       219       472       1         2         
1      546       545       30870     52        52        194       194       474       1         2         
1      502       568       30880     52        52        187       187       509       1         2         
1      313       414       30922     87        100       143       143       558       1         2         
2      499       355       30911     52        119       176       176       597       1         4         
1      499       552       30912     52        189       174       174       597       2         3         
3      1101      925       30783     84        290       368       368       610       1         2         
1      440       417       30875     168       100       150       150       618       1         2         
2      457       507       30916     52        189       116       116       626       1         4         
4      369       601       30901     52        189       185       185       633       1         2         
1      523       593       30858     52        52        0         0         634       1         3         
1      904       991       30820     290       290       252       252       635       1         2         
3      947       305       30888     290       299       239       239       652       1         3         
3      947       305       30888     290       299       239       239       660       1         2         
3      1034      925       30772     84        290       368       368       696       1         2         
1      533       499       30925     199       52        110       110       706       1         3         
1      947       674       30929     290       189       183       183       709       1         3         
1      1026      727       30848     291       290       309       309       712       1         3         
2      881       1545      30818     290       296       322       322       722       1         3         
3      1168      1151      30806     291       291       329       329       736       1         2         
4      816       716       30602     290       189       494       494       760       1         2         
1      1087      744       30928     291       290       219       219       761       1         3         
2      837       389       30850     290       299       254       254       763       1         4         
1      769       677       30915     290       189       136       136       774       1         2         
1      1036      841       30875     84        290       282       282       804       1         2         
3      431       498       30905     52        52        196       196       816       1         2         
1      508       628       30871     199       189       158       158       823       1         2         
1      980       1087      30912     291       291       190       190       842       1         4         
3      1044      1129      30902     291       291       229       229       842       2         3         
3      596       502       30900     131       52        238       238       879       1         2         
1      992       748       30914     290       290       231       231       897       1         2         
2      916       602       30911     291       189       151       151       901       1         3         
2      1128      1193      30788     291       129       364       364       909       1         3         
2      959       598       30728     291       189       337       337       914       1         3         
3      334       47        30903     119       98        162       162       921       1         2         
1      749       535       30823     290       189       235       235       956       1         2         
1      192       32        30902     266       98        152       152       958       1         2         
1      725       674       30873     290       189       186       186       992       1         2         
3      883       602       30755     290       189       378       378       993       1         2         
3      1096      1099      30843     84        84        323       323       1000      1         2         
1      464       600       30914     168       280       118       118       1074      1         4         
2      863       1067      30856     290       291       280       280       1075      1         3         
1      1148      1066      30818     291       291       323       323       1089      1         2         
3      839       673       30875     290       189       262       262       1097      1         2         
3      1110      738       30898     291       189       293       293       1125      1         2         
1      460       650       30910     189       189       153       153       1128      1         2         
3      929       358       30926     290       168       211       211       1136      1         2         
3      909       817       30903     290       290       221       221       1137      1         2         
1      859       947       30893     290       290       141       141       1142      1         4         
3      925       969       30895     290       290       256       256       1142      2         3         
1      504       416       30902     52        100       188       188       1149      1         3         
2      826       1088      30757     291       291       301       301       1150      1         2         
2      456       305       30917     52        299       161       161       1169      1         2         
3      1109      643       30925     291       131       261       261       1172      1         3         
1      801       580       30896     291       189       111       111       1208      1         3         
3      906       1161      30702     290       84        409       409       1223      1         2         
1      191       671       30905     266       280       117       117       1227      1         3         
3      881       698       30912     290       189       228       228       1238      1         2         
3      1128      698       30878     291       189       277       277       1285      1         3         
2      881       649       30871     290       189       269       269       1304      1         2         
1      353       255       30868     119       87        185       185       1322      1         2         
2      664       461       30903     131       189       155       155       1332      1         2         
3      794       674       30878     290       189       216       216       1334      1         2         
3      863       699       30786     290       290       350       350       1349      1         2         
1      896       651       30896     291       189       193       193       1359      1         3         
2      813       721       30911     290       290       187       187       1380      1         2         
3      499       355       30911     52        119       176       176       1385      1         2         
1      350       239       30909     127       87        167       167       1400      1         2         
3      837       389       30850     290       299       254       254       1414      1         3         
1      813       696       30884     290       189       227       227       1421      1         2         
1      969       905       30878     290       290       147       147       1432      1         4         
2      1025      1044      30899     291       291       304       304       1443      1         2         
3      772       698       30839     290       189       237       237       1444      1         4         
1      772       512       30879     290       199       183       183       1444      2         3         
1      536       972       30920     189       290       137       137       1445      1         4         
1      1149      1227      30846     291       192       292       292       1475      1         3         
1      767       533       30901     290       199       129       129       1498      1         3         
3      915       722       30930     291       290       0         0         0         0         0         
3      915       722       30930     291       290       0         0         0         0         0         
1      327       421       30930     299       168       0         0         0         0         0         
1      596       412       30931     131       52        0         0         0         0         0         
1      438       526       30931     100       52        0         0         0         0         0         
2      369       291       30931     52        87        0         0         0         0         0         
1      291       177       30931     87        207       0         0         0         0         0         
2      1386      858       30931     129       290       0         0         0         0         0         
1      354       604       30931     119       189       0         0         0         0         0         
1      415       481       30932     100       189       0         0         0         0         0         
1      417       117       30932     100       286       0         0         0         0         0         
1      374       584       30932     119       189       0         0         0         0         0         
1      397       509       30932     168       199       0         0         0         0         0         
3      1048      838       30932     291       290       0         0         0         0         0         
3      1048      838       30932     291       290       0         0         0         0         0         
1      906       860       30933     290       290       0         0         0         0         0         
1      579       779       30933     189       131       0         0         0         0         0         
1      21        134       30933     98        9         0         0         0         0         0         
1      1023      675       30933     291       189       0         0         0         0         0         
1      722       861       30934     290       290       0         0         0         0         0         
2      947       676       30934     290       189       0         0         0         0         0         
1      702       1356      30935     290       129       0         0         0         0         0         
1      766       651       30935     290       189       0         0         0         0         0         
1      460       387       30935     189       299       0         0         0         0         0         
1      459       606       30935     189       189       0         0         0         0         0         
1      1150      1264      30935     291       192       0         0         0         0         0         
3      940       720       30936     291       290       0         0         0         0         0         
1      693       369       30936     280       52        0         0         0         0         0         
1      654       795       30936     189       290       0         0         0         0         0         
1      578       582       30936     189       189       0         0         0         0         0         
1      698       532       30936     189       199       0         0         0         0         0         
1      948       671       30937     290       280       0         0         0         0         0         
1      307       509       30937     127       199       0         0         0         0         0         
2      499       369       30937     52        52        0         0         0         0         0         
2      526       737       30937     52        189       0         0         0         0         0         
3      526       737       30937     52        189       0         0         0         0         0         
2      727       1218      30938     290       84        0         0         0         0         0         
2      835       576       30938     290       189       0         0         0         0         0         
1      608       654       30938     189       189       0         0         0         0         0         
2      67        134       30938     287       9         0         0         0         0         0         
3      371       666       30938     52        131       0         0         0         0         0         
3      371       666       30938     52        131       0         0         0         0         0         
1      137       332       30938     286       87        0         0         0         0         0         
3      839       653       30939     290       189       0         0         0         0         0         
1      526       663       30939     52        131       0         0         0         0         0         
1      137       602       30939     286       189       0         0         0         0         0         
1      628       36        30939     189       98        0         0         0         0         0         
1      791       701       30939     290       290       0         0         0         0         0         
3      376       669       30939     168       280       0         0         0         0         0         
1      605       679       30939     189       290       0         0         0         0         0         
3      1047      1209      30939     291       192       0         0         0         0         0         
3      839       653       30939     290       189       0         0         0         0         0         
1      526       603       30940     52        189       0         0         0         0         0         
2      208       523       30940     286       52        0         0         0         0         0         
1      924       674       30940     290       189       0         0         0         0         0         
2      633       533       30940     189       199       0         0         0         0         0         
1      788       990       30940     290       290       0         0         0         0         0         
1      632       650       30940     189       189       0         0         0         0         0         
2      748       720       30941     290       290       0         0         0         0         0         
3      748       720       30941     290       290       0         0         0         0         0         
1      546       676       30941     52        189       0         0         0         0         0         
1      1087      972       30941     291       290       0         0         0         0         0         
1      456       545       30941     52        52        0         0         0         0         0         
1      891       696       30941     291       189       0         0         0         0         0         
1      726       571       30941     290       52        0         0         0         0         0         
1      790       717       30942     290       189       0         0         0         0         0         
1      510       835       30942     199       290       0         0         0         0         0         
1      31        35        30942     9         98        0         0         0         0         0         
1      443       650       30942     168       189       0         0         0         0         0         
3      43        48        30943     9         98        0         0         0         0         0         
3      43        48        30943     9         98        0         0         0         0         0         
3      532       415       30943     199       100       0         0         0         0         0         
2      669       827       30943     280       291       0         0         0         0         0         
3      841       1218      30943     290       84        0         0         0         0         0         
3      669       827       30943     280       291       0         0         0         0         0         
2      153       62        30943     286       98        0         0         0         0         0         
3      841       1218      30943     290       84        0         0         0         0         0         
3      153       62        30943     286       98        0         0         0         0         0         
2      532       415       30943     199       100       0         0         0         0         0         
2      887       1046      30943     290       291       0         0         0         0         0         
1      458       372       30943     52        119       0         0         0         0         0         
1      669       1542      30943     280       296       0         0         0         0         0         
1      600       582       30943     280       189       0         0         0         0         0         
1      788       991       30943     290       290       0         0         0         0         0         
1      1386      858       30943     129       290       0         0         0         0         0         
1      234       389       30943     87        299       0         0         0         0         0         
1      374       532       30944     119       199       0         0         0         0         0         
1      568       550       30944     52        189       0         0         0         0         0         
3      621       91        30944     280       178       0         0         0         0         0         
3      621       91        30944     280       178       0         0         0         0         0         
1      632       650       30944     189       189       0         0         0         0         0         
1      646       530       30944     280       189       0         0         0         0         0         
1      134       249       30945     9         266       0         0         0         0         0         
1      256       374       30945     87        119       0         0         0         0         0         
2      527       871       30945     52        291       0         0         0         0         0         
2      197       314       30945     178       119       0         0         0         0         0         
1      791       504       30945     290       52        0         0         0         0         0         
2      137       210       30945     286       266       0         0         0         0         0         
1      739       651       30945     189       189       0         0         0         0         0         
1      894       629       30945     291       189       0         0         0         0         0         
3      702       699       30946     290       290       0         0         0         0         0         
2      702       699       30946     290       290       0         0         0         0         0         
1      96        357       30946     9         277       0         0         0         0         0         
1      725       924       30946     290       290       0         0         0         0         0         
3      527       521       30947     52        52        0         0         0         0         0         
3      527       521       30947     52        52        0         0         0         0         0         
1      509       373       30947     199       119       0         0         0         0         0         
2      324       172       30947     299       286       0         0         0         0         0         
1      722       652       30947     290       189       0         0         0         0         0         
1      1149      1217      30947     291       84        0         0         0         0         0         
1      713       621       30947     131       280       0         0         0         0         0         
2      163       331       30947     178       127       0         0         0         0         0         
1      552       193       30947     189       266       0         0         0         0         0         
1      768       675       30948     290       189       0         0         0         0         0         
3      628       665       30948     189       131       0         0         0         0         0         
3      628       665       30948     189       131       0         0         0         0         0         
1      604       652       30948     189       189       0         0         0         0         0         
2      632       10        30949     189       98        0         0         0         0         0         
1      416       398       30949     100       168       0         0         0         0         0         
1      528       645       30949     52        280       0         0         0         0         0         
1      556       10        30949     199       98        0         0         0         0         0         
4      134       269       30949     9         127       0         0         0         0         0         
1      1048      858       30949     291       290       0         0         0         0         0         
2      745       1011      30949     290       84        0         0         0         0         0         
2      411       557       30949     52        189       0         0         0         0         0         
3      411       557       30949     52        189       0         0         0         0         0         
1      1148      1245      30949     291       192       0         0         0         0         0         
1      480       463       30950     52        168       0         0         0         0         0         
3      418       674       30950     168       189       0         0         0         0         0         
1      368       324       30950     299       299       0         0         0         0         0         
1      680       247       30950     290       266       0         0         0         0         0         
1      396       533       30950     119       199       0         0         0         0         0         
3      418       674       30950     168       189       0         0         0         0         0         
3      335       480       30951     119       52        0         0         0         0         0         
3      335       480       30951     119       52        0         0         0         0         0         
1      1001      673       30951     291       189       0         0         0         0         0         
1      580       629       30951     189       189       0         0         0         0         0         
1      608       461       30951     189       189       0         0         0         0         0         
1      1387      1281      30952     129       192       0         0         0         0         0         
1      1158      1075      30952     84        84        0         0         0         0         0         
1      816       722       30952     290       290       0         0         0         0         0         
1      946       815       30952     290       290       0         0         0         0         0         
2      794       630       30953     290       189       0         0         0         0         0         
3      794       630       30953     290       189       0         0         0         0         0         
3      1127      574       30953     291       189       0         0         0         0         0         
1      527       374       30953     52        119       0         0         0         0         0         
1      662       648       30953     131       189       0         0         0         0         0         
1      66        134       30953     98        9         0         0         0         0         0         
1      949       531       30953     290       189       0         0         0         0         0         
1      47        355       30953     98        119       0         0         0         0         0         
1      603       671       30954     189       280       0         0         0         0         0         
1      347       292       30954     299       87        0         0         0         0         0         
1      371       653       30954     52        189       0         0         0         0         0         
1      249       331       30955     266       127       0         0         0         0         0         
1      556       430       30955     199       52        0         0         0         0         0         
2      860       121       30955     290       57        0         0         0         0         0         
1      838       760       30955     290       291       0         0         0         0         0         
1      207       458       30955     286       52        0         0         0         0         0         
2      780       1088      30956     291       291       0         0         0         0         0         
3      780       1088      30956     291       291       0         0         0         0         0         
1      137       291       30956     286       87        0         0         0         0         0         
1      476       265       30956     52        299       0         0         0         0         0         
1      480       498       30956     52        52        0         0         0         0         0         
1      913       1529      30956     291       296       0         0         0         0         0         
1      269       529       30957     127       189       0         0         0         0         0         
1      794       377       30957     290       168       0         0         0         0         0         
1      238       439       30957     87        189       0         0         0         0         0         
2      461       601       30958     189       189       0         0         0         0         0         
1      328       213       30959     299       266       0         0         0         0         0         
1      677       649       30959     189       189       0         0         0         0         0         
3      507       268       30959     189       299       0         0         0         0         0         
3      507       268       30959     189       299       0         0         0         0         0         
1      333       557       30959     119       189       0         0         0         0         0         
1      794       628       30959     290       189       0         0         0         0         0         
1      396       606       30959     119       189       0         0         0         0         0         
1      582       575       30959     189       189       0         0         0         0         0         
3      628       691       30959     189       131       0         0         0         0         0         
1      534       601       30959     199       189       0         0         0         0         0         
1      1043      1091      30959     291       291       0         0         0         0         0         
