COLUMNS

passenger_count
pickup_ID
dropoff_ID
request_time_sec
pickup_district
dropoff_district
LDuals
IDuals
vehicle_ID
pick_position
drop_position

REQUESTS_INFO
1      837       768       30060     290       290       212       212       10        1         2         
1      905       972       30072     290       290       169.5     169.5     11        1         3         
1      905       972       30084     290       290       157.5     157.5     11        2         4         
1      1021      1281      30089     291       192       160       160       36        1         3         
1      876       527       30050     50        52        172       172       79        1         3         
3      1187      626       30080     291       189       139       139       100       1         2         
3      354       556       30009     119       199       236       236       102       1         2         
3      770       905       30030     290       290       242       242       119       1         2         
1      259       679       29999     87        290       223       223       121       1         3         
2      992       157       30085     290       54        197       197       152       1         3         
2      390       549       30070     52        52        176       176       163       1         2         
1      680       663       30066     290       131       179       179       175       1         3         
2      1003      874       30021     291       291       198       198       178       1         2         
1      344       136       30042     299       286       273       273       187       1         2         
1      875       692       29993     291       280       248       248       225       1         2         
2      908       601       30000     290       189       279       279       233       1         4         
1      1151      1088      30055     291       291       165       165       240       1         2         
4      332       209       30075     87        266       176       176       255       1         2         
2      163       905       30078     178       290       112       112       279       1         2         
1      1168      456       30036     291       52        168       168       305       1         3         
1      1012      925       30061     84        290       203.5     203.5     307       1         3         
1      861       1175      30045     290       129       219.5     219.5     315       1         4         
3      1048      905       29969     291       290       305       305       318       1         2         
1      913       568       30051     291       52        182       182       343       1         2         
3      745       557       30081     290       189       161       161       356       1         2         
1      436       671       30036     100       280       160       160       389       1         3         
2      332       277       30015     87        87        236       236       391       1         2         
1      1127      621       30036     291       280       205       205       419       1         2         
3      803       602       30013     291       189       214       214       427       1         2         
1      624       527       30089     189       52        77        77        449       1         2         
2      939       850       30078     291       291       167       167       450       1         2         
1      287       436       30012     299       100       212       212       455       1         3         
1      499       526       30000     52        52        209       209       478       1         3         
1      195       179       30083     207       178       120       120       479       1         2         
1      251       285       30069     127       299       123       123       480       1         2         
1      273       413       30030     206       52        187       187       482       1         2         
1      1172      207       30064     129       286       184       184       486       1         2         
2      325       198       30084     299       178       195       195       499       1         3         
3      312       170       30052     87        286       188       188       504       1         3         
3      210       46        30081     266       98        157       157       522       1         2         
1      971       834       30063     290       290       190.5     190.5     595       1         2         
1      1034      134       30075     84        9         168       168       597       1         2         
1      772       119       30068     290       286       185       185       622       1         3         
2      839       527       30083     290       52        199       199       633       1         4         
1      296       193       30004     277       266       276       276       641       1         2         
3      884       1171      30022     290       192       225       225       649       1         2         
1      881       804       30074     290       291       206       206       651       1         2         
1      909       925       30032     290       290       169       169       652       1         3         
1      907       871       30051     290       291       242       242       652       2         4         
2      1068      170       30061     291       286       191       191       667       1         3         
1      981       905       30062     291       290       115       115       683       1         4         
1      295       726       30024     87        290       177       177       687       1         4         
3      1046      990       30016     291       290       221       221       691       1         2         
3      886       903       29942     290       290       336       336       696       1         3         
3      1187      626       30080     291       189       139       139       708       1         2         
1      758       620       30072     131       131       144       144       711       1         2         
2      644       526       30077     131       52        112       112       714       1         2         
3      767       827       29980     290       291       238       238       759       1         3         
1      813       608       30082     290       189       194       194       768       2         4         
3      325       198       30084     299       178       195       195       790       1         2         
1      458       399       30091     52        168       0         0         0         0         0         
1      416       802       30091     100       291       0         0         0         0         0         
1      1310      649       30091     84        189       0         0         0         0         0         
1      738       213       30092     189       266       0         0         0         0         0         
1      158       599       30092     174       280       0         0         0         0         0         
1      737       527       30092     189       52        0         0         0         0         0         
1      929       816       30092     290       290       0         0         0         0         0         
2      412       578       30093     52        189       0         0         0         0         0         
2      252       373       30093     206       119       0         0         0         0         0         
4      1211      935       30093     129       291       0         0         0         0         0         
1      480       816       30093     52        290       0         0         0         0         0         
1      945       909       30094     50        290       0         0         0         0         0         
1      886       669       30094     290       280       0         0         0         0         0         
1      701       834       30094     290       290       0         0         0         0         0         
1      812       725       30095     290       290       0         0         0         0         0         
1      939       443       30097     291       168       0         0         0         0         0         
1      780       816       30097     291       290       0         0         0         0         0         
2      644       616       30098     131       131       0         0         0         0         0         
1      716       756       30098     189       131       0         0         0         0         0         
1      394       464       30098     100       168       0         0         0         0         0         
1      701       557       30098     290       189       0         0         0         0         0         
1      794       557       30098     290       189       0         0         0         0         0         
1      239       723       30099     87        290       0         0         0         0         0         
3      60        134       30100     9         9         0         0         0         0         0         
1      1098      1088      30101     84        291       0         0         0         0         0         
1      882       345       30101     290       299       0         0         0         0         0         
1      1044      913       30102     291       291       0         0         0         0         0         
1      457       619       30102     52        131       0         0         0         0         0         
1      837       1169      30102     290       291       0         0         0         0         0         
1      714       250       30102     131       127       0         0         0         0         0         
2      771       1227      30102     290       192       0         0         0         0         0         
1      677       557       30103     189       189       0         0         0         0         0         
1      859       884       30103     290       290       0         0         0         0         0         
2      946       929       30103     290       290       0         0         0         0         0         
1      1043      914       30103     291       291       0         0         0         0         0         
1      731       255       30104     131       87        0         0         0         0         0         
3      456       742       30104     52        290       0         0         0         0         0         
3      456       742       30104     52        290       0         0         0         0         0         
1      737       771       30104     189       290       0         0         0         0         0         
2      645       559       30105     280       189       0         0         0         0         0         
1      1148      710       30105     291       131       0         0         0         0         0         
1      701       526       30105     290       52        0         0         0         0         0         
1      555       9         30106     199       98        0         0         0         0         0         
2      420       1177      30106     168       84        0         0         0         0         0         
1      303       451       30107     299       999       0         0         0         0         0         
1      292       412       30108     87        52        0         0         0         0         0         
1      654       417       30108     189       100       0         0         0         0         0         
1      804       849       30108     291       291       0         0         0         0         0         
1      1401      765       30109     129       290       0         0         0         0         0         
2      457       527       30110     52        52        0         0         0         0         0         
1      702       1032      30110     290       84        0         0         0         0         0         
1      700       792       30112     290       290       0         0         0         0         0         
4      1267      1090      30112     129       291       0         0         0         0         0         
1      778       649       30112     131       189       0         0         0         0         0         
4      279       904       30113     87        290       0         0         0         0         0         
3      607       527       30113     189       52        0         0         0         0         0         
3      607       527       30113     189       52        0         0         0         0         0         
3      693       777       30114     280       131       0         0         0         0         0         
1      582       527       30114     189       52        0         0         0         0         0         
1      1032      1059      30114     84        84        0         0         0         0         0         
1      1318      1087      30114     192       291       0         0         0         0         0         
1      937       981       30114     291       291       0         0         0         0         0         
1      335       236       30114     119       87        0         0         0         0         0         
1      712       742       30114     131       290       0         0         0         0         0         
3      693       777       30114     280       131       0         0         0         0         0         
1      859       652       30115     290       189       0         0         0         0         0         
2      655       884       30115     189       290       0         0         0         0         0         
3      655       884       30115     189       290       0         0         0         0         0         
1      916       645       30115     291       280       0         0         0         0         0         
1      574       116       30116     189       9         0         0         0         0         0         
1      356       464       30116     119       168       0         0         0         0         0         
1      605       573       30116     189       189       0         0         0         0         0         
3      1149      575       30117     291       189       0         0         0         0         0         
3      1149      575       30117     291       189       0         0         0         0         0         
2      78        265       30118     9         299       0         0         0         0         0         
1      394       452       30118     100       52        0         0         0         0         0         
3      860       909       30118     290       290       0         0         0         0         0         
3      860       909       30118     290       290       0         0         0         0         0         
3      909       770       30119     290       290       0         0         0         0         0         
2      416       185       30119     100       87        0         0         0         0         0         
3      416       185       30119     100       87        0         0         0         0         0         
3      909       770       30119     290       290       0         0         0         0         0         
