COLUMNS

passenger_count
pickup_ID
dropoff_ID
request_time_sec
pickup_district
dropoff_district

REQUESTS_INFO
2      1024      628       30240     291       189       
1      504       419       30240     52        168       
1      61        189       30240     98        286       
1      757       738       30240     131       189       
1      641       82        30240     131       98        
2      527       579       30241     52        189       
3      527       579       30241     52        189       
1      528       606       30241     52        189       
1      439       696       30241     189       189       
1      863       139       30241     290       57        
1      233       269       30241     206       127       
1      695       758       30242     189       131       
1      646       31        30242     280       9         
3      791       673       30242     290       189       
2      791       673       30242     290       189       
1      745       864       30242     290       290       
1      556       503       30242     199       52        
3      718       1225      30243     189       192       
2      621       742       30244     280       290       
1      817       508       30244     290       199       
2      1431      735       30244     129       131       
1      842       969       30244     290       290       
2      369       531       30244     52        189       
3      369       531       30244     52        189       
2      654       559       30246     189       189       
3      654       559       30246     189       189       
1      794       693       30246     290       280       
3      486       694       30246     199       189       
1      824       1025      30246     291       291       
1      528       506       30246     52        189       
1      463       604       30246     168       189       
1      462       628       30247     189       189       
1      82        43        30247     98        9         
2      949       1147      30247     290       291       
1      392       455       30248     52        52        
1      718       780       30249     189       291       
1      328       534       30250     299       199       
1      462       560       30250     189       189       
2      526       555       30250     52        199       
2      598       694       30250     189       189       
3      598       694       30250     189       189       
1      668       549       30251     280       52        
1      257       327       30251     87        299       
1      526       462       30251     52        189       
3      619       444       30252     131       168       
3      619       444       30252     131       168       
2      1012      948       30252     84        290       
1      850       673       30252     291       189       
1      840       217       30252     290       87        
1      757       527       30253     131       52        
1      1069      1064      30253     291       291       
1      236       395       30253     87        100       
1      772       455       30253     290       52        
1      556       527       30253     199       52        
1      888       772       30254     290       290       
1      1355      1225      30254     129       192       
4      959       1107      30254     291       291       
1      458       601       30254     52        189       
1      501       416       30255     52        100       
1      630       580       30255     189       189       
1      788       698       30255     290       189       
3      356       10        30255     119       98        
3      356       10        30255     119       98        
1      485       625       30256     189       189       
1      531       415       30256     189       100       
2      488       460       30256     199       189       
1      479       291       30256     52        87        
1      508       727       30256     199       290       
1      788       604       30256     290       189       
1      584       550       30256     189       189       
1      557       694       30256     189       189       
1      336       121       30257     277       57        
1      369       436       30257     52        100       
1      296       373       30257     277       119       
3      597       606       30257     131       189       
1      248       693       30257     266       280       
2      597       606       30257     131       189       
1      277       273       30257     87        206       
1      43        313       30257     9         87        
1      527       627       30258     52        189       
3      504       648       30258     52        189       
2      948       621       30258     290       280       
1      771       647       30258     290       280       
1      527       602       30258     52        189       
1      948       643       30259     290       131       
1      883       780       30259     290       291       
1      722       695       30259     290       189       
1      332       597       30259     87        131       
1      332       760       30259     87        291       
1      478       184       30260     52        87        
1      549       554       30260     52        189       
1      812       534       30260     290       199       
2      929       10        30260     290       98        
1      991       651       30260     290       189       
1      398       560       30261     168       189       
1      804       506       30261     291       189       
1      436       604       30262     100       189       
1      630       648       30262     189       189       
1      488       603       30262     199       189       
2      462       398       30262     189       168       
1      665       801       30263     131       291       
1      549       650       30263     52        189       
1      523       485       30263     52        189       
1      905       483       30264     290       189       
1      135       21        30264     286       98        
1      61        228       30264     98        266       
1      279       535       30265     87        189       
1      295       604       30265     87        189       
1      579       416       30265     189       100       
3      936       748       30266     291       290       
1      743       600       30266     290       280       
1      502       598       30266     52        189       
3      936       748       30266     291       290       
1      983       827       30267     291       291       
2      865       694       30267     290       189       
1      1096      1139      30267     84        84        
3      287       649       30268     299       189       
1      486       534       30268     199       199       
1      702       709       30268     290       131       
1      578       578       30268     189       189       
1      959       738       30268     291       189       
2      887       748       30268     290       290       
3      947       1226      30268     290       192       
3      947       1226      30268     290       192       
3      287       649       30268     299       189       
1      534       742       30269     199       290       
1      1107      1002      30269     291       291       
1      749       696       30269     290       189       
1      510       10        30270     199       98        
3      504       727       30270     52        290       
2      804       620       30270     291       131       
3      804       620       30270     291       131       
1      604       711       30270     189       131       
1      556       672       30270     199       189       
1      811       760       30270     290       291       
1      306       134       30270     299       9         
2      504       727       30270     52        290       
