COLUMNS

passenger_count
pickup_ID
dropoff_ID
request_time_sec
pickup_district
dropoff_district
LDuals
IDuals
vehicle_ID
pick_position
drop_position

REQUESTS_INFO
1      905       417       29906     290       100       201       201       26        1         2         
1      795       732       29924     290       131       197       197       45        1         3         
1      312       606       29956     87        189       121       121       89        1         2         
1      409       135       29945     52        286       186       186       105       1         2         
1      303       398       29958     299       168       116       116       137       1         3         
1      397       552       29969     168       189       129       129       239       1         4         
3      392       329       29961     52        127       115       115       266       1         3         
1      903       772       29944     290       290       160       160       292       1         3         
1      743       116       29950     290       9         114       114       304       1         4         
2      620       624       29966     131       189       123       123       349       1         2         
1      1128      484       29943     291       189       124       124       377       1         3         
1      875       650       29944     291       189       171       171       383       1         3         
3      817       769       29953     290       290       148       148       513       1         2         
1      858       527       29953     290       52        126       126       622       1         5         
1      630       378       29945     189       168       119       119       690       1         2         
3      1000      1047      29938     291       291       147       147       701       1         2         
1      937       1282      29963     291       192       115       115       745       1         2         
3      888       772       29880     290       290       243       243       820       1         2         
3      436       372       29943     100       119       143       143       826       1         2         
3      431       269       29913     52        127       217       217       913       1         2         
1      948       629       29958     290       189       148       148       970       1         2         
1      579       674       29951     189       189       107       107       1034      1         2         
2      1168      488       29910     291       199       155       155       1168      1         4         
1      812       947       29916     290       290       160       160       1193      1         2         
1      908       924       29947     290       290       187       187       1210      1         2         
1      1025      839       29920     291       290       168       168       1212      1         3         
2      463       160       29922     168       54        120       120       1214      1         4         
3      795       331       29942     290       127       179       179       1267      1         4         
1      795       724       29961     290       290       149       149       1267      2         3         
1      1025      626       29956     291       189       132       132       1288      1         2         
3      418       557       29969     168       189       141       141       1568      1         3         
2      968       698       29929     290       189       173       173       1912      1         3         
1      1068      1169      29928     291       291       152       152       1938      1         3         
2      816       355       29949     290       119       147       147       1939      1         4         
1      802       1026      29941     291       291       142       142       1995      1         3         
1      455       439       29971     52        189       0         0         0         0         0         
3      436       621       29971     100       280       0         0         0         0         0         
1      993       1010      29971     84        290       0         0         0         0         0         
1      959       760       29971     291       291       0         0         0         0         0         
1      718       697       29971     189       189       0         0         0         0         0         
1      555       643       29971     199       131       0         0         0         0         0         
2      436       621       29971     100       280       0         0         0         0         0         
1      735       673       29971     131       189       0         0         0         0         0         
1      485       698       29972     189       189       0         0         0         0         0         
1      824       719       29972     291       189       0         0         0         0         0         
1      829       723       29972     50        290       0         0         0         0         0         
4      771       702       29972     290       290       0         0         0         0         0         
1      462       570       29973     189       52        0         0         0         0         0         
1      1001      914       29973     291       291       0         0         0         0         0         
1      43        153       29973     9         286       0         0         0         0         0         
1      739       760       29973     189       291       0         0         0         0         0         
1      1217      780       29973     84        291       0         0         0         0         0         
1      745       675       29974     290       189       0         0         0         0         0         
1      549       749       29974     52        290       0         0         0         0         0         
2      760       555       29974     291       199       0         0         0         0         0         
1      31        861       29974     9         290       0         0         0         0         0         
1      604       737       29974     189       189       0         0         0         0         0         
3      276       374       29975     87        119       0         0         0         0         0         
3      276       374       29975     87        119       0         0         0         0         0         
3      276       1131      29975     87        291       0         0         0         0         0         
1      287       117       29975     299       286       0         0         0         0         0         
1      488       479       29975     199       52        0         0         0         0         0         
1      1066      810       29975     291       290       0         0         0         0         0         
2      247       304       29975     266       299       0         0         0         0         0         
1      526       629       29975     52        189       0         0         0         0         0         
2      679       556       29975     290       199       0         0         0         0         0         
1      896       116       29975     291       9         0         0         0         0         0         
1      486       649       29976     199       189       0         0         0         0         0         
2      534       627       29976     199       189       0         0         0         0         0         
1      527       534       29976     52        199       0         0         0         0         0         
1      436       549       29976     100       52        0         0         0         0         0         
1      726       572       29976     290       131       0         0         0         0         0         
1      621       715       29976     280       131       0         0         0         0         0         
1      393       439       29976     52        189       0         0         0         0         0         
3      850       1188      29976     291       192       0         0         0         0         0         
2      171       522       29976     286       52        0         0         0         0         0         
1      617       692       29976     131       280       0         0         0         0         0         
1      233       412       29976     206       52        0         0         0         0         0         
1      991       790       29976     290       290       0         0         0         0         0         
1      393       268       29976     52        299       0         0         0         0         0         
3      534       627       29976     199       189       0         0         0         0         0         
2      737       499       29977     189       52        0         0         0         0         0         
1      499       579       29977     52        189       0         0         0         0         0         
1      461       527       29977     189       52        0         0         0         0         0         
1      621       332       29977     280       87        0         0         0         0         0         
1      946       696       29977     290       189       0         0         0         0         0         
2      292       232       29978     87        266       0         0         0         0         0         
1      722       121       29978     290       57        0         0         0         0         0         
1      522       554       29979     52        189       0         0         0         0         0         
1      736       723       29979     131       290       0         0         0         0         0         
1      1199      1180      29979     84        84        0         0         0         0         0         
1      718       499       29980     189       52        0         0         0         0         0         
1      317       220       29980     277       87        0         0         0         0         0         
1      554       325       29980     189       299       0         0         0         0         0         
1      736       859       29981     131       290       0         0         0         0         0         
2      714       553       29981     131       189       0         0         0         0         0         
3      714       553       29981     131       189       0         0         0         0         0         
1      42        415       29981     999       100       0         0         0         0         0         
2      969       1011      29981     290       84        0         0         0         0         0         
1      1149      1025      29981     291       291       0         0         0         0         0         
1      432       416       29981     52        100       0         0         0         0         0         
1      766       903       29982     290       290       0         0         0         0         0         
2      377       219       29982     168       87        0         0         0         0         0         
1      621       602       29982     280       189       0         0         0         0         0         
1      916       716       29982     291       189       0         0         0         0         0         
1      663       594       29982     131       131       0         0         0         0         0         
3      697       554       29983     189       189       0         0         0         0         0         
3      688       792       29983     131       290       0         0         0         0         0         
2      688       792       29983     131       290       0         0         0         0         0         
1      859       951       29983     290       290       0         0         0         0         0         
1      759       526       29983     131       52        0         0         0         0         0         
1      498       574       29983     52        189       0         0         0         0         0         
1      744       651       29983     290       189       0         0         0         0         0         
4      134       602       29983     9         189       0         0         0         0         0         
1      737       913       29984     189       291       0         0         0         0         0         
1      350       504       29984     127       52        0         0         0         0         0         
1      679       628       29984     290       189       0         0         0         0         0         
1      725       581       29984     290       189       0         0         0         0         0         
2      78        43        29984     9         9         0         0         0         0         0         
1      599       686       29985     280       131       0         0         0         0         0         
1      859       991       29985     290       290       0         0         0         0         0         
1      461       626       29985     189       189       0         0         0         0         0         
1      968       716       29986     290       189       0         0         0         0         0         
1      442       484       29986     168       189       0         0         0         0         0         
1      1148      1053      29986     291       84        0         0         0         0         0         
1      860       940       29986     290       291       0         0         0         0         0         
2      345       694       29986     299       189       0         0         0         0         0         
3      345       694       29986     299       189       0         0         0         0         0         
1      549       734       29986     52        131       0         0         0         0         0         
1      789       1011      29986     290       84        0         0         0         0         0         
1      621       847       29987     280       291       0         0         0         0         0         
1      715       558       29987     131       189       0         0         0         0         0         
1      1027      674       29988     50        189       0         0         0         0         0         
1      526       738       29988     52        189       0         0         0         0         0         
1      1046      962       29988     291       291       0         0         0         0         0         
1      440       418       29988     168       168       0         0         0         0         0         
1      627       600       29989     189       280       0         0         0         0         0         
2      436       599       29989     100       280       0         0         0         0         0         
1      236       399       29989     87        168       0         0         0         0         0         
1      745       417       29989     290       100       0         0         0         0         0         
1      959       850       29989     291       291       0         0         0         0         0         
1      727       394       29989     290       100       0         0         0         0         0         
1      549       556       29989     52        199       0         0         0         0         0         
1      485       485       29990     189       189       0         0         0         0         0         
1      488       628       29990     199       189       0         0         0         0         0         
1      365       134       29990     299       9         0         0         0         0         0         
2      256       436       29991     87        100       0         0         0         0         0         
1      927       865       29991     290       290       0         0         0         0         0         
1      858       83        29991     290       98        0         0         0         0         0         
1      676       837       29991     189       290       0         0         0         0         0         
2      556       21        29991     199       98        0         0         0         0         0         
1      743       605       29992     290       189       0         0         0         0         0         
2      761       873       29992     50        291       0         0         0         0         0         
1      824       599       29992     291       280       0         0         0         0         0         
2      272       235       29992     127       87        0         0         0         0         0         
1      337       504       29992     277       52        0         0         0         0         0         
2      925       601       29993     290       189       0         0         0         0         0         
1      848       1305      29993     291       129       0         0         0         0         0         
1      460       48        29993     189       98        0         0         0         0         0         
3      599       640       29993     280       131       0         0         0         0         0         
2      599       640       29993     280       131       0         0         0         0         0         
1      499       524       29994     52        52        0         0         0         0         0         
2      743       969       29994     290       290       0         0         0         0         0         
1      677       552       29994     189       189       0         0         0         0         0         
2      295       218       29994     87        87        0         0         0         0         0         
1      462       421       29994     189       168       0         0         0         0         0         
1      194       79        29994     207       98        0         0         0         0         0         
1      621       648       29994     280       189       0         0         0         0         0         
1      947       680       29995     290       290       0         0         0         0         0         
1      1206      1023      29995     192       291       0         0         0         0         0         
1      20        82        29995     98        98        0         0         0         0         0         
1      768       674       29995     290       189       0         0         0         0         0         
1      1025      378       29995     291       168       0         0         0         0         0         
3      1089      208       29996     291       286       0         0         0         0         0         
1      608       532       29996     189       199       0         0         0         0         0         
1      1088      1187      29996     291       291       0         0         0         0         0         
1      295       259       29996     87        87        0         0         0         0         0         
1      306       415       29997     299       100       0         0         0         0         0         
1      768       970       29997     290       290       0         0         0         0         0         
1      969       779       29998     290       131       0         0         0         0         0         
1      332       580       29998     87        189       0         0         0         0         0         
1      607       483       29998     189       189       0         0         0         0         0         
2      575       555       29998     189       199       0         0         0         0         0         
3      1149      1045      29998     291       291       0         0         0         0         0         
2      1149      1045      29998     291       291       0         0         0         0         0         
1      287       604       29999     299       189       0         0         0         0         0         
1      668       19        29999     280       98        0         0         0         0         0         
1      859       675       29999     290       189       0         0         0         0         0         
1      725       725       29999     290       290       0         0         0         0         0         
1      734       697       29999     131       189       0         0         0         0         0         
