COLUMNS

passenger_count
pickup_ID
dropoff_ID
ready_time_sec
pickup_district
dropoff_district
LDuals
IDuals
vehicle_ID
pick_position
drop_position

REQUESTS_INFO
1      623       254       47784     280       87        0         0         3         1         2         
3      886       766       47637     290       290       0         0         8         1         2         
1      626       230       47775     189       266       0         0         10        1         3         
3      838       747       47786     290       290       0         0         11        2         4         
1      959       608       47682     291       189       0         0         16        1         3         
4      815       923       47782     290       290       0         0         28        1         2         
3      550       556       47687     189       199       0         0         34        1         2         
3      969       914       47636     290       291       0         0         39        1         2         
3      549       669       47661     52        280       0         0         45        1         2         
4      665       906       47635     131       290       0         0         46        1         2         
1      907       815       47705     290       290       0         0         48        1         4         
3      887       886       47360     290       290       0         0         48        2         3         
1      535       375       47784     189       119       0         0         55        1         4         
1      256       415       47763     87        100       0         0         61        1         3         
1      623       524       47763     280       52        0         0         63        1         3         
1      549       355       47766     52        119       0         0         68        1         3         
1      718       871       47752     189       291       0         0         77        1         3         
3      766       717       47766     290       189       0         0         77        2         4         
3      886       766       47637     290       290       0         0         81        2         3         
1      913       1530      47442     291       296       0         0         87        1         3         
1      623       721       47676     280       290       0         0         90        1         3         
2      621       897       47767     280       291       0         0         92        1         2         
2      676       851       47772     189       291       0         0         102       1         3         
1      860       991       47768     290       290       0         0         117       1         3         
1      962       549       47779     291       52        0         0         124       1         4         
1      419       1119      47764     168       84        0         0         131       1         2         
1      389       288       47772     299       127       0         0         139       1         3         
3      664       593       47760     131       52        0         0         158       1         2         
1      310       408       47774     127       299       0         0         162       1         4         
1      1355      666       47786     129       131       0         0         177       1         2         
2      788       827       47779     290       291       0         0         184       2         3         
1      917       992       47783     291       290       0         0         186       2         4         
1      836       804       47785     290       291       0         0         187       1         4         
2      962       850       47371     291       291       0         0         193       1         3         
1      757       690       47712     131       131       0         0         235       1         2         
1      443       557       47770     168       189       0         0         236       1         2         
1      314       177       47765     119       207       0         0         242       1         3         
3      577       444       47642     189       168       0         0         249       1         3         
1      738       99        47769     189       286       0         0         254       1         3         
1      277       457       47750     87        52        0         0         260       1         3         
1      1068      1300      47778     291       192       0         0         269       1         2         
1      663       551       47785     131       189       0         0         274       1         4         
3      914       1003      47767     291       291       0         0         280       1         3         
2      852       1068      47706     291       291       0         0         290       1         3         
2      328       314       47781     299       119       0         0         293       1         3         
4      458       192       47769     52        266       0         0         297       1         2         
3      605       346       47583     189       299       0         0         300       1         3         
1      882       606       47787     290       189       0         0         307       1         4         
1      925       527       47758     290       52        0         0         307       2         5         
2      653       442       47783     189       168       0         0         310       1         2         
1      389       714       47769     299       131       0         0         314       1         3         
2      583       527       47593     189       52        0         0         316       1         2         
1      817       652       47711     290       189       0         0         318       1         4         
3      713       395       47787     131       100       0         0         319       1         2         
1      816       818       47760     290       290       0         0         339       1         3         
2      812       991       47718     290       290       0         0         339       2         4         
3      914       417       47625     291       100       0         0         341       2         4         
1      512       268       47760     199       299       0         0         342       1         4         
1      723       861       47717     290       290       0         0         347       1         3         
1      793       609       47772     290       189       0         0         353       1         2         
1      413       597       47760     52        131       0         0         375       1         4         
2      735       433       47774     131       52        0         0         376       1         3         
4      555       603       46615     199       189       0         0         383       1         2         
2      1446      1211      47763     129       129       0         0         385       1         2         
1      137       652       47709     286       189       0         0         386       1         3         
1      549       347       47775     52        299       0         0         387       1         3         
2      718       827       47599     189       291       0         0         395       1         3         
2      991       1003      47610     290       291       0         0         399       1         3         
3      1000      908       47276     291       290       0         0         402       1         3         
3      616       652       47636     131       189       0         0         408       1         3         
1      726       838       47617     290       290       0         0         412       1         3         
2      721       694       47607     290       189       0         0         414       1         3         
2      768       526       47687     290       52        0         0         414       2         4         
2      850       960       47704     291       291       0         0         424       1         2         
1      714       464       47706     131       168       0         0         430       1         3         
1      1121      928       47757     84        290       0         0         433       1         2         
1      655       894       47767     189       291       0         0         439       1         4         
2      416       347       47781     100       299       0         0         442       1         3         
2      937       923       47767     291       290       0         0         449       1         3         
1      116       526       47735     9         52        0         0         452       1         2         
3      577       293       47697     189       87        0         0         460       1         3         
3      864       654       47584     290       189       0         0         461       1         3         
1      336       555       47762     277       199       0         0         466       1         3         
3      863       725       47743     290       290       0         0         471       1         3         
1      603       551       47785     189       189       0         0         486       1         2         
1      891       892       47715     291       291       0         0         487       1         2         
1      312       314       47762     87        119       0         0         489       1         3         
1      395       434       47739     100       52        0         0         498       1         2         
2      505       454       47690     52        52        0         0         507       1         2         
3      550       736       47569     189       131       0         0         512       1         3         
3      348       742       47778     299       290       0         0         515       1         3         
1      767       440       47703     290       168       0         0         516       1         3         
1      769       655       47694     290       189       0         0         517       1         2         
2      499       365       47760     52        299       0         0         521       1         2         
4      532       835       47691     199       290       0         0         526       1         2         
1      1227      981       47786     192       291       0         0         530       1         2         
2      532       393       47730     199       52        0         0         531       1         3         
3      914       417       47625     291       100       0         0         545       2         4         
2      418       331       47696     168       127       0         0         552       1         3         
1      743       946       47782     290       290       0         0         555       1         3         
1      782       1001      47772     291       291       0         0         563       1         3         
1      1001      827       47729     291       291       0         0         566       1         2         
3      452       526       47714     52        52        0         0         567       1         2         
1      559       142       47756     189       54        0         0         571       1         3         
2      727       948       47743     290       290       0         0         573       1         4         
2      874       644       47789     291       131       0         0         583       2         3         
3      812       991       47718     290       290       0         0         584       1         3         
1      817       621       47765     290       280       0         0         588       1         5         
3      735       433       47774     131       52        0         0         595       1         3         
3      857       903       47343     290       290       0         0         605       1         3         
2      915       1225      47462     291       192       0         0         609       1         2         
1      724       609       47773     290       189       0         0         614       1         2         
1      1053      1035      47596     84        84        0         0         623       1         2         
1      923       1225      47728     290       192       0         0         630       1         4         
2      948       676       47707     290       189       0         0         635       1         3         
2      1056      1120      47763     84        84        0         0         636       1         3         
2      827       557       47774     291       189       0         0         639       1         3         
1      793       990       47747     290       290       0         0         640       1         3         
1      760       642       47721     291       131       0         0         645       1         3         
1      117       287       47762     286       299       0         0         648       1         2         
3      885       804       47446     290       291       0         0         651       1         3         
1      434       326       47708     52        299       0         0         655       1         3         
3      432       353       47789     52        119       0         0         656       1         2         
1      609       680       47741     189       290       0         0         657       1         3         
3      631       431       47409     189       52        0         0         657       2         4         
3      418       630       47729     168       189       0         0         659       1         2         
1      961       735       47710     291       131       0         0         660       1         2         
2      861       791       47766     290       290       0         0         667       1         2         
3      549       461       47757     52        189       0         0         670       1         2         
1      735       594       47782     131       131       0         0         674       1         3         
3      328       529       47786     299       189       0         0         679       1         2         
2      914       1090      47780     291       291       0         0         688       1         3         
1      596       530       47610     131       189       0         0         690       1         3         
3      328       529       47786     299       189       0         0         700       1         2         
3      654       923       47741     189       290       0         0         701       1         2         
3      269       482       47788     127       189       0         0         707       1         2         
1      619       409       47747     131       52        0         0         714       1         3         
1      535       415       47738     189       100       0         0         716       1         3         
4      554       766       47153     189       290       0         0         717       1         2         
3      927       608       47451     290       189       0         0         724       1         3         
2      980       870       47671     291       291       0         0         728       2         5         
2      577       293       47697     189       87        0         0         734       1         3         
1      717       332       47755     189       87        0         0         739       1         3         
1      135       257       47779     286       87        0         0         743       1         3         
2      573       781       47717     189       291       0         0         758       1         3         
1      31        600       47780     9         280       0         0         763       1         3         
1      503       556       47771     52        199       0         0         784       1         3         
4      767       253       47707     290       206       0         0         798       1         2         
2      395       338       47789     100       277       0         0         810       1         2         
1      679       837       47721     290       290       0         0         814       1         3         
3      747       527       47437     290       52        0         0         814       2         4         
2      418       510       47774     168       199       0         0         824       1         2         
1      849       724       47682     291       290       0         0         826       1         2         
1      770       894       47768     290       291       0         0         846       1         3         
1      488       621       47607     199       280       0         0         851       1         4         
4      836       527       47489     290       52        0         0         854       1         2         
2      464       465       47777     168       199       0         0         859       1         3         
1      465       356       47735     199       119       0         0         859       2         4         
3      1043      981       47684     291       291       0         0         863       1         2         
1      756       925       47642     131       290       0         0         869       1         5         
1      735       811       47783     131       290       0         0         869       2         4         
1      627       1044      47758     189       291       0         0         872       1         4         
3      693       579       47709     280       189       0         0         874       1         2         
1      1225      1132      47737     192       291       0         0         891       1         2         
1      603       507       47784     189       189       0         0         897       1         2         
1      838       487       47764     290       199       0         0         902       1         3         
3      962       759       47676     291       131       0         0         903       1         2         
1      646       1226      47771     280       192       0         0         911       1         3         
3      837       914       47695     290       291       0         0         913       1         3         
2      36        317       47738     98        277       0         0         915       1         2         
2      908       513       47589     290       199       0         0         926       2         3         
1      557       837       47779     189       290       0         0         929       1         3         
3      441       557       47620     168       189       0         0         932       1         3         
2      439       414       47761     189       100       0         0         933       1         2         
1      455       696       47706     52        189       0         0         935       1         2         
2      488       669       47637     199       280       0         0         936       1         3         
1      633       836       47528     189       290       0         0         937       1         4         
2      655       827       47639     189       291       0         0         937       2         5         
2      376       455       47703     168       52        0         0         942       1         3         
2      838       747       47786     290       290       0         0         975       1         2         
2      1168      699       47764     291       290       0         0         978       1         3         
2      134       387       47744     9         299       0         0         982       1         2         
1      608       827       47754     189       291       0         0         983       1         2         
1      805       771       47721     291       290       0         0         984       1         2         
2      842       252       47757     290       206       0         0         985       1         4         
1      770       805       47674     290       291       0         0         994       1         3         
1      34        105       47769     98        287       0         0         999       1         2         
1      727       255       47708     290       87        0         0         1011      1         3         
1      596       527       47787     131       52        0         0         1012      1         2         
4      374       171       47708     119       286       0         0         1013      1         2         
1      781       672       47777     291       189       0         0         1014      1         3         
3      958       578       47527     291       189       0         0         1021      1         2         
1      509       352       47768     199       119       0         0         1031      1         3         
1      914       644       47686     291       131       0         0         1042      1         4         
1      914       1048      47589     291       291       0         0         1046      2         4         
2      579       672       47494     189       189       0         0         1048      1         3         
2      413       269       47752     52        127       0         0         1061      1         2         
2      836       881       47733     290       290       0         0         1068      1         3         
1      860       234       47782     290       87        0         0         1068      2         5         
2      760       960       47682     291       291       0         0         1079      1         3         
1      811       643       47789     290       131       0         0         1080      1         3         
1      805       725       47671     291       290       0         0         1082      1         2         
1      513       1227      47733     199       192       0         0         1093      1         4         
1      928       990       47739     290       290       0         0         1105      1         2         
3      647       600       47784     280       280       0         0         1108      1         2         
3      557       442       47787     189       168       0         0         1115      2         3         
3      842       252       47757     290       206       0         0         1118      1         3         
3      839       961       47673     290       291       0         0         1119      1         2         
1      782       984       47776     291       291       0         0         1128      1         3         
2      298       488       47706     277       199       0         0         1129      1         2         
1      699       882       47601     290       290       0         0         1142      1         3         
1      679       583       47754     290       189       0         0         1144      1         2         
2      951       736       47762     290       131       0         0         1150      2         3         
2      559       460       47752     189       189       0         0         1152      1         2         
1      695       938       47743     189       291       0         0         1159      1         3         
1      959       621       47332     291       280       0         0         1167      1         5         
1      895       801       47722     291       291       0         0         1167      2         3         
1      745       924       47781     290       290       0         0         1168      1         4         
2      654       923       47741     189       290       0         0         1172      1         4         
2      713       395       47787     131       100       0         0         1174      1         2         
1      216       200       47771     178       87        0         0         1182      1         3         
2      671       791       47736     280       290       0         0         1190      1         3         
2      984       1021      47777     291       291       0         0         1191      1         2         
1      643       459       47745     131       189       0         0         1192      1         3         
3      766       717       47766     290       189       0         0         1196      1         2         
3      837       1149      47760     290       291       0         0         1202      1         3         
2      870       673       47783     291       189       0         0         1203      2         4         
1      913       694       47565     291       189       0         0         1204      1         4         
3      827       739       47539     291       189       0         0         1204      2         3         
3      722       628       47641     290       189       0         0         1209      1         3         
1      549       460       47779     52        189       0         0         1210      1         3         
2      601       720       47579     189       290       0         0         1215      1         2         
2      857       835       47282     290       290       0         0         1216      1         3         
2      991       647       47758     290       280       0         0         1222      1         4         
3      568       760       47703     52        291       0         0         1229      1         3         
1      723       826       47763     290       291       0         0         1238      1         3         
3      571       324       47754     52        299       0         0         1243      1         2         
3      432       353       47789     52        119       0         0         1255      1         2         
3      233       276       47762     206       87        0         0         1269      1         2         
3      837       1149      47760     290       291       0         0         1271      1         3         
1      512       313       47742     199       87        0         0         1272      1         3         
3      626       176       47787     189       174       0         0         1273      2         4         
1      896       970       47748     291       290       0         0         1276      1         3         
1      376       555       47746     168       199       0         0         1285      1         2         
1      894       559       47640     291       189       0         0         1289      1         4         
2      310       178       47762     127       178       0         0         1297      1         3         
2      717       621       47721     189       280       0         0         1298      1         4         
1      781       668       47786     291       280       0         0         1298      2         3         
2      679       373       47771     290       119       0         0         1300      1         2         
1      981       870       47786     291       291       0         0         1313      1         3         
3      981       1191      47639     291       129       0         0         1313      2         4         
3      917       691       47562     291       131       0         0         1317      1         3         
3      581       333       47534     189       119       0         0         1322      1         4         
1      629       624       47755     189       189       0         0         1322      2         3         
2      607       418       47597     189       168       0         0         1336      1         3         
1      884       839       47717     290       290       0         0         1350      1         3         
2      894       1065      47698     291       291       0         0         1383      1         2         
4      1175      527       47719     129       52        0         0         1392      1         2         
3      926       476       47556     290       52        0         0         1395      1         3         
3      665       1087      47753     131       291       0         0         1398      1         3         
2      376       455       47703     168       52        0         0         0         0         0         
3      568       760       47703     52        291       0         0         0         0         0         
1      767       440       47703     290       168       0         0         0         0         0         
2      850       960       47704     291       291       0         0         0         0         0         
1      907       815       47705     290       290       0         0         0         0         0         
1      455       696       47706     52        189       0         0         0         0         0         
2      852       1068      47706     291       291       0         0         0         0         0         
2      298       488       47706     277       199       0         0         0         0         0         
1      714       464       47706     131       168       0         0         0         0         0         
4      767       253       47707     290       206       0         0         0         0         0         
2      948       676       47707     290       189       0         0         0         0         0         
4      374       171       47708     119       286       0         0         0         0         0         
1      434       326       47708     52        299       0         0         0         0         0         
1      727       255       47708     290       87        0         0         0         0         0         
1      137       652       47709     286       189       0         0         0         0         0         
3      693       579       47709     280       189       0         0         0         0         0         
1      961       735       47710     291       131       0         0         0         0         0         
1      817       652       47711     290       189       0         0         0         0         0         
1      757       690       47712     131       131       0         0         0         0         0         
3      452       526       47714     52        52        0         0         0         0         0         
1      891       892       47715     291       291       0         0         0         0         0         
2      573       781       47717     189       291       0         0         0         0         0         
1      884       839       47717     290       290       0         0         0         0         0         
1      723       861       47717     290       290       0         0         0         0         0         
2      812       991       47718     290       290       0         0         0         0         0         
3      812       991       47718     290       290       0         0         0         0         0         
4      1175      527       47719     129       52        0         0         0         0         0         
1      760       642       47721     291       131       0         0         0         0         0         
1      805       771       47721     291       290       0         0         0         0         0         
2      717       621       47721     189       280       0         0         0         0         0         
1      679       837       47721     290       290       0         0         0         0         0         
1      895       801       47722     291       291       0         0         0         0         0         
1      923       1225      47728     290       192       0         0         0         0         0         
1      1001      827       47729     291       291       0         0         0         0         0         
3      418       630       47729     168       189       0         0         0         0         0         
2      532       393       47730     199       52        0         0         0         0         0         
1      513       1227      47733     199       192       0         0         0         0         0         
2      836       881       47733     290       290       0         0         0         0         0         
1      116       526       47735     9         52        0         0         0         0         0         
1      465       356       47735     199       119       0         0         0         0         0         
2      671       791       47736     280       290       0         0         0         0         0         
1      1225      1132      47737     192       291       0         0         0         0         0         
2      36        317       47738     98        277       0         0         0         0         0         
1      535       415       47738     189       100       0         0         0         0         0         
1      395       434       47739     100       52        0         0         0         0         0         
1      928       990       47739     290       290       0         0         0         0         0         
1      609       680       47741     189       290       0         0         0         0         0         
3      654       923       47741     189       290       0         0         0         0         0         
2      654       923       47741     189       290       0         0         0         0         0         
1      512       313       47742     199       87        0         0         0         0         0         
2      727       948       47743     290       290       0         0         0         0         0         
1      695       938       47743     189       291       0         0         0         0         0         
3      863       725       47743     290       290       0         0         0         0         0         
2      134       387       47744     9         299       0         0         0         0         0         
1      643       459       47745     131       189       0         0         0         0         0         
1      376       555       47746     168       199       0         0         0         0         0         
1      793       990       47747     290       290       0         0         0         0         0         
1      619       409       47747     131       52        0         0         0         0         0         
1      896       970       47748     291       290       0         0         0         0         0         
1      277       457       47750     87        52        0         0         0         0         0         
2      413       269       47752     52        127       0         0         0         0         0         
1      718       871       47752     189       291       0         0         0         0         0         
2      559       460       47752     189       189       0         0         0         0         0         
3      665       1087      47753     131       291       0         0         0         0         0         
1      679       583       47754     290       189       0         0         0         0         0         
1      608       827       47754     189       291       0         0         0         0         0         
3      571       324       47754     52        299       0         0         0         0         0         
1      629       624       47755     189       189       0         0         0         0         0         
1      717       332       47755     189       87        0         0         0         0         0         
1      559       142       47756     189       54        0         0         0         0         0         
3      842       252       47757     290       206       0         0         0         0         0         
2      842       252       47757     290       206       0         0         0         0         0         
3      549       461       47757     52        189       0         0         0         0         0         
1      1121      928       47757     84        290       0         0         0         0         0         
2      991       647       47758     290       280       0         0         0         0         0         
1      627       1044      47758     189       291       0         0         0         0         0         
1      925       527       47758     290       52        0         0         0         0         0         
1      512       268       47760     199       299       0         0         0         0         0         
3      837       1149      47760     290       291       0         0         0         0         0         
2      499       365       47760     52        299       0         0         0         0         0         
3      664       593       47760     131       52        0         0         0         0         0         
1      413       597       47760     52        131       0         0         0         0         0         
3      837       1149      47760     290       291       0         0         0         0         0         
1      816       818       47760     290       290       0         0         0         0         0         
2      439       414       47761     189       100       0         0         0         0         0         
2      310       178       47762     127       178       0         0         0         0         0         
3      233       276       47762     206       87        0         0         0         0         0         
1      312       314       47762     87        119       0         0         0         0         0         
1      336       555       47762     277       199       0         0         0         0         0         
2      951       736       47762     290       131       0         0         0         0         0         
1      117       287       47762     286       299       0         0         0         0         0         
1      256       415       47763     87        100       0         0         0         0         0         
2      1056      1120      47763     84        84        0         0         0         0         0         
2      1446      1211      47763     129       129       0         0         0         0         0         
1      623       524       47763     280       52        0         0         0         0         0         
1      723       826       47763     290       291       0         0         0         0         0         
2      1168      699       47764     291       290       0         0         0         0         0         
1      419       1119      47764     168       84        0         0         0         0         0         
1      838       487       47764     290       199       0         0         0         0         0         
1      817       621       47765     290       280       0         0         0         0         0         
1      314       177       47765     119       207       0         0         0         0         0         
3      766       717       47766     290       189       0         0         0         0         0         
3      766       717       47766     290       189       0         0         0         0         0         
2      861       791       47766     290       290       0         0         0         0         0         
1      549       355       47766     52        119       0         0         0         0         0         
1      655       894       47767     189       291       0         0         0         0         0         
3      914       1003      47767     291       291       0         0         0         0         0         
2      621       897       47767     280       291       0         0         0         0         0         
2      937       923       47767     291       290       0         0         0         0         0         
1      770       894       47768     290       291       0         0         0         0         0         
1      509       352       47768     199       119       0         0         0         0         0         
1      860       991       47768     290       290       0         0         0         0         0         
1      389       714       47769     299       131       0         0         0         0         0         
1      738       99        47769     189       286       0         0         0         0         0         
4      458       192       47769     52        266       0         0         0         0         0         
1      34        105       47769     98        287       0         0         0         0         0         
1      443       557       47770     168       189       0         0         0         0         0         
1      503       556       47771     52        199       0         0         0         0         0         
2      679       373       47771     290       119       0         0         0         0         0         
1      646       1226      47771     280       192       0         0         0         0         0         
1      216       200       47771     178       87        0         0         0         0         0         
1      389       288       47772     299       127       0         0         0         0         0         
1      793       609       47772     290       189       0         0         0         0         0         
1      782       1001      47772     291       291       0         0         0         0         0         
2      676       851       47772     189       291       0         0         0         0         0         
1      724       609       47773     290       189       0         0         0         0         0         
2      735       433       47774     131       52        0         0         0         0         0         
2      827       557       47774     291       189       0         0         0         0         0         
1      310       408       47774     127       299       0         0         0         0         0         
3      735       433       47774     131       52        0         0         0         0         0         
2      418       510       47774     168       199       0         0         0         0         0         
1      549       347       47775     52        299       0         0         0         0         0         
1      626       230       47775     189       266       0         0         0         0         0         
1      782       984       47776     291       291       0         0         0         0         0         
1      781       672       47777     291       189       0         0         0         0         0         
2      464       465       47777     168       199       0         0         0         0         0         
2      984       1021      47777     291       291       0         0         0         0         0         
1      1068      1300      47778     291       192       0         0         0         0         0         
3      348       742       47778     299       290       0         0         0         0         0         
1      549       460       47779     52        189       0         0         0         0         0         
2      788       827       47779     290       291       0         0         0         0         0         
1      962       549       47779     291       52        0         0         0         0         0         
1      557       837       47779     189       290       0         0         0         0         0         
1      135       257       47779     286       87        0         0         0         0         0         
2      914       1090      47780     291       291       0         0         0         0         0         
1      31        600       47780     9         280       0         0         0         0         0         
2      416       347       47781     100       299       0         0         0         0         0         
1      745       924       47781     290       290       0         0         0         0         0         
2      328       314       47781     299       119       0         0         0         0         0         
4      815       923       47782     290       290       0         0         0         0         0         
1      735       594       47782     131       131       0         0         0         0         0         
1      743       946       47782     290       290       0         0         0         0         0         
1      860       234       47782     290       87        0         0         0         0         0         
2      653       442       47783     189       168       0         0         0         0         0         
2      870       673       47783     291       189       0         0         0         0         0         
1      735       811       47783     131       290       0         0         0         0         0         
1      917       992       47783     291       290       0         0         0         0         0         
3      647       600       47784     280       280       0         0         0         0         0         
1      603       507       47784     189       189       0         0         0         0         0         
1      535       375       47784     189       119       0         0         0         0         0         
1      623       254       47784     280       87        0         0         0         0         0         
1      603       551       47785     189       189       0         0         0         0         0         
1      663       551       47785     131       189       0         0         0         0         0         
1      836       804       47785     290       291       0         0         0         0         0         
3      838       747       47786     290       290       0         0         0         0         0         
3      328       529       47786     299       189       0         0         0         0         0         
3      328       529       47786     299       189       0         0         0         0         0         
1      1355      666       47786     129       131       0         0         0         0         0         
1      1227      981       47786     192       291       0         0         0         0         0         
1      981       870       47786     291       291       0         0         0         0         0         
2      838       747       47786     290       290       0         0         0         0         0         
1      781       668       47786     291       280       0         0         0         0         0         
3      557       442       47787     189       168       0         0         0         0         0         
1      882       606       47787     290       189       0         0         0         0         0         
1      596       527       47787     131       52        0         0         0         0         0         
3      626       176       47787     189       174       0         0         0         0         0         
2      713       395       47787     131       100       0         0         0         0         0         
3      713       395       47787     131       100       0         0         0         0         0         
3      269       482       47788     127       189       0         0         0         0         0         
2      874       644       47789     291       131       0         0         0         0         0         
1      811       643       47789     290       131       0         0         0         0         0         
2      395       338       47789     100       277       0         0         0         0         0         
3      432       353       47789     52        119       0         0         0         0         0         
3      432       353       47789     52        119       0         0         0         0         0         
3      549       454       47790     52        52        0         0         0         0         0         
3      549       454       47790     52        52        0         0         0         0         0         
1      557       441       47790     189       168       0         0         0         0         0         
2      622       852       47790     280       291       0         0         0         0         0         
1      695       461       47790     189       189       0         0         0         0         0         
1      1065      677       47791     291       189       0         0         0         0         0         
3      356       436       47791     119       100       0         0         0         0         0         
1      971       327       47791     290       299       0         0         0         0         0         
1      726       527       47791     290       52        0         0         0         0         0         
1      550       577       47791     189       189       0         0         0         0         0         
1      937       1209      47791     291       192       0         0         0         0         0         
3      699       723       47792     290       290       0         0         0         0         0         
2      61        79        47792     98        98        0         0         0         0         0         
1      717       701       47792     189       290       0         0         0         0         0         
3      415       176       47792     100       174       0         0         0         0         0         
3      415       176       47792     100       174       0         0         0         0         0         
2      347       727       47792     299       290       0         0         0         0         0         
3      600       506       47793     280       189       0         0         0         0         0         
1      771       673       47793     290       189       0         0         0         0         0         
2      600       506       47793     280       189       0         0         0         0         0         
1      700       511       47793     290       199       0         0         0         0         0         
2      814       841       47794     290       290       0         0         0         0         0         
1      905       745       47794     290       290       0         0         0         0         0         
2      949       1116      47795     290       84        0         0         0         0         0         
1      134       170       47795     9         286       0         0         0         0         0         
3      354       452       47795     119       52        0         0         0         0         0         
1      804       431       47795     291       52        0         0         0         0         0         
2      354       452       47795     119       52        0         0         0         0         0         
1      653       295       47795     189       87        0         0         0         0         0         
1      894       824       47795     291       291       0         0         0         0         0         
1      466       651       47795     199       189       0         0         0         0         0         
1      327       413       47796     299       52        0         0         0         0         0         
2      61        719       47796     98        189       0         0         0         0         0         
1      509       628       47796     199       189       0         0         0         0         0         
1      509       336       47796     199       277       0         0         0         0         0         
2      529       557       47796     189       189       0         0         0         0         0         
1      620       386       47796     131       299       0         0         0         0         0         
1      1001      1318      47796     291       192       0         0         0         0         0         
1      579       432       47796     189       52        0         0         0         0         0         
1      479       1024      47796     52        291       0         0         0         0         0         
3      609       743       47797     189       290       0         0         0         0         0         
1      178       200       47797     178       87        0         0         0         0         0         
1      1087      174       47798     291       266       0         0         0         0         0         
1      418       908       47798     168       290       0         0         0         0         0         
1      198       255       47799     178       87        0         0         0         0         0         
1      1066      1043      47799     291       291       0         0         0         0         0         
1      779       643       47799     131       131       0         0         0         0         0         
1      463       622       47800     168       280       0         0         0         0         0         
2      390       292       47800     52        87        0         0         0         0         0         
1      624       272       47800     189       127       0         0         0         0         0         
1      192       286       47801     266       299       0         0         0         0         0         
1      654       441       47801     189       168       0         0         0         0         0         
1      366       433       47802     299       52        0         0         0         0         0         
1      197       21        47802     178       98        0         0         0         0         0         
1      483       232       47803     189       266       0         0         0         0         0         
1      1212      1218      47803     129       84        0         0         0         0         0         
2      368       221       47803     299       87        0         0         0         0         0         
1      479       409       47803     52        52        0         0         0         0         0         
4      308       195       47804     127       207       0         0         0         0         0         
1      390       62        47804     52        98        0         0         0         0         0         
1      596       293       47804     131       87        0         0         0         0         0         
1      770       1101      47804     290       84        0         0         0         0         0         
2      116       218       47804     9         87        0         0         0         0         0         
3      116       218       47804     9         87        0         0         0         0         0         
1      374       511       47805     119       199       0         0         0         0         0         
2      693       457       47805     280       52        0         0         0         0         0         
2      549       881       47805     52        290       0         0         0         0         0         
1      790       479       47805     290       52        0         0         0         0         0         
1      972       773       47805     290       290       0         0         0         0         0         
1      248       408       47805     266       299       0         0         0         0         0         
1      620       621       47806     131       280       0         0         0         0         0         
3      549       715       47806     52        131       0         0         0         0         0         
1      795       409       47807     290       52        0         0         0         0         0         
1      78        285       47807     9         299       0         0         0         0         0         
1      733       1335      47807     131       192       0         0         0         0         0         
2      961       619       47808     291       131       0         0         0         0         0         
1      141       177       47808     54        207       0         0         0         0         0         
1      817       827       47808     290       291       0         0         0         0         0         
2      248       136       47809     266       286       0         0         0         0         0         
2      554       331       47809     189       127       0         0         0         0         0         
1      621       709       47809     280       131       0         0         0         0         0         
1      971       1016      47809     290       84        0         0         0         0         0         
3      413       545       47810     52        52        0         0         0         0         0         
3      413       545       47810     52        52        0         0         0         0         0         
3      599       578       47810     280       189       0         0         0         0         0         
1      722       416       47810     290       100       0         0         0         0         0         
1      310       622       47810     127       280       0         0         0         0         0         
4      253       598       47810     206       189       0         0         0         0         0         
1      394       433       47810     100       52        0         0         0         0         0         
1      45        473       47810     98        52        0         0         0         0         0         
1      870       697       47810     291       189       0         0         0         0         0         
1      721       946       47810     290       290       0         0         0         0         0         
1      287       1003      47810     299       291       0         0         0         0         0         
2      499       312       47810     52        87        0         0         0         0         0         
1      579       736       47811     189       131       0         0         0         0         0         
1      1025      20        47811     291       98        0         0         0         0         0         
1      673       529       47811     189       189       0         0         0         0         0         
1      62        346       47812     98        299       0         0         0         0         0         
1      535       412       47812     189       52        0         0         0         0         0         
1      277       526       47812     87        52        0         0         0         0         0         
2      574       937       47812     189       291       0         0         0         0         0         
2      700       768       47812     290       290       0         0         0         0         0         
2      486       180       47812     199       178       0         0         0         0         0         
1      583       439       47812     189       189       0         0         0         0         0         
2      603       527       47812     189       52        0         0         0         0         0         
3      603       527       47812     189       52        0         0         0         0         0         
3      409       352       47813     52        119       0         0         0         0         0         
3      409       352       47813     52        119       0         0         0         0         0         
1      642       804       47813     131       291       0         0         0         0         0         
1      432       253       47813     52        206       0         0         0         0         0         
1      960       1024      47814     291       291       0         0         0         0         0         
1      309       444       47814     127       168       0         0         0         0         0         
2      749       1207      47814     290       192       0         0         0         0         0         
1      191       392       47814     266       52        0         0         0         0         0         
2      233       387       47814     206       299       0         0         0         0         0         
3      34        604       47814     98        189       0         0         0         0         0         
1      699       718       47814     290       189       0         0         0         0         0         
1      738       835       47814     189       290       0         0         0         0         0         
3      34        604       47814     98        189       0         0         0         0         0         
1      746       609       47814     290       189       0         0         0         0         0         
1      620       531       47815     131       189       0         0         0         0         0         
1      631       726       47815     189       290       0         0         0         0         0         
1      924       1032      47815     290       84        0         0         0         0         0         
1      1207      1089      47815     192       291       0         0         0         0         0         
1      293       387       47815     87        299       0         0         0         0         0         
1      905       840       47815     290       290       0         0         0         0         0         
1      743       792       47816     290       290       0         0         0         0         0         
1      873       1068      47816     291       291       0         0         0         0         0         
3      672       627       47816     189       189       0         0         0         0         0         
1      795       882       47816     290       290       0         0         0         0         0         
1      438       417       47816     100       100       0         0         0         0         0         
1      686       849       47817     131       291       0         0         0         0         0         
2      66        1068      47817     98        291       0         0         0         0         0         
1      336       463       47817     277       168       0         0         0         0         0         
3      434       158       47817     52        174       0         0         0         0         0         
1      526       419       47817     52        168       0         0         0         0         0         
1      312       337       47818     87        277       0         0         0         0         0         
1      580       531       47818     189       189       0         0         0         0         0         
2      454       390       47818     52        52        0         0         0         0         0         
2      738       720       47818     189       290       0         0         0         0         0         
1      651       476       47818     189       52        0         0         0         0         0         
1      748       959       47819     290       291       0         0         0         0         0         
1      789       352       47819     290       119       0         0         0         0         0         
4      722       718       47819     290       189       0         0         0         0         0         
1      961       690       47819     291       131       0         0         0         0         0         
2      616       508       47819     131       199       0         0         0         0         0         
1      631       376       47819     189       168       0         0         0         0         0         
