COLUMNS

passenger_count
pickup_ID
dropoff_ID
request_time_sec
pickup_time_sec
pickup_depart_sec
vehicle_ID
pickup_district
dropoff_district
position

REQUESTS_INFO
1      560       604       30273     30367     30397     12             189            189            1              
3      582       599       30262     30313     30343     12             189            280            2              
1      579       873       30183     30244     30274     17             189            291            1              
1      480       991       30076     30186     30216     19             52             290            1              
1      584       652       30307     30413     30443     34             189            189            1              
1      557       399       30316     30371     30401     59             189            168            1              
1      1011      859       30293     30378     30408     62             84             290            1              
1      481       663       30112     30183     30213     77             189            131            1              
1      620       694       30255     30385     30415     97             131            189            1              
1      153       393       30321     30360     30390     153            286            52             1              
1      325       571       30228     30331     30361     158            299            52             1              
1      325       626       30280     30361     30391     158            299            189            2              
1      527       857       29942     30044     30074     172            52             290            1              
1      621       858       30145     30200     30230     176            280            290            1              
1      201       216       30290     30363     30393     183            87             178            1              
1      580       285       30175     30241     30271     186            189            299            1              
3      170       693       30326     30400     30430     189            286            280            1              
1      652       771       30313     30360     30390     192            189            290            1              
2      213       597       30110     30182     30212     194            266            131            1              
1      526       125       30178     30284     30314     210            52             54             1              
2      551       438       30253     30372     30402     213            189            100            1              
2      793       581       30221     30288     30318     217            290            189            1              
1      793       467       30098     30198     30228     217            290            999            2              
1      669       61        30190     30261     30291     218            280            98             1              
1      365       859       30254     30320     30350     221            299            290            1              
1      512       97        30324     30415     30445     227            199            9              1              
1      865       949       30271     30375     30405     230            290            290            1              
1      888       748       30213     30327     30357     230            290            290            2              
1      249       392       30288     30396     30426     231            266            52             1              
1      235       651       30143     30180     30210     235            87             189            1              
1      724       488       30254     30338     30368     239            290            199            1              
3      376       727       30238     30364     30394     246            168            290            1              
1      285       651       30282     30378     30408     248            299            189            1              
2      267       651       30219     30322     30352     248            266            189            2              
2      274       374       30278     30365     30395     255            87             119            1              
1      257       726       30321     30360     30390     257            87             290            1              
1      258       332       30311     30360     30390     258            87             87             1              
1      535       395       30226     30271     30301     261            189            100            1              
1      632       557       30189     30273     30303     266            189            189            1              
1      285       133       30193     30257     30287     267            299            9              1              
1      365       555       29856     29966     29996     271            299            199            1              
1      621       693       30320     30397     30427     271            280            280            2              
1      377       560       30198     30271     30301     273            168            189            1              
1      560       676       30310     30412     30442     283            189            189            1              
1      325       693       29896     29988     30018     285            299            280            1              
1      234       35        30304     30381     30411     287            87             98             1              
1      665       547       30119     30200     30230     293            131            52             1              
3      643       488       30303     30420     30450     293            131            199            2              
1      296       557       30133     30219     30249     295            277            189            1              
1      313       508       30183     30304     30334     295            87             199            2              
1      1044      116       30148     30212     30242     296            291            9              1              
3      817       699       30309     30405     30435     301            290            290            1              
1      553       393       30100     30152     30182     302            189            52             1              
1      441       505       30282     30391     30421     305            168            52             1              
1      348       813       30232     30336     30366     306            299            290            1              
2      817       699       30309     30405     30435     308            290            290            1              
1      333       677       30141     30265     30295     313            119            189            1              
1      702       627       30269     30302     30332     320            290            189            1              
1      702       81        30186     30272     30302     320            290            98             2              
1      330       529       30106     30165     30195     330            127            189            1              
1      372       697       30286     30407     30437     332            119            189            1              
1      371       778       30300     30434     30464     333            52             131            1              
1      527       605       30301     30419     30449     334            52             189            1              
1      827       578       30186     30265     30295     336            291            189            1              
1      850       604       30110     30211     30241     336            291            189            2              
1      337       652       30295     30330     30360     337            277            189            1              
1      316       481       30279     30417     30447     337            277            189            2              
1      527       437       30230     30353     30383     342            52             100            1              
3      527       621       30264     30383     30413     342            52             280            2              
2      913       554       30112     30196     30226     348            291            189            1              
1      369       458       30324     30400     30430     349            52             52             1              
1      369       695       30296     30370     30400     349            52             189            2              
1      418       697       30298     30397     30427     350            168            189            1              
2      312       771       30037     30122     30152     352            87             290            1              
1      338       481       30102     30223     30253     354            277            189            1              
1      335       232       30287     30410     30440     355            119            266            1              
1      629       884       30150     30246     30276     361            189            290            1              
1      346       414       30270     30384     30414     364            299            100            1              
1      365       727       30233     30311     30341     364            299            290            2              
1      311       504       30301     30416     30446     366            87             52             1              
1      368       511       30085     30120     30150     368            299            199            1              
1      369       603       30131     30221     30251     368            52             189            2              
1      354       10        30143     30289     30319     372            119            98             1              
1      414       389       30274     30400     30430     373            100            299            1              
3      376       727       30238     30364     30394     374            168            290            1              
1      458       527       30299     30397     30427     376            52             52             1              
1      438       601       30236     30312     30342     376            100            189            2              
2      336       443       30147     30289     30319     377            277            168            1              
1      336       600       30249     30319     30349     377            277            280            2              
1      461       575       30218     30338     30368     381            189            189            1              
1      461       601       30303     30368     30398     381            189            189            2              
3      486       677       30253     30300     30330     383            199            189            1              
1      349       530       30153     30248     30278     393            127            189            1              
1      353       674       30173     30277     30307     395            119            189            1              
1      398       908       30289     30398     30428     399            168            290            1              
1      399       108       29864     30029     30059     402            168            178            1              
3      486       677       30253     30366     30396     403            199            189            1              
2      433       573       30283     30370     30400     413            52             189            1              
2      456       529       30206     30316     30346     413            52             189            2              
3      621       718       30134     30201     30231     414            280            189            1              
1      484       421       30244     30383     30413     419            189            168            1              
2      419       676       30144     30213     30243     420            168            189            1              
3      465       533       30285     30391     30421     425            199            199            1              
1      440       19        30179     30273     30303     430            168            98             1              
3      481       671       30086     30154     30184     433            189            280            1              
1      621       438       30305     30367     30397     434            280            100            1              
2      621       133       30268     30337     30367     434            280            9              2              
1      725       605       30160     30240     30270     443            290            189            1              
1      768       484       30088     30187     30217     444            290            189            1              
1      768       508       30204     30247     30277     444            290            199            2              
2      466       651       30252     30314     30344     446            199            189            1              
2      488       719       30286     30408     30438     446            199            189            2              
2      502       720       30239     30354     30384     452            52             290            1              
2      480       645       30214     30313     30343     459            52             280            1              
1      354       558       30246     30342     30372     471            119            189            1              
1      374       509       30319     30443     30473     471            119            199            2              
1      499       556       30278     30378     30408     476            52             199            2              
1      793       1372      30297     30372     30402     479            290            129            1              
2      505       579       30091     30198     30228     481            52             189            1              
3      465       198       30175     30223     30253     489            199            178            1              
1      375       598       30301     30425     30455     494            119            189            1              
3      465       198       30175     30238     30268     495            199            178            1              
2      412       460       30248     30393     30423     497            52             189            1              
1      499       554       30102     30216     30246     498            52             189            1              
1      772       651       30277     30361     30391     507            290            189            2              
1      747       507       30175     30210     30240     524            290            189            1              
1      523       849       29973     30123     30153     525            52             291            1              
1      557       116       30071     30135     30165     533            189            9              1              
1      598       811       30040     30147     30177     538            189            290            1              
1      554       415       30249     30398     30428     541            189            100            1              
3      442       335       30097     30210     30240     542            168            119            1              
2      523       352       30317     30429     30459     545            52             119            1              
1      527       816       30095     30216     30246     548            52             290            1              
2      552       480       30151     30252     30282     552            189            52             1              
2      717       10        29751     29846     29876     557            189            98             1              
1      276       396       30328     30379     30409     559            87             119            1              
1      511       652       30281     30347     30377     562            199            189            1              
1      512       48        30308     30390     30420     562            199            98             2              
1      442       11        30178     30236     30266     566            168            999            1              
1      115       189       30304     30383     30413     569            9              286            1              
1      527       554       30269     30361     30391     573            52             189            1              
3      550       1255      30121     30277     30307     573            189            84             2              
3      886       980       30286     30380     30410     581            290            291            1              
1      749       556       30202     30273     30303     585            290            199            1              
1      580       727       30229     30300     30330     587            189            290            1              
3      990       883       30210     30307     30337     589            290            290            1              
1      947       841       30294     30376     30406     589            290            290            2              
2      548       663       30204     30314     30344     592            52             131            1              
1      527       736       30276     30410     30440     592            52             131            2              
1      620       460       30275     30410     30440     599            131            189            1              
1      621       410       30237     30287     30317     600            280            52             1              
1      401       508       30243     30388     30418     602            999            199            1              
2      981       734       30315     30386     30416     608            291            131            1              
1      555       581       30292     30330     30360     609            199            189            1              
3      578       460       30304     30398     30428     609            189            189            2              
1      861       35        30127     30180     30210     610            290            98             1              
1      482       545       30143     30212     30242     619            189            52             1              
1      348       414       30324     30449     30479     622            299            100            1              
1      624       835       30220     30300     30330     624            189            290            1              
4      627       698       30288     30362     30392     625            189            189            1              
1      772       460       30043     30090     30120     634            290            189            1              
3      549       19        29904     29969     29999     636            52             98             1              
1      663       484       30294     30375     30405     638            131            189            1              
1      662       369       30261     30334     30364     638            131            52             2              
1      780       620       30279     30374     30404     639            291            131            1              
2      643       488       30303     30423     30453     647            131            199            1              
1      793       696       30106     30197     30227     648            290            189            1              
1      649       527       30283     30370     30400     650            189            52             1              
1      670       755       30232     30298     30328     661            280            131            1              
1      873       550       30269     30352     30382     670            291            189            1              
1      602       642       30270     30367     30397     671            189            131            1              
1      654       532       30233     30307     30337     675            189            199            1              
1      528       674       30277     30358     30388     683            52             189            1              
1      732       232       30120     30206     30236     685            131            266            1              
3      841       827       30177     30310     30340     689            290            291            1              
1      735       1529      29980     30081     30111     692            131            296            1              
1      717       217       30291     30362     30392     696            189            87             1              
1      722       413       30146     30216     30246     698            290            52             1              
2      488       873       30174     30293     30323     699            199            291            1              
1      703       698       30136     30206     30236     703            290            189            1              
2      972       399       30301     30391     30421     704            290            168            1              
3      619       97        30178     30221     30251     712            131            9              1              
1      509       601       30326     30360     30390     713            199            189            1              
1      699       31        29702     29792     29822     723            290            9              1              
2      727       837       30103     30150     30180     727            290            290            1              
1      583       697       30180     30288     30318     728            189            189            1              
1      768       527       30026     30123     30153     733            290            52             1              
1      770       699       30237     30302     30332     734            290            290            1              
1      771       738       30157     30240     30270     734            290            189            2              
1      800       670       30322     30463     30493     735            131            280            1              
1      736       675       30319     30360     30390     736            131            189            1              
1      746       486       30326     30405     30435     744            290            199            1              
1      724       292       30243     30334     30364     744            290            87             2              
2      862       582       30078     30201     30231     746            290            189            1              
1      885       748       30188     30299     30329     747            290            290            1              
3      906       727       30265     30369     30399     747            290            290            2              
2      842       439       30002     30129     30159     751            290            189            1              
1      841       373       30176     30210     30240     751            290            119            2              
4      904       669       30322     30389     30419     758            290            280            1              
1      824       1172      30281     30378     30408     760            291            129            3              
1      527       438       30306     30425     30455     762            52             100            1              
1      526       464       30253     30351     30381     762            52             168            2              
3      624       482       30247     30313     30343     764            189            189            1              
1      643       498       30295     30406     30436     764            131            52             2              
1      743       553       30222     30284     30314     766            290            189            1              
2      748       10        30133     30246     30276     771            290            98             1              
1      328       627       30306     30446     30476     779            299            189            1              
3      850       692       30281     30402     30432     781            291            280            1              
1      508       421       30162     30241     30271     782            199            168            1              
1      804       968       30169     30239     30269     783            291            290            1              
1      849       670       30049     30147     30177     785            291            280            1              
1      443       579       30290     30392     30422     796            168            189            1              
1      897       693       30283     30375     30405     807            291            280            1              
2      852       510       30265     30300     30330     807            291            199            2              
3      896       674       30246     30370     30400     808            291            189            1              
1      876       527       30207     30276     30306     808            50             52             2              
1      1129      1010      30310     30391     30421     812            291            290            1              
3      841       651       30137     30214     30244     815            290            189            1              
3      864       82        30193     30302     30332     817            290            98             1              
1      394       694       30287     30370     30400     819            100            189            1              
2      873       993       30235     30316     30346     826            291            84             1              
1      816       694       29985     30069     30099     831            290            189            1              
1      668       710       30191     30293     30323     836            280            131            1              
1      838       723       30113     30215     30245     837            290            290            1              
1      888       719       30294     30373     30403     837            290            189            2              
1      839       461       30166     30271     30301     838            290            189            1              
1      530       19        30329     30393     30423     839            189            98             1              
3      465       533       30285     30382     30412     841            199            199            1              
1      871       1068      30152     30249     30279     845            291            291            1              
1      836       652       30282     30372     30402     856            290            189            3              
3      841       651       30137     30226     30256     866            290            189            1              
1      392       526       30310     30423     30453     867            52             52             1              
3      892       675       30208     30314     30344     871            291            189            1              
1      838       631       30205     30298     30328     878            290            189            1              
2      791       1187      30295     30368     30398     880            290            291            1              
1      1001      892       30315     30382     30412     883            291            291            1              
2      814       527       30287     30385     30415     885            290            52             1              
2      864       82        30193     30304     30334     886            290            98             1              
1      888       11        29692     29772     29802     890            290            999            1              
2      870       35        30169     30256     30286     891            291            98             1              
1      758       233       30177     30249     30279     893            131            206            1              
1      884       602       30005     30072     30102     900            290            189            1              
1      926       415       30003     30139     30169     900            290            100            2              
1      882       905       30229     30315     30345     904            290            290            1              
1      883       651       30297     30368     30398     904            290            189            2              
2      883       628       30165     30262     30292     904            290            189            3              
1      768       884       30053     30155     30185     905            290            290            1              
2      816       693       30226     30329     30359     906            290            280            1              
1      511       574       30134     30245     30275     909            199            189            1              
1      870       895       30301     30407     30437     912            291            291            3              
1      874       650       30063     30166     30196     913            291            189            1              
3      881       625       30046     30158     30188     914            290            189            1              
1      940       881       30323     30364     30394     915            291            290            1              
1      916       437       30153     30214     30244     916            291            100            1              
3      915       662       30275     30365     30395     923            291            131            3              
2      874       622       30091     30189     30219     924            291            280            1              
1      621       718       30317     30422     30452     928            280            189            1              
1      909       1022      30301     30393     30423     929            290            291            1              
2      928       836       30120     30227     30257     930            290            290            1              
1      968       1200      30304     30452     30482     931            290            84             1              
3      620       455       30181     30289     30319     933            131            52             1              
3      870       35        30169     30267     30297     934            291            98             1              
3      896       674       30246     30414     30444     935            291            189            1              
2      915       1026      30291     30381     30411     939            291            291            1              
3      905       841       30217     30311     30341     944            290            290            1              
1      923       872       30297     30382     30412     944            290            291            2              
1      950       719       30001     30119     30149     946            290            189            1              
1      968       79        29968     30064     30094     947            290            98             1              
3      906       727       30265     30370     30400     949            290            290            1              
1      907       633       30190     30303     30333     949            290            189            2              
1      549       716       30250     30307     30337     953            52             189            1              
1      527       583       30275     30396     30426     953            52             189            2              
1      748       699       30261     30349     30379     958            290            290            1              
3      771       947       30303     30389     30419     958            290            290            2              
1      980       10        29985     30046     30076     959            291            98             1              
1      961       508       30253     30300     30330     961            291            199            1              
1      549       624       30318     30396     30426     962            52             189            1              
3      925       134       30238     30324     30354     966            290            9              1              
2      578       460       30304     30410     30440     970            189            189            1              
2      508       332       30285     30386     30416     971            199            87             1              
3      971       1218      30308     30426     30456     973            290            84             1              
1      929       509       29932     30016     30046     974            290            199            1              
2      958       1503      30205     30272     30302     977            291            296            1              
1      904       620       30139     30221     30251     983            290            131            1              
2      925       134       30238     30322     30352     983            290            9              2              
1      984       805       30279     30392     30422     984            291            291            1              
1      970       628       30311     30410     30440     990            290            189            1              
1      970       20        30323     30440     30470     990            290            98             2              
3      621       133       30268     30353     30383     991            280            9              1              
1      951       10        30164     30266     30296     993            290            98             1              
3      1036      10        30321     30396     30426     997            84             98             1              
1      948       1200      29988     30122     30152     1000           290            84             1              
1      925       1074      30103     30197     30227     1003           290            84             1              
1      1032      947       30309     30365     30395     1003           84             290            2              
1      737       804       30304     30393     30423     1007           189            291            1              
1      718       37        30292     30330     30360     1007           189            98             2              
1      725       960       30307     30373     30403     1012           290            291            1              
3      971       1218      30308     30416     30446     1013           290            84             1              
3      862       314       30157     30298     30328     1016           290            119            1              
3      905       841       30217     30308     30338     1021           290            290            1              
1      837       629       30297     30388     30418     1021           290            189            2              
1      572       11        30039     30153     30183     1022           131            999            1              
1      923       781       30220     30283     30313     1024           290            291            1              
1      769       582       30279     30381     30411     1025           290            189            1              
3      969       698       30236     30310     30340     1033           290            189            1              
2      1036      10        30321     30383     30413     1035           84             98             1              
1      527       760       30256     30340     30370     1038           52             291            1              
3      527       701       30257     30370     30400     1038           52             290            2              
3      913       883       30315     30434     30464     1042           291            290            1              
2      718       34        30137     30199     30229     1044           189            98             1              
1      1025      549       30318     30417     30447     1048           291            52             1              
1      415       628       30298     30363     30393     1051           100            189            1              
1      1043      861       30300     30383     30413     1064           291            290            1              
2      817       417       30070     30121     30151     1067           290            100            1              
1      1106      1001      30320     30397     30427     1085           291            291            1              
2      1087      668       30280     30355     30385     1085           291            280            2              
1      1065      740       30100     30165     30195     1086           291            50             1              
2      1066      782       30205     30282     30312     1086           291            291            2              
1      621       626       30198     30286     30316     1097           280            189            1              
3      1066      782       30205     30282     30312     1108           291            291            1              
1      991       721       30050     30109     30139     1112           290            290            1              
3      837       700       30324     30405     30435     1112           290            290            2              
1      803       716       30318     30425     30455     1124           291            189            1              
1      824       718       30248     30344     30374     1124           291            189            2              
1      756       11        30206     30273     30303     1124           131            999            3              
1      1069      649       29982     30093     30123     1125           291            189            1              
3      1045      811       30155     30243     30273     1128           291            290            1              
2      947       672       30049     30120     30150     1131           290            189            1              
1      1131      983       30309     30411     30441     1133           291            291            1              
2      850       696       30085     30154     30184     1168           291            189            1              
1      926       993       30304     30392     30422     1181           290            84             1              
2      837       904       30327     30389     30419     1188           290            290            1              
1      838       1128      30245     30335     30365     1188           290            291            2              
2      463       666       30186     30262     30292     1213           168            131            1              
1      980       741       30318     30369     30399     1224           291            50             1              
1      980       673       30250     30339     30369     1224           291            189            2              
1      1370      552       30300     30360     30390     1370           129            189            1              
1      884       889       30268     30336     30366     1618           290            290            1              
1      925       1003      30308     30399     30429     1618           290            291            2              
2      969       698       30236     30295     30325     1779           290            189            1              
1      621       724       30301     30396     30426     1833           280            290            1              
1      621       812       30313     30426     30456     1833           280            290            2              
1      679       671       30312     30389     30419     1857           290            280            1              
1      161       584       30008     30060     30090     1879           178            189            1              
3      170       693       30326     30360     30390     1888           286            280            1              
1      354       604       29989     30047     30077     1895           119            189            1              
1      694       549       30092     30195     30225     1909           189            52             1              
1      693       9         30187     30275     30305     1909           280            98             2              
2      862       314       30157     30305     30335     1912           290            119            1              
1      415       375       30200     30286     30316     1947           100            119            1              
1      230       511       30007     30128     30158     1949           266            199            1              
2      232       443       30314     30360     30390     1950           266            168            1              
1      230       522       30118     30206     30236     1965           266            52             1              
1      509       1032      30019     30090     30120     1996           199            84             1              
1      579       718       30306     30386     30416     1998           189            189            1              
