COLUMNS

passenger_count
pickup_ID
dropoff_ID
request_time_sec
pickup_district
dropoff_district

REQUESTS_INFO
1      441       670       44640     168       189       
2      388       668       44640     52        131       
1      455       599       44640     52        280       
1      532       290       44640     189       127       
1      393       291       44640     100       127       
1      46        248       44640     98        299       
2      484       647       44641     189       280       
1      44        189       44641     98        286       
1      858       889       44641     290       290       
1      984       924       44641     291       290       
1      527       247       44641     189       299       
1      926       462       44642     290       189       
2      796       465       44642     290       199       
1      583       489       44643     189       189       
2      873       568       44643     291       131       
3      436       463       44643     189       199       
3      436       463       44643     189       199       
1      312       419       44643     119       168       
1      1090      817       44643     291       290       
1      871       766       44643     291       290       
2      1188      916       44643     192       291       
3      1188      916       44643     192       291       
1      814       1182      44643     290       84        
1      83        602       44644     57        189       
2      173       437       44644     266       189       
1      413       504       44644     52        52        
1      524       352       44644     52        119       
1      369       176       44644     52        266       
3      488       770       44644     199       290       
1      904       1068      44644     290       291       
1      249       649       44645     127       189       
1      555       699       44645     189       290       
1      598       727       44645     280       290       
2      648       771       44645     280       290       
3      648       771       44645     280       290       
1      791       969       44645     290       290       
1      897       767       44645     291       290       
1      308       198       44645     127       87        
2      792       607       44646     290       189       
3      744       484       44646     290       189       
1      369       476       44646     52        52        
3      675       311       44646     290       119       
1      454       397       44646     52        168       
1      61        499       44647     9         52        
2      811       904       44647     290       290       
1      35        918       44647     98        291       
1      627       116       44647     189       9         
2      507       626       44648     189       189       
3      507       626       44648     189       189       
1      328       529       44648     299       189       
1      559       915       44648     189       291       
1      678       850       44648     290       291       
1      327       246       44648     299       299       
1      907       731       44649     290       131       
1      297       505       44649     277       52        
1      287       452       44649     299       52        
1      670       118       44649     189       286       
1      606       841       44649     189       290       
1      649       847       44649     189       291       
1      699       778       44649     290       291       
1      534       199       44649     199       87        
1      628       483       44650     189       189       
3      654       527       44650     290       189       
1      698       645       44650     290       280       
1      433       522       44650     52        52        
1      960       1107      44650     291       291       
1      596       31        44650     131       98        
2      161       22        44650     178       98        
3      887       1057      44650     290       84        
1      642       552       44651     131       189       
1      851       498       44651     291       52        
1      413       356       44651     52        168       
1      961       851       44651     291       291       
1      139       32        44651     266       98        
1      522       642       44652     52        131       
3      213       454       44652     266       52        
1      328       272       44652     299       127       
2      792       699       44652     290       290       
2      805       949       44652     291       290       
2      232       216       44652     127       87        
3      198       183       44652     87        87        
1      973       1200      44652     84        84        
3      398       436       44653     168       189       
3      398       436       44653     168       189       
1      672       617       44653     189       131       
1      503       788       44653     52        290       
1      771       679       44654     290       290       
1      1004      526       44655     291       52        
1      304       498       44655     299       52        
1      534       352       44655     199       119       
1      330       804       44655     52        291       
3      676       760       44655     290       291       
4      231       649       44656     127       189       
1      554       642       44656     189       131       
1      735       523       44656     131       52        
1      195       504       44656     207       52        
3      371       213       44656     100       266       
3      371       213       44656     100       266       
2      210       650       44657     266       189       
2      99        481       44657     286       52        
1      31        170       44657     98        286       
3      695       866       44657     189       290       
1      745       970       44657     290       290       
1      983       1068      44657     291       291       
1      392       276       44657     100       87        
1      462       31        44657     189       98        
1      580       527       44658     189       189       
2      211       671       44658     266       189       
3      211       671       44658     266       189       
1      859       646       44658     290       280       
1      312       123       44658     119       54        
1      336       182       44658     119       87        
1      436       652       44659     189       189       
1      837       669       44659     290       280       
1      824       1109      44659     291       291       
3      623       545       44660     280       52        
3      623       545       44660     280       52        
1      327       156       44660     299       266       
1      673       766       44660     189       290       
1      1301      1129      44660     192       291       
2      461       386       44660     189       299       
1      927       254       44660     290       87        
1      652       178       44660     189       178       
1      715       646       44661     131       280       
3      559       442       44661     189       199       
3      559       442       44661     189       199       
2      533       295       44661     199       119       
3      533       295       44661     199       119       
1      158       252       44661     266       127       
3      499       568       44662     52        131       
1      123       615       44662     54        131       
2      649       232       44662     189       127       
1      629       195       44662     189       207       
1      723       950       44662     290       290       
1      116       760       44662     9         291       
1      668       31        44662     131       98        
1      717       534       44663     189       199       
2      1253      504       44663     129       52        
1      504       336       44663     52        119       
3      497       155       44663     52        286       
2      906       1048      44663     290       291       
3      906       1048      44663     290       291       
2      735       386       44663     131       299       
3      735       386       44663     131       299       
3      412       520       44664     52        52        
2      698       394       44664     290       100       
1      511       727       44664     189       290       
1      990       782       44664     290       291       
3      483       609       44665     189       189       
3      483       609       44665     189       189       
2      1108      804       44665     291       291       
1      485       600       44666     199       280       
1      163       464       44666     178       199       
1      865       812       44666     290       290       
1      653       1021      44666     189       291       
2      793       918       44666     290       291       
2      679       1011      44666     290       84        
1      1002      1263      44666     291       192       
1      621       594       44667     280       131       
1      1187      545       44667     192       52        
1      218       272       44667     87        127       
2      1187      1131      44667     192       291       
3      1187      1131      44667     192       291       
2      559       527       44668     189       189       
2      850       690       44668     291       131       
3      850       690       44668     291       131       
1      860       818       44668     290       290       
3      782       766       44668     291       290       
2      603       116       44668     189       9         
1      643       435       44669     131       52        
1      134       290       44669     286       127       
4      577       875       44669     189       291       
1      600       917       44669     280       291       
3      1087      1005      44669     291       291       
1      937       940       44669     291       291       
1      413       274       44669     52        87        
1      1268      1211      44669     129       129       
