COLUMNS

passenger_count
pickup_ID
dropoff_ID
request_time_sec
pickup_district
dropoff_district

REQUESTS_INFO
1      386       577       30120     299       189       
1      1011      789       30120     84        290       
1      304       675       30120     299       189       
3      767       580       30121     290       189       
2      767       580       30121     290       189       
1      736       618       30121     131       131       
1      155       437       30121     286       100       
1      331       392       30122     127       52        
1      232       458       30122     266       52        
1      630       632       30122     189       189       
1      398       511       30122     168       199       
1      442       593       30122     168       52        
1      1168      1225      30122     291       192       
2      431       553       30122     52        189       
1      476       534       30123     52        199       
1      173       534       30123     286       199       
1      875       189       30123     291       286       
1      556       727       30123     199       290       
1      78        535       30123     9         189       
1      759       926       30123     131       290       
1      717       639       30124     189       131       
1      655       728       30124     189       290       
1      805       1088      30124     291       291       
1      527       555       30124     52        199       
1      523       410       30124     52        52        
1      923       969       30124     290       290       
1      1065      1030      30125     291       50        
3      696       692       30125     189       280       
1      922       673       30125     50        189       
1      724       651       30125     290       189       
1      959       850       30126     291       291       
2      925       528       30126     290       52        
2      509       721       30126     199       290       
3      723       904       30127     290       290       
3      46        274       30127     98        87        
3      46        274       30127     98        87        
1      526       647       30128     52        280       
1      641       639       30128     131       131       
1      597       557       30128     131       189       
1      366       688       30128     299       131       
1      476       506       30129     52        189       
1      309       652       30129     127       189       
1      395       628       30129     100       189       
1      665       760       30129     131       291       
1      673       627       30130     189       189       
1      598       533       30130     189       199       
1      354       627       30130     119       189       
1      287       669       30130     299       280       
1      488       415       30130     199       100       
1      466       668       30130     199       280       
2      401       513       30130     999       199       
1      479       415       30130     52        100       
1      1371      1282      30131     129       192       
1      850       581       30131     291       189       
1      233       528       30131     206       52        
1      1068      1208      30131     291       192       
1      817       813       30131     290       290       
1      606       694       30131     189       189       
1      486       676       30132     199       189       
1      665       779       30132     131       131       
1      836       646       30132     290       280       
2      980       575       30132     291       189       
1      460       747       30132     189       290       
2      984       881       30132     291       290       
3      984       881       30132     291       290       
2      724       719       30133     290       189       
1      553       35        30133     189       98        
1      1016      1055      30133     84        84        
1      753       695       30133     131       189       
1      509       420       30133     199       168       
3      724       719       30133     290       189       
1      604       672       30134     189       189       
1      21        616       30134     98        131       
1      1026      328       30134     291       299       
1      1044      771       30135     291       290       
2      598       395       30135     189       100       
1      951       629       30135     290       189       
3      641       616       30135     131       131       
1      990       1207      30136     290       192       
1      812       629       30136     290       189       
2      863       947       30136     290       290       
1      959       662       30136     291       131       
3      692       876       30136     280       50        
2      368       229       30136     299       266       
2      813       605       30136     290       189       
1      794       134       30136     290       9         
2      527       556       30136     52        199       
3      527       556       30136     52        199       
3      350       35        30136     127       98        
3      350       35        30136     127       98        
1      498       135       30137     52        286       
1      507       371       30137     189       52        
2      527       593       30137     52        52        
1      693       578       30137     280       189       
1      969       627       30137     290       189       
3      849       498       30137     291       52        
2      849       498       30137     291       52        
2      646       640       30138     280       131       
1      436       1043      30138     100       291       
1      175       408       30138     266       299       
1      756       652       30138     131       189       
2      1004      817       30138     291       290       
1      1048      694       30138     291       189       
1      1108      1208      30138     291       192       
3      646       640       30138     280       131       
1      882       1175      30138     290       129       
1      718       655       30139     189       189       
2      839       1225      30139     290       192       
3      839       1225      30139     290       192       
1      488       175       30139     199       266       
1      756       693       30139     131       280       
2      817       574       30140     290       189       
1      602       573       30140     189       189       
1      769       1010      30140     290       290       
3      526       409       30140     52        52        
1      438       310       30140     100       127       
2      393       347       30140     52        299       
3      393       347       30140     52        299       
2      767       185       30140     290       87        
3      767       185       30140     290       87        
1      605       793       30141     189       290       
1      532       671       30141     199       280       
1      950       968       30141     290       290       
1      171       101       30142     286       57        
1      747       992       30142     290       290       
1      556       640       30142     199       131       
1      1432      726       30142     129       290       
1      792       743       30142     290       290       
1      715       639       30142     131       131       
1      121       21        30142     57        98        
2      1090      1264      30143     291       192       
1      421       576       30143     168       189       
1      430       393       30143     52        52        
1      397       1032      30143     168       84        
1      782       847       30143     291       291       
1      462       558       30143     189       189       
1      286       20        30144     299       98        
2      714       115       30144     131       9         
1      816       951       30144     290       290       
3      757       1004      30144     131       291       
2      716       101       30144     189       57        
1      630       839       30144     189       290       
2      551       602       30144     189       189       
3      551       602       30144     189       189       
2      1127      916       30145     291       291       
1      411       387       30145     52        299       
1      630       440       30145     189       168       
1      604       698       30145     189       189       
1      48        749       30146     98        290       
1      415       573       30146     100       189       
2      443       697       30146     168       189       
3      771       647       30146     290       280       
1      836       717       30147     290       189       
1      802       717       30147     291       189       
1      627       436       30147     189       100       
1      950       1032      30147     290       84        
3      106       723       30147     178       290       
3      106       723       30147     178       290       
1      527       394       30147     52        100       
1      695       621       30147     189       280       
3      745       580       30148     290       189       
2      745       580       30148     290       189       
3      881       850       30148     290       291       
3      881       850       30148     290       291       
1      254       210       30148     87        266       
1      550       827       30148     189       291       
2      906       969       30148     290       290       
1      990       625       30148     290       189       
3      619       310       30149     131       127       
2      619       310       30149     131       127       
1      1234      950       30149     129       290       
1      22        115       30149     98        9         
1      632       790       30149     189       290       
1      621       673       30149     280       189       
1      1128      743       30149     291       290       
1      578       675       30149     189       189       
1      745       909       30149     290       290       
3      578       456       30150     189       52        
2      578       456       30150     189       52        
2      654       616       30150     189       131       
3      654       616       30150     189       131       
1      719       393       30150     189       52        
2      64        143       30150     98        54        
3      213       135       30150     266       286       
1      441       545       30150     168       52        
2      452       670       30150     52        280       
1      578       372       30150     189       119       
2      213       135       30150     266       286       
