COLUMNS

passenger_count
pickup_ID
dropoff_ID
request_time_sec
pickup_time_sec
pickup_depart_sec
vehicle_ID
pickup_district
dropoff_district
position

REQUESTS_INFO
2      292       718       29238     29366     29396     0              87             189            1              
1      233       600       29139     29276     29306     0              206            280            2              
1      328       555       28998     29055     29085     4              299            199            1              
2      349       624       29065     29137     29167     4              127            189            2              
1      758       623       28999     29099     29129     5              131            280            1              
3      421       139       29245     29280     29310     6              168            57             1              
1      415       488       28996     29093     29123     12             100            199            1              
1      479       576       29182     29352     29382     13             52             189            1              
1      389       481       29146     29299     29329     15             299            189            1              
3      389       568       29044     29240     29270     18             299            52             1              
2      894       652       29035     29111     29141     19             291            189            1              
3      549       551       29193     29320     29350     20             52             189            1              
1      546       251       29148     29232     29262     20             52             127            2              
1      284       770       28798     28918     28948     21             299            290            1              
1      847       858       29142     29263     29293     22             291            290            1              
2      824       842       29240     29330     29360     22             291            290            2              
3      842       512       29089     29228     29258     23             290            199            1              
1      431       719       29204     29334     29364     25             52             189            1              
1      526       624       29199     29266     29296     26             52             189            1              
1      479       597       28892     29027     29057     28             52             131            1              
1      550       192       29090     29163     29193     29             189            266            1              
3      526       544       29014     29114     29144     30             52             52             1              
1      1267      1217      29235     29396     29426     31             129            84             1              
1      231       421       29229     29360     29390     33             266            168            1              
2      461       622       29118     29233     29263     34             189            280            1              
1      437       625       29068     29133     29163     35             100            189            1              
1      905       720       29143     29220     29250     37             290            290            1              
1      717       11        28985     29077     29107     38             189            999            1              
2      504       394       29249     29370     29400     39             52             100            1              
2      328       356       29136     29269     29299     40             299            119            1              
4      1371      415       29117     29324     29354     44             129            100            1              
3      391       670       28754     28910     28940     45             52             280            1              
1      64        827       28821     28899     28929     46             98             291            1              
1      620       749       28846     28937     28967     48             131            290            1              
1      481       287       29010     29130     29160     51             189            299            1              
2      352       171       29166     29313     29343     52             119            286            1              
1      352       133       29210     29343     29373     52             119            9              2              
1      819       905       29133     29295     29325     56             999            290            1              
2      842       512       29089     29234     29264     56             290            199            2              
3      993       885       29244     29345     29375     57             84             290            1              
2      499       158       29064     29182     29212     59             52             174            1              
1      972       628       28995     29059     29089     62             290            189            1              
3      923       749       29183     29295     29325     62             290            290            2              
1      78        463       29203     29293     29323     64             9              168            1              
1      511       45        29170     29244     29274     66             199            98             1              
1      502       79        29175     29294     29324     67             52             98             3              
1      546       990       29121     29169     29199     68             52             290            1              
1      390       647       29030     29131     29161     71             52             280            1              
1      992       1088      29194     29334     29364     72             290            291            1              
1      621       674       29249     29325     29355     73             280            189            1              
1      837       1069      29143     29256     29286     76             290            291            1              
1      545       719       29081     29200     29230     84             52             189            1              
1      1318      418       28640     28834     28864     86             192            168            1              
1      961       914       29160     29268     29298     90             291            291            1              
1      938       758       29052     29198     29228     90             291            131            2              
1      959       694       29235     29361     29391     90             291            189            3              
1      620       692       29135     29229     29259     91             131            280            1              
1      620       509       29218     29259     29289     91             131            199            2              
1      598       532       29229     29328     29358     91             189            199            3              
1      441       1024      28951     29040     29070     95             168            291            1              
1      335       504       29113     29169     29199     96             119            52             1              
1      354       627       29135     29270     29300     96             119            189            2              
1      395       651       29241     29359     29389     96             100            189            3              
1      356       582       28906     29047     29077     104            119            189            1              
1      258       10        29192     29430     29460     109            87             98             1              
1      34        188       29016     29130     29160     110            98             286            1              
1      314       466       29193     29322     29352     111            119            199            1              
1      315       484       29150     29248     29278     111            277            189            2              
1      315       581       29189     29278     29308     111            277            189            3              
1      292       780       28941     29018     29048     117            87             291            1              
2      1021      604       28806     29008     29038     119            291            189            1              
1      1043      602       28961     29123     29153     119            291            189            2              
1      304       416       29005     29123     29153     123            299            100            1              
2      293       651       28840     29067     29097     127            87             189            1              
1      236       662       28982     29156     29186     128            87             131            1              
2      233       651       28634     28781     28811     129            206            189            1              
1      276       527       28778     28887     28917     130            87             52             1              
1      526       717       29247     29353     29383     130            52             189            2              
1      715       135       28857     28934     28964     131            131            286            1              
1      352       604       28980     29090     29120     132            119            189            1              
1      333       756       29085     29185     29215     132            119            131            2              
1      526       603       28972     29063     29093     133            52             189            1              
1      526       603       29062     29123     29153     133            52             189            2              
1      153       290       29158     29240     29270     135            286            127            1              
3      818       335       29131     29238     29268     137            290            119            1              
3      172       647       29120     29219     29249     139            286            280            1              
2      993       885       29244     29358     29388     143            84             290            1              
1      929       716       29102     29245     29275     143            290            189            2              
1      929       644       29139     29275     29305     143            290            131            3              
1      526       554       29145     29239     29269     145            52             189            1              
1      526       691       29189     29269     29299     145            52             131            2              
2      48        429       29116     29201     29231     146            98             999            1              
1      483       653       29136     29261     29291     148            189            189            1              
1      930       749       29170     29286     29316     150            999            290            1              
3      930       670       29151     29256     29286     150            999            280            2              
1      22        558       28769     28802     28832     152            98             189            1              
3      332       417       29175     29310     29340     154            87             100            1              
3      352       171       29166     29271     29301     158            119            286            1              
2      894       483       28866     28981     29011     163            291            189            1              
1      528       747       29165     29283     29313     172            52             290            1              
1      528       698       29123     29253     29283     172            52             189            2              
2      459       19        29224     29280     29310     173            189            98             3              
1      549       770       29025     29117     29147     175            52             290            1              
3      504       138       29196     29270     29300     176            52             57             1              
1      313       504       29048     29272     29302     183            87             52             1              
1      904       623       29028     29166     29196     188            290            280            1              
1      352       576       29087     29169     29199     189            119            189            1              
1      352       651       29126     29199     29229     189            119            189            2              
2      171       647       29102     29180     29210     192            286            280            1              
1      476       210       29065     29237     29267     193            52             266            1              
1      236       578       28929     29026     29056     196            87             189            1              
1      940       534       29023     29171     29201     197            291            199            1              
3      237       394       29120     29241     29271     198            87             100            1              
1      790       699       29187     29243     29273     199            290            290            1              
1      791       741       29204     29315     29345     199            290            50             2              
1      374       601       29172     29291     29321     201            119            189            3              
3      574       479       29208     29306     29336     202            189            52             1              
1      274       417       29152     29326     29356     204            87             100            1              
2      308       557       29013     29196     29226     204            127            189            2              
2      390       287       29134     29310     29340     205            52             299            1              
2      368       202       29127     29196     29226     205            299            87             2              
1      971       1032      29222     29338     29368     209            290            84             1              
1      1010      695       29149     29253     29283     209            290            189            2              
1      598       698       29234     29343     29373     212            189            189            1              
1      687       429       29034     29136     29166     213            131            999            1              
1      466       628       29156     29244     29274     214            199            189            1              
1      466       583       29130     29274     29304     214            199            189            2              
1      804       652       29118     29218     29248     217            291            189            1              
1      802       652       29048     29155     29185     217            291            189            2              
4      760       858       29245     29357     29387     221            291            290            1              
1      887       1002      29027     29127     29157     222            290            291            1              
1      970       580       29215     29322     29352     222            290            189            2              
1      735       553       29103     29206     29236     224            131            189            1              
1      739       602       29068     29138     29168     226            189            189            1              
1      549       668       29046     29147     29177     228            52             280            1              
1      1045      1132      29124     29219     29249     231            291            291            1              
1      778       388       28976     29084     29114     234            131            299            1              
2      527       309       29247     29350     29380     240            52             127            1              
1      527       171       29192     29320     29350     240            52             286            2              
1      442       722       29232     29357     29387     243            168            290            1              
1      1066      1149      29111     29274     29304     245            291            291            1              
3      1109      851       29195     29385     29415     245            291            291            2              
2      499       596       29169     29257     29287     248            52             131            1              
1      476       694       29183     29335     29365     248            52             189            2              
1      893       811       29194     29294     29324     250            291            290            1              
1      893       864       29126     29264     29294     250            291            290            2              
3      712       780       29219     29301     29331     254            131            291            1              
1      710       1447      29119     29226     29256     254            131            129            2              
1      396       674       29192     29280     29310     257            119            189            1              
1      10        123       29220     29341     29371     258            98             54             1              
1      419       573       29140     29229     29259     260            168            189            1              
1      463       605       29212     29310     29340     260            168            189            2              
1      419       534       29226     29354     29384     262            168            199            1              
1      280       489       29172     29415     29445     266            277            199            1              
1      601       460       29116     29160     29190     270            189            189            1              
2      291       571       29232     29402     29432     271            87             52             1              
1      486       653       29239     29322     29352     272            199            189            1              
1      507       749       29185     29263     29293     272            189            290            2              
1      466       578       29138     29239     29269     274            199            189            1              
1      61        1011      29178     29254     29284     277            98             84             1              
1      143       194       29067     29186     29216     280            54             207            1              
1      163       1120      29135     29281     29311     280            178            84             2              
2      940       626       28857     28979     29009     282            291            189            1              
1      837       676       29156     29250     29280     282            290            189            2              
1      812       10        29216     29303     29333     282            290            98             3              
1      718       575       29225     29296     29326     283            189            189            1              
3      863       601       29232     29370     29400     286            290            189            1              
1      701       353       29157     29232     29262     287            290            119            1              
1      527       486       29137     29275     29305     288            52             199            1              
1      505       579       29063     29161     29191     288            52             189            2              
1      527       603       29194     29305     29335     288            52             189            3              
1      527       676       29233     29335     29365     288            52             189            4              
1      550       419       29242     29327     29357     291            189            168            1              
3      791       651       29157     29194     29224     295            290            189            1              
1      936       1151      29122     29186     29216     296            291            291            2              
3      818       1032      29132     29334     29364     298            290            84             1              
1      571       457       29232     29372     29402     299            52             52             1              
1      531       10        29145     29242     29272     302            189            98             1              
1      527       393       29236     29340     29370     306            52             52             1              
1      315       78        28776     28865     28895     316            277            9              1              
1      621       393       29080     29181     29211     320            280            52             1              
1      620       675       28979     29036     29066     321            131            189            1              
1      620       717       28989     29066     29096     321            131            189            2              
3      257       304       29163     29377     29407     323            87             299            1              
1      903       674       29190     29250     29280     326            290            189            1              
1      905       651       29214     29314     29344     326            290            189            2              
2      903       81        29104     29220     29250     326            290            98             3              
1      603       21        28813     28893     28923     327            189            98             1              
1      466       604       29076     29156     29186     328            199            189            1              
1      837       673       29213     29283     29313     335            290            189            1              
2      549       551       29193     29313     29343     338            52             189            1              
1      549       532       29241     29343     29373     338            52             199            2              
1      549       675       29170     29283     29313     338            52             189            3              
1      19        575       29234     29326     29356     339            98             189            1              
3      234       191       28949     29044     29074     340            87             266            1              
1      189       478       29240     29280     29310     345            286            52             1              
2      364       652       28847     29030     29060     346            299            189            1              
2      608       886       29141     29221     29251     347            189            290            1              
3      421       139       29245     29356     29386     348            168            57             1              
1      656       550       29138     29214     29244     351            290            189            1              
1      59        62        29244     29370     29400     352            999            98             1              
1      1132      924       29112     29225     29255     357            291            290            1              
1      1132      651       29042     29195     29225     357            291            189            2              
1      549       621       28994     29093     29123     360            52             280            1              
1      573       576       29140     29242     29272     363            189            189            1              
1      549       647       29203     29306     29336     363            52             280            2              
1      549       663       29224     29336     29366     363            52             131            3              
2      791       727       29243     29322     29352     364            290            290            1              
2      745       906       29145     29252     29282     364            290            290            2              
3      1044      1053      29205     29363     29393     369            291            84             1              
1      837       651       29049     29156     29186     370            290            189            1              
2      839       726       29100     29265     29295     370            290            290            2              
1      431       351       29202     29344     29374     376            52             52             1              
3      293       668       29018     29165     29195     382            87             280            1              
1      376       134       29076     29157     29187     384            168            9              1              
2      574       479       29208     29338     29368     386            189            52             1              
1      440       528       29224     29291     29321     389            168            52             1              
1      189       624       28782     28845     28875     389            286            189            2              
1      861       534       29246     29369     29399     390            290            199            1              
3      631       859       29199     29291     29321     391            189            290            1              
1      507       20        29232     29280     29310     393            189            98             1              
1      409       478       29088     29261     29291     400            52             52             1              
2      388       579       29201     29382     29412     400            299            189            2              
1      527       254       29248     29331     29361     402            52             87             1              
1      527       232       29173     29301     29331     402            52             266            2              
2      527       748       29107     29236     29266     405            52             290            1              
1      527       578       29218     29328     29358     408            52             189            1              
2      350       597       28970     29161     29191     409            127            131            1              
3      605       533       29217     29281     29311     410            189            199            1              
1      724       601       29233     29313     29343     411            290            189            1              
2      725       10        29151     29255     29285     411            290            98             2              
2      308       232       29213     29372     29402     413            127            266            1              
1      598       581       29235     29319     29349     414            189            189            1              
1      598       670       29196     29289     29319     414            189            280            2              
1      527       125       29080     29193     29223     418            52             54             1              
1      723       551       29078     29162     29192     430            290            189            1              
2      722       574       29172     29243     29273     430            290            189            2              
1      883       889       29155     29257     29287     432            290            290            1              
2      884       580       29235     29326     29356     432            290            189            2              
1      747       875       29197     29268     29298     436            290            291            1              
1      597       483       29225     29297     29327     438            131            189            1              
1      834       884       29184     29305     29335     439            290            290            1              
1      1009      649       29179     29268     29298     446            50             189            1              
1      1048      744       29210     29338     29368     446            291            290            2              
2      981       722       29079     29266     29296     455            291            290            1              
1      489       651       29047     29143     29173     456            199            189            1              
1      463       718       29183     29241     29271     458            168            189            1              
1      909       748       29114     29233     29263     461            290            290            1              
1      909       694       29097     29263     29293     461            290            189            2              
2      862       551       29239     29359     29389     461            290            189            3              
3      963       765       29012     29231     29261     466            50             290            1              
1      981       604       29136     29304     29334     466            291            189            2              
3      712       621       29169     29300     29330     468            131            280            1              
1      666       463       29092     29192     29222     468            131            168            2              
1      737       696       29214     29287     29317     469            189            189            3              
3      1014      10        28907     28989     29019     474            84             98             1              
1      873       718       28991     29061     29091     475            291            189            1              
1      621       799       29247     29317     29347     477            280            131            1              
1      314       483       29008     29082     29112     479            119            189            1              
1      1010      672       28904     28981     29011     481            290            189            1              
3      441       606       29027     29132     29162     483            168            189            1              
3      959       685       28982     29109     29139     485            291            999            1              
3      354       34        29148     29253     29283     488            119            98             1              
1      213       812       28995     29040     29070     491            266            290            1              
2      906       580       29029     29099     29129     492            290            189            1              
1      334       417       29152     29335     29365     493            119            100            1              
2      365       211       29244     29420     29450     496            299            266            1              
1      229       81        29018     29100     29130     497            266            98             1              
1      210       700       29130     29250     29280     498            266            290            1              
2      309       395       29218     29353     29383     505            127            100            1              
1      250       556       29123     29231     29261     505            127            199            2              
3      331       252       29021     29233     29263     507            127            206            1              
1      311       790       29117     29326     29356     507            87             290            2              
1      296       795       29160     29322     29352     508            277            290            1              
1      296       1044      29230     29352     29382     508            277            291            2              
1      905       602       28987     29050     29080     510            290            189            1              
1      770       626       29100     29207     29237     510            290            189            2              
2      814       1115      28939     29000     29030     512            290            84             1              
1      436       695       29149     29208     29238     514            100            189            1              
3      311       627       28962     29112     29142     515            87             189            1              
1      626       579       29199     29295     29325     518            189            189            1              
1      621       720       29074     29167     29197     526            280            290            1              
1      924       766       29052     29181     29211     529            290            290            1              
1      904       676       29137     29235     29265     529            290            189            2              
2      923       651       29213     29303     29333     529            290            189            3              
1      875       884       29206     29311     29341     530            291            290            1              
1      481       254       29235     29318     29348     531            189            87             1              
1      355       505       29224     29280     29310     534            119            52             2              
3      484       526       29191     29252     29282     535            189            52             1              
1      484       646       29217     29282     29312     535            189            280            2              
2      466       553       29178     29263     29293     536            199            189            1              
2      442       408       29249     29353     29383     536            168            299            2              
1      645       527       29231     29326     29356     541            280            52             1              
1      791       676       29038     29132     29162     543            290            189            1              
1      791       551       29121     29162     29192     543            290            189            2              
1      1306      725       28875     29016     29046     547            129            290            1              
2      875       760       28923     29089     29119     555            291            291            1              
2      757       669       29220     29340     29370     555            131            280            2              
1      768       483       29040     29105     29135     558            290            189            1              
1      817       579       28975     29048     29078     559            290            189            1              
1      816       970       29153     29225     29255     562            290            290            2              
2      818       1032      29132     29293     29323     562            290            84             3              
2      907       672       28886     28988     29018     564            290            189            1              
1      795       555       29082     29185     29215     565            290            199            1              
2      818       335       29131     29261     29291     565            290            119            2              
1      839       627       28851     28945     28975     568            290            189            1              
1      838       574       28895     29000     29030     568            290            189            2              
1      749       630       29152     29236     29266     574            290            189            1              
1      727       418       29081     29150     29180     574            290            168            2              
1      906       1199      29116     29191     29221     575            290            84             1              
1      926       1218      29159     29239     29269     575            290            84             2              
1      770       883       29200     29323     29353     576            290            290            1              
2      631       859       29199     29274     29304     577            189            290            1              
1      889       746       29182     29297     29327     581            290            290            1              
2      621       669       29227     29280     29310     582            280            280            1              
1      621       756       29206     29250     29280     582            280            131            2              
3      441       606       29027     29143     29173     583            168            189            1              
3      860       716       28974     29098     29128     590            290            189            1              
1      837       721       29136     29217     29247     591            290            290            1              
1      837       672       29158     29247     29277     591            290            189            2              
1      902       1032      29231     29343     29373     592            50             84             1              
1      1109      982       29061     29248     29278     597            291            291            1              
1      1111      850       29218     29356     29386     597            50             291            2              
2      1109      851       29195     29278     29308     597            291            291            3              
1      930       772       29143     29218     29248     599            999            290            1              
1      929       527       29071     29179     29209     599            290            52             2              
1      735       438       28907     29029     29059     600            131            100            1              
2      757       399       28986     29082     29112     600            131            168            2              
2      930       670       29151     29261     29291     602            999            280            1              
2      647       31        29098     29130     29160     604            280            9              1              
1      60        411       29181     29253     29283     608            9              52             1              
1      771       350       28935     29042     29072     609            290            127            1              
1      841       991       29203     29319     29349     612            290            290            1              
3      841       551       29185     29289     29319     612            290            189            2              
3      655       836       28999     29103     29133     614            189            290            1              
1      739       858       29246     29301     29331     614            189            290            2              
3      749       557       29247     29322     29352     616            290            189            1              
1      726       582       29201     29250     29280     616            290            189            2              
3      162       421       29194     29288     29318     618            178            168            2              
1      118       695       28668     28771     28801     619            286            189            1              
1      839       581       29171     29293     29323     620            290            189            1              
1      862       836       29094     29212     29242     625            290            290            1              
1      860       673       28964     29124     29154     625            290            189            2              
1      817       699       29169     29285     29315     625            290            290            3              
1      527       371       29099     29185     29215     628            52             52             1              
1      885       377       29196     29331     29361     629            290            168            1              
1      759       483       29091     29208     29238     630            131            189            1              
1      857       550       29092     29194     29224     631            290            189            1              
1      346       421       29085     29199     29229     635            299            168            1              
1      654       882       29206     29295     29325     638            189            290            1              
3      605       533       29217     29281     29311     640            189            199            1              
1      862       314       28932     29038     29068     641            290            119            1              
1      1079      1211      29133     29337     29367     643            84             129            1              
2      923       1053      29085     29194     29224     647            290            84             1              
1      948       580       29162     29305     29335     647            290            189            2              
1      722       883       29089     29145     29175     650            290            290            1              
4      865       969       29179     29288     29318     651            290            290            1              
1      971       882       29185     29286     29316     652            290            290            1              
1      924       760       29062     29169     29199     652            290            291            2              
2      924       81        29101     29199     29229     652            290            98             3              
1      1214      881       29203     29326     29356     653            129            290            1              
1      331       651       28898     29070     29100     660            127            189            1              
1      276       552       29217     29342     29372     664            87             189            1              
1      465       21        29199     29311     29341     667            199            98             1              
1      502       461       29048     29149     29179     671            52             189            1              
1      527       559       29165     29281     29311     671            52             189            2              
1      527       747       29111     29251     29281     671            52             290            3              
1      123       214       29206     29362     29392     674            54             207            1              
1      139       349       29171     29272     29302     674            57             127            2              
1      905       858       29054     29212     29242     679            290            290            1              
3      841       551       29185     29298     29328     679            290            189            2              
3      860       716       28974     29085     29115     680            290            189            1              
1      571       412       29204     29275     29305     684            52             52             1              
1      1058      1056      29136     29316     29346     686            84             84             1              
3      913       463       29005     29165     29195     687            291            168            1              
1      1087      905       29008     29106     29136     688            291            290            1              
1      792       627       29118     29207     29237     689            290            189            1              
1      791       100       29084     29148     29178     689            290            57             2              
2      788       969       28970     29074     29104     690            290            290            1              
1      1106      716       29014     29105     29135     692            291            189            1              
1      1045      699       29048     29208     29238     692            291            290            2              
2      874       691       28997     29087     29117     693            291            131            1              
1      896       619       29021     29172     29202     693            291            131            2              
1      827       453       29238     29330     29360     693            291            52             3              
2      936       649       29023     29128     29158     697            291            189            1              
1      939       699       29077     29219     29249     697            291            290            2              
1      961       489       28916     28994     29024     698            291            199            1              
1      698       485       29088     29175     29205     700            189            189            1              
2      873       116       29105     29202     29232     701            291            9              1              
1      983       652       29001     29093     29123     702            291            189            1              
3      749       557       29247     29306     29336     703            290            189            1              
1      527       716       29103     29229     29259     707            52             189            1              
2      1086      680       28923     29112     29142     710            291            290            1              
2      1130      827       28815     28936     28966     711            291            291            1              
1      936       873       29194     29304     29334     711            291            291            2              
1      1002      578       29085     29171     29201     711            291            189            3              
1      1044      597       28833     29100     29130     713            291            131            1              
1      745       780       29022     29130     29160     714            290            291            1              
3      1066      935       29111     29274     29304     715            291            291            1              
1      1131      693       29210     29398     29428     715            291            280            2              
1      794       652       29018     29100     29130     720            290            189            1              
1      796       485       29055     29162     29192     720            290            189            2              
1      984       628       29145     29270     29300     722            291            189            1              
1      984       652       29115     29240     29270     722            291            189            2              
1      858       672       29097     29180     29210     723            290            189            1              
3      457       669       28939     29060     29090     726            52             280            1              
4      870       804       29169     29307     29337     727            291            291            1              
3      1066      935       29111     29260     29290     728            291            291            1              
1      1068      620       29195     29355     29385     728            291            131            2              
3      1043      116       29138     29308     29338     730            291            9              1              
1      760       892       29183     29220     29250     731            291            291            1              
1      768       727       29148     29243     29273     732            290            290            1              
1      746       557       29205     29300     29330     732            290            189            2              
3      914       850       29059     29238     29268     733            291            291            1              
1      981       555       29176     29326     29356     733            291            199            2              
1      1225      672       28713     28858     28888     737            192            189            1              
2      1187      504       28778     28930     28960     737            291            52             2              
2      1268      1012      28953     29087     29117     738            129            84             1              
1      1047      875       28981     29162     29192     739            291            291            1              
1      1065      847       29166     29262     29292     739            291            291            2              
1      947       485       29000     29093     29123     742            290            189            1              
3      1149      766       28775     29089     29119     743            291            290            1              
1      1068      693       28969     29124     29154     745            291            280            2              
1      888       960       29187     29281     29311     746            290            291            3              
1      1230      649       28811     28934     28964     747            129            189            1              
1      1023      747       29097     29212     29242     747            291            290            2              
1      961       674       28920     29076     29106     748            291            189            1              
1      850       554       29168     29281     29311     751            291            189            3              
3      1068      915       29190     29357     29387     752            291            291            1              
1      881       720       28920     29017     29047     754            290            290            1              
1      440       230       29196     29300     29330     755            168            266            1              
1      1002      914       29117     29338     29368     756            291            291            1              
3      1043      578       29122     29241     29271     756            291            189            2              
1      599       371       29194     29317     29347     757            280            52             1              
1      981       768       28966     29038     29068     758            291            290            1              
1      847       480       28989     29077     29107     760            291            52             1              
2      1043      578       29122     29332     29362     762            291            189            1              
3      442       408       29249     29344     29374     763            168            299            1              
3      1187      504       28778     28973     29003     766            291            52             1              
2      237       394       29120     29278     29308     771            87             100            1              
1      256       745       29210     29328     29358     771            87             290            2              
1      508       457       29179     29264     29294     772            199            52             1              
1      527       355       29235     29350     29380     772            52             119            2              
1      305       413       29192     29372     29402     775            299            52             1              
1      345       604       29131     29260     29290     775            299            189            2              
2      574       508       29036     29160     29190     778            189            199            1              
1      304       738       28861     28969     28999     781            299            189            1              
3      365       211       29244     29430     29460     782            299            266            1              
1      373       530       29116     29225     29255     790            119            189            1              
1      488       536       29239     29288     29318     791            199            189            1              
3      923       651       29213     29308     29338     793            290            189            1              
1      180       237       29056     29253     29283     794            178            87             1              
2      162       421       29194     29320     29350     794            178            168            2              
