COLUMNS

passenger_count
pickup_ID
dropoff_ID
request_time_sec
pickup_district
dropoff_district
LDuals
IDuals
vehicle_ID
pick_position
drop_position

REQUESTS_INFO
3      397       505       50132     168       52        333       333       2         1         2         
1      479       621       50172     52        280       268       268       5         1         3         
1      372       179       50204     119       178       246.5     246.5     6         1         3         
3      373       142       50180     119       54        230       230       6         2         4         
1      620       616       50216     131       131       208       208       8         1         2         
1      924       698       50194     290       189       154       154       9         1         2         
1      395       284       50211     100       299       179       179       15        1         3         
1      501       388       50137     52        299       249       249       20        1         2         
3      507       630       50214     189       189       215       215       26        1         2         
3      511       949       50099     199       290       393       393       33        1         2         
2      121       191       50243     57        266       143       143       51        1         2         
3      507       399       50228     189       168       265       265       61        1         2         
3      629       813       50079     189       290       368       368       71        1         2         
4      272       443       50209     127       168       266       266       74        1         2         
1      329       603       50244     127       189       167       167       78        1         4         
4      556       461       50190     199       189       295       295       81        1         2         
2      572       572       50136     131       131       350       350       83        2         3         
2      616       743       50069     131       290       458       458       84        1         2         
1      408       482       50164     299       189       324       324       85        1         2         
2      480       211       50128     52        266       387       387       91        1         4         
1      480       330       50215     52        127       264       264       91        2         3         
1      626       175       50213     189       266       184       184       94        1         4         
1      443       506       50241     168       189       245       245       99        1         4         
1      508       627       50222     199       189       134       134       99        2         5         
2      837       887       50191     290       290       177       177       108       1         3         
3      749       760       50247     290       291       174       174       137       2         3         
1      642       578       50222     131       189       208       208       140       2         4         
2      434       526       50233     52        52        218       218       143       1         3         
1      527       531       50228     52        189       206.667   206.667   151       1         3         
1      553       715       50162     189       131       165       165       152       1         4         
1      285       367       50213     299       299       72        72        153       1         2         
1      621       217       50243     280       87        238       238       171       2         3         
3      535       412       49967     189       52        471       471       177       1         3         
1      345       532       50230     299       199       181       181       181       1         3         
3      118       230       50223     286       266       194       194       184       1         2         
1      235       344       50224     87        299       235       235       185       1         2         
3      679       990       50210     290       290       189       189       201       1         2         
3      99        152       50244     286       9         147       147       211       1         2         
1      551       531       50193     189       189       283       283       224       2         3         
3      271       718       50237     127       189       196       196       234       1         2         
1      351       526       50228     52        52        267       267       250       1         2         
1      558       600       50190     189       280       222       222       251       1         2         
1      713       504       50169     131       52        278       278       263       1         3         
1      392       345       50153     52        299       280       280       274       1         2         
1      936       690       50210     291       131       175       175       281       1         4         
1      827       602       50223     291       189       200       200       281       2         5         
2      811       696       50200     290       189       175       175       283       1         3         
1      811       881       50232     290       290       139       139       283       2         4         
1      458       238       50120     52        87        320       320       287       1         4         
3      643       802       49863     131       291       587       587       288       1         2         
1      171       115       50196     286       9         145       145       292       1         2         
1      981       903       50062     291       290       349       349       301       1         2         
1      608       790       50216     189       290       206       206       315       1         2         
4      795       883       50016     290       290       418       418       316       1         2         
1      232       100       50237     266       57        211.75    211.75    317       1         3         
1      693       479       50239     280       52        187       187       319       1         3         
3      716       579       50138     189       189       231       231       329       1         3         
1      461       603       50016     189       189       421       421       337       1         4         
2      277       230       50193     87        266       273       273       340       1         2         
1      747       842       50150     290       290       280       280       342       1         2         
2      476       552       49922     52        189       533       533       344       1         2         
3      791       885       50166     290       290       227       227       351       1         3         
3      535       573       49989     189       189       435       435       353       1         3         
1      700       747       50016     290       290       363       363       357       1         2         
4      456       694       49879     52        189       572       572       365       1         2         
2      859       746       50185     290       290       174       174       369       1         3         
3      701       559       50048     290       189       341       341       374       1         2         
1      864       772       50206     290       290       194       194       378       1         2         
3      572       572       50136     131       131       354       354       379       1         2         
3      924       1088      50171     290       291       240       240       380       1         2         
1      479       439       50193     52        189       247       247       387       1         3         
1      746       398       50220     290       168       188       188       394       1         2         
3      275       232       50200     87        266       258       258       406       1         2         
1      309       374       50244     127       119       203       203       408       1         2         
3      815       842       50182     290       290       245       245       411       1         2         
4      873       1151      50159     291       291       296       296       414       1         2         
4      788       418       49870     290       168       546       546       418       1         2         
3      437       650       50229     100       189       270.5     270.5     423       1         2         
3      507       399       50228     189       168       265       265       433       1         2         
1      851       644       50194     291       131       270       270       438       1         2         
1      535       527       50150     189       52        250       250       443       1         4         
1      280       457       50243     277       52        264       264       449       1         2         
3      551       644       50116     189       131       424       424       451       2         3         
1      865       702       50206     290       290       135       135       452       1         2         
1      607       509       50239     189       199       160       160       455       1         4         
1      607       232       50241     189       266       186       186       455       2         5         
1      690       432       50239     131       52        211       211       456       1         3         
3      607       726       50220     189       290       229       229       468       1         2         
3      644       874       50214     131       291       233       233       471       1         3         
3      904       744       50214     290       290       179       179       482       1         2         
1      117       720       50242     286       290       100       100       495       1         4         
2      693       765       50058     280       290       388       388       502       1         2         
1      882       770       50194     290       290       212       212       507       1         2         
1      374       513       50204     119       199       185       185       509       1         3         
1      812       991       50237     290       290       154       154       516       1         3         
1      630       310       50190     189       127       156       156       522       1         4         
1      698       532       50242     189       199       145       145       524       1         3         
2      507       630       50214     189       189       193       193       528       1         3         
1      722       739       50190     290       189       179       179       534       1         2         
1      599       619       50176     280       131       294       294       535       1         2         
1      679       482       50188     290       189       211       211       546       1         2         
1      485       372       50071     189       119       382       382       547       1         2         
1      827       827       50231     291       291       145       145       552       1         2         
2      629       813       50079     189       290       368       368       557       1         2         
4      504       499       50136     52        52        420.5     420.5     562       1         2         
1      693       580       50203     280       189       167       167       567       1         3         
3      828       534       50249     291       199       217       217       572       1         3         
1      604       509       50185     189       199       252       252       578       1         2         
3      940       875       50122     291       291       338       338       581       1         2         
1      437       523       50176     100       52        274       274       597       1         3         
1      549       771       50161     52        290       295       295       605       1         3         
2      643       527       50154     131       52        164       164       610       1         4         
1      618       456       50135     131       52        270       270       616       1         3         
2      304       374       50224     299       119       160       160       644       1         3         
1      699       673       50104     290       189       279       279       648       1         2         
1      604       460       50228     189       189       194       194       651       1         4         
1      574       439       50165     189       189       317       317       654       1         2         
2      804       914       50071     291       291       369       369       655       1         2         
1      333       386       50232     119       299       211       211       658       1         5         
1      333       368       50236     119       299       163       163       658       2         4         
1      527       693       50176     52        280       310       310       660       1         5         
1      527       624       50243     52        189       181       181       660       2         3         
3      533       629       49985     199       189       448       448       665       1         2         
1      417       238       50200     100       87        235.5     235.5     666       1         4         
1      398       295       50097     168       87        386.5     386.5     666       2         3         
1      621       760       50208     280       291       290       290       669       1         2         
1      580       671       50195     189       280       255       255       677       1         2         
1      702       727       50185     290       290       165       165       680       1         2         
2      760       835       50216     291       290       223       223       694       1         3         
3      961       969       49953     291       290       476       476       700       1         2         
3      885       794       50245     290       290       183       183       704       1         2         
2      629       35        50230     189       98        205       205       711       1         3         
3      925       526       50185     290       52        248       248       712       1         3         
4      600       904       49661     280       290       817       817       725       1         2         
1      720       813       50136     290       290       289       289       735       1         2         
2      827       736       50166     291       131       257       257       737       1         3         
1      758       533       50215     131       199       228       228       742       1         2         
1      430       601       50196     52        189       179       179       743       1         4         
1      627       397       50229     189       168       187       187       744       1         3         
1      523       305       50236     52        299       171       171       750       1         3         
4      527       629       50043     52        189       510       510       751       1         2         
3      644       874       50214     131       291       232       232       759       1         2         
2      170       598       50174     286       189       194       194       762       1         3         
4      894       1024      50071     291       291       361       361       765       1         2         
3      420       389       49919     168       299       567       567       771       1         2         
2      398       458       50179     168       52        304.5     304.5     781       1         3         
1      389       498       50212     299       52        223       223       785       1         3         
3      605       834       49954     189       290       514       514       797       1         2         
1      333       298       50183     119       277       260       260       814       1         2         
4      118       415       50188     286       100       229       229       827       1         2         
1      369       624       50232     52        189       129       129       831       1         3         
3      765       529       50025     290       189       398       398       843       1         2         
1      484       353       50238     189       119       218       218       844       1         4         
1      483       43        50236     189       9         233       233       844       2         5         
1      793       551       50071     290       189       357.5     357.5     845       1         4         
1      629       948       50237     189       290       201       201       847       1         3         
2      841       629       50248     290       189       161       161       851       1         2         
4      905       888       50243     290       290       195       195       856       1         2         
1      392       416       50217     52        100       183.833   183.833   869       1         2         
1      812       699       50148     290       290       226       226       871       1         2         
4      691       731       50123     131       131       344       344       875       1         2         
1      525       553       50228     52        189       264       264       876       1         2         
1      332       604       50236     87        189       169       169       879       2         4         
2      607       726       50220     189       290       229       229       883       1         2         
2      551       731       49832     189       131       708       708       889       1         2         
3      885       794       50245     290       290       183       183       892       1         3         
1      533       417       50164     199       100       270       270       897       1         2         
2      717       116       50113     189       9         313       313       904       1         2         
1      647       791       50208     280       290       220       220       906       1         3         
1      436       371       50193     100       52        248       248       913       1         2         
1      531       675       50181     189       189       300       300       916       1         3         
2      531       98        50237     189       98        253       253       916       2         4         
3      485       903       50226     189       290       266       266       917       1         2         
3      914       268       50237     291       299       177       177       920       2         4         
1      248       170       50231     266       286       131       131       926       1         3         
3      532       603       50231     199       189       221       221       934       1         2         
2      858       999       50198     290       291       216       216       944       1         3         
3      914       268       50237     291       299       177       177       957       1         3         
1      604       533       50244     189       199       178       178       967       1         4         
2      863       744       50163     290       290       271       271       968       1         2         
1      560       698       50204     189       189       198       198       977       1         4         
4      710       481       49950     131       189       486       486       978       1         2         
1      759       649       50149     131       189       311       311       983       1         2         
1      481       143       50208     189       54        240.833   240.833   985       1         3         
1      415       351       50225     100       52        207       207       986       1         3         
3      665       760       50165     131       291       285       285       992       1         2         
1      1069      895       50204     291       291       220       220       999       1         2         
1      801       578       50159     291       189       276       276       1000      1         4         
2      800       874       50176     131       291       315       315       1000      2         3         
3      580       462       50209     189       189       222       222       1015      1         2         
1      767       904       50203     290       290       165.5     165.5     1016      1         3         
3      285       545       50204     299       52        205       205       1019      1         2         
2      434       229       50204     52        266       262       262       1024      1         2         
1      598       927       50168     189       290       351       351       1031      1         2         
1      507       437       50236     189       100       227       227       1034      1         2         
1      778       621       50211     131       280       231       231       1039      1         3         
1      196       552       50182     178       189       272.5     272.5     1046      1         2         
1      720       937       50220     290       291       175.5     175.5     1048      1         3         
3      488       1529      50085     199       296       412       412       1049      1         2         
3      195       395       50196     207       100       220       220       1061      1         2         
1      873       1025      50196     291       291       214       214       1069      1         4         
1      438       503       50133     100       52        352.5     352.5     1075      1         2         
3      349       1000      50199     127       291       225       225       1077      1         4         
1      349       387       50246     127       299       178       178       1077      2         3         
1      960       1047      50212     291       291       204       204       1078      1         2         
1      555       579       50182     199       189       261       261       1084      1         2         
1      602       581       50227     189       189       206       206       1085      1         3         
1      608       745       50216     189       290       206       206       1092      2         3         
1      314       400       50194     119       168       293       293       1097      1         2         
1      905       794       50250     290       290       0         0         0         0         0         
4      434       345       50250     52        299       0         0         0         0         0         
1      1244      1086      50250     192       291       0         0         0         0         0         
3      886       551       50251     290       189       0         0         0         0         0         
3      886       551       50251     290       189       0         0         0         0         0         
1      533       396       50252     199       119       0         0         0         0         0         
1      1263      983       50252     192       291       0         0         0         0         0         
1      482       477       50252     189       52        0         0         0         0         0         
2      1048      1193      50253     291       129       0         0         0         0         0         
1      1068      670       50253     291       280       0         0         0         0         0         
3      115       20        50253     9         98        0         0         0         0         0         
1      795       905       50253     290       290       0         0         0         0         0         
1      782       1025      50253     291       291       0         0         0         0         0         
2      629       134       50253     189       9         0         0         0         0         0         
1      554       452       50254     189       52        0         0         0         0         0         
1      228       251       50254     266       127       0         0         0         0         0         
1      81        767       50254     98        290       0         0         0         0         0         
1      744       794       50254     290       290       0         0         0         0         0         
1      174       234       50254     266       87        0         0         0         0         0         
1      251       373       50255     127       119       0         0         0         0         0         
1      723       725       50255     290       290       0         0         0         0         0         
1      1208      1336      50255     192       129       0         0         0         0         0         
1      163       220       50256     178       87        0         0         0         0         0         
2      646       484       50256     280       189       0         0         0         0         0         
1      602       438       50256     189       100       0         0         0         0         0         
1      435       408       50256     52        299       0         0         0         0         0         
1      765       481       50256     290       189       0         0         0         0         0         
1      371       326       50256     52        299       0         0         0         0         0         
1      947       722       50257     290       290       0         0         0         0         0         
3      555       463       50257     199       168       0         0         0         0         0         
1      721       881       50257     290       290       0         0         0         0         0         
1      842       836       50257     290       290       0         0         0         0         0         
3      483       555       50258     189       199       0         0         0         0         0         
3      483       555       50258     189       199       0         0         0         0         0         
1      250       137       50258     127       286       0         0         0         0         0         
3      344       116       50258     299       9         0         0         0         0         0         
1      43        349       50258     9         127       0         0         0         0         0         
1      728       948       50258     290       290       0         0         0         0         0         
1      655       793       50258     189       290       0         0         0         0         0         
1      292       352       50258     87        119       0         0         0         0         0         
1      983       743       50259     291       290       0         0         0         0         0         
1      173       331       50259     286       127       0         0         0         0         0         
1      626       373       50259     189       119       0         0         0         0         0         
3      211       627       50259     266       189       0         0         0         0         0         
1      508       698       50259     199       189       0         0         0         0         0         
1      720       344       50259     290       299       0         0         0         0         0         
1      96        526       50259     9         52        0         0         0         0         0         
3      211       627       50259     266       189       0         0         0         0         0         
1      714       743       50259     131       290       0         0         0         0         0         
1      201       180       50259     87        178       0         0         0         0         0         
3      718       527       50260     189       52        0         0         0         0         0         
1      573       1476      50260     189       296       0         0         0         0         0         
1      608       354       50262     189       119       0         0         0         0         0         
1      486       674       50262     199       189       0         0         0         0         0         
1      621       504       50262     280       52        0         0         0         0         0         
2      373       651       50262     119       189       0         0         0         0         0         
1      309       510       50263     127       199       0         0         0         0         0         
1      1048      442       50263     291       168       0         0         0         0         0         
1      430       621       50264     52        280       0         0         0         0         0         
1      906       995       50264     290       84        0         0         0         0         0         
1      1150      1208      50264     291       192       0         0         0         0         0         
1      119       616       50264     286       131       0         0         0         0         0         
2      641       720       50265     131       290       0         0         0         0         0         
3      641       720       50265     131       290       0         0         0         0         0         
1      549       309       50265     52        127       0         0         0         0         0         
1      1149      811       50265     291       290       0         0         0         0         0         
1      134       647       50265     9         280       0         0         0         0         0         
1      881       1000      50265     290       291       0         0         0         0         0         
1      668       434       50265     280       52        0         0         0         0         0         
1      604       892       50265     189       291       0         0         0         0         0         
1      368       512       50266     299       199       0         0         0         0         0         
1      415       556       50266     100       199       0         0         0         0         0         
1      760       139       50266     291       57        0         0         0         0         0         
1      175       48        50266     266       98        0         0         0         0         0         
1      864       771       50266     290       290       0         0         0         0         0         
1      665       743       50267     131       290       0         0         0         0         0         
1      527       481       50267     52        189       0         0         0         0         0         
1      529       646       50267     189       280       0         0         0         0         0         
1      533       608       50268     199       189       0         0         0         0         0         
1      948       835       50268     290       290       0         0         0         0         0         
3      436       521       50269     100       52        0         0         0         0         0         
3      436       521       50269     100       52        0         0         0         0         0         
3      881       939       50269     290       291       0         0         0         0         0         
3      749       788       50269     290       290       0         0         0         0         0         
1      437       232       50269     100       266       0         0         0         0         0         
1      652       608       50269     189       189       0         0         0         0         0         
1      724       816       50269     290       290       0         0         0         0         0         
3      881       939       50269     290       291       0         0         0         0         0         
2      972       792       50270     290       290       0         0         0         0         0         
1      396       317       50270     119       277       0         0         0         0         0         
1      553       647       50270     189       280       0         0         0         0         0         
1      698       646       50270     189       280       0         0         0         0         0         
2      992       1048      50271     290       291       0         0         0         0         0         
3      992       1048      50271     290       291       0         0         0         0         0         
1      746       739       50271     290       189       0         0         0         0         0         
1      525       549       50271     52        52        0         0         0         0         0         
2      701       725       50272     290       290       0         0         0         0         0         
1      533       479       50272     199       52        0         0         0         0         0         
1      663       874       50272     131       291       0         0         0         0         0         
1      534       627       50272     199       189       0         0         0         0         0         
1      474       544       50272     52        52        0         0         0         0         0         
3      654       464       50272     189       168       0         0         0         0         0         
2      654       464       50272     189       168       0         0         0         0         0         
1      488       378       50273     199       168       0         0         0         0         0         
3      48        78        50273     98        9         0         0         0         0         0         
3      48        78        50273     98        9         0         0         0         0         0         
3      464       375       50273     168       119       0         0         0         0         0         
2      464       375       50273     168       119       0         0         0         0         0         
1      374       374       50273     119       119       0         0         0         0         0         
2      505       973       50273     52        84        0         0         0         0         0         
1      927       908       50273     290       290       0         0         0         0         0         
1      651       896       50273     189       291       0         0         0         0         0         
1      694       134       50273     189       9         0         0         0         0         0         
3      454       698       50274     52        189       0         0         0         0         0         
2      454       698       50274     52        189       0         0         0         0         0         
1      408       555       50274     299       199       0         0         0         0         0         
1      604       870       50274     189       291       0         0         0         0         0         
1      198       572       50274     178       131       0         0         0         0         0         
1      527       460       50274     52        189       0         0         0         0         0         
1      604       631       50274     189       189       0         0         0         0         0         
1      408       662       50276     299       131       0         0         0         0         0         
1      621       697       50276     280       189       0         0         0         0         0         
1      461       704       50276     189       290       0         0         0         0         0         
1      313       309       50276     87        127       0         0         0         0         0         
2      601       386       50276     189       299       0         0         0         0         0         
3      601       386       50276     189       299       0         0         0         0         0         
1      679       338       50277     290       277       0         0         0         0         0         
1      117       458       50277     286       52        0         0         0         0         0         
2      772       771       50277     290       290       0         0         0         0         0         
3      772       771       50277     290       290       0         0         0         0         0         
1      839       1265      50277     290       192       0         0         0         0         0         
1      1168      1022      50278     291       291       0         0         0         0         0         
1      582       621       50278     189       280       0         0         0         0         0         
1      623       731       50278     280       131       0         0         0         0         0         
1      309       154       50278     127       286       0         0         0         0         0         
1      804       1067      50279     291       291       0         0         0         0         0         
2      314       399       50279     119       168       0         0         0         0         0         
1      803       652       50279     291       189       0         0         0         0         0         
1      389       394       50279     299       100       0         0         0         0         0         
1      905       948       50279     290       290       0         0         0         0         0         
