COLUMNS

passenger_count
pickup_ID
dropoff_ID
request_time_sec
pickup_district
dropoff_district

REQUESTS_INFO
2      731       906       48840     131       290       
1      175       408       48840     266       299       
1      512       21        48840     199       98        
1      1088      535       48840     291       189       
1      330       133       48840     127       9         
3      731       906       48840     131       290       
1      236       555       48841     87        199       
3      767       605       48841     290       189       
2      767       605       48841     290       189       
3      350       275       48841     127       87        
3      350       275       48841     127       87        
2      507       398       48842     189       168       
1      837       804       48842     290       291       
3      718       19        48842     189       98        
2      972       1199      48842     290       84        
3      718       19        48842     189       98        
1      229       413       48843     266       52        
1      305       190       48843     299       286       
2      992       925       48843     290       290       
1      498       315       48843     52        277       
1      696       714       48843     189       131       
1      328       331       48843     299       127       
3      739       464       48843     189       168       
1      550       309       48843     189       127       
2      739       464       48843     189       168       
1      1002      827       48844     291       291       
1      815       550       48844     290       189       
1      1012      505       48844     84        52        
1      983       507       48844     291       189       
1      925       721       48844     290       290       
2      367       455       48844     299       52        
1      621       826       48845     280       291       
2      903       436       48845     290       100       
1      1087      66        48845     291       98        
1      1172      915       48845     129       291       
1      791       962       48845     290       291       
1      478       461       48845     52        189       
1      717       623       48845     189       280       
1      314       376       48846     119       168       
1      924       604       48846     290       189       
1      881       905       48847     290       290       
1      721       717       48847     290       189       
4      1168      980       48847     291       291       
3      698       670       48847     189       280       
1      756       250       48847     131       127       
2      980       367       48847     291       299       
1      695       580       48847     189       189       
1      604       479       48847     189       52        
1      462       608       48847     189       189       
2      817       216       48848     290       178       
1      667       408       48848     131       299       
3      464       653       48849     168       189       
2      464       653       48849     168       189       
1      218       218       48850     87        87        
1      814       723       48850     290       290       
3      143       91        48851     54        178       
3      143       91        48851     54        178       
2      464       484       48851     168       189       
1      568       386       48851     52        299       
3      1446      457       48852     129       52        
1      529       645       48852     189       280       
1      581       673       48852     189       189       
3      199       233       48852     178       206       
1      480       386       48853     52        299       
1      466       1188      48853     199       192       
1      557       557       48853     189       189       
3      960       873       48853     291       291       
2      960       873       48853     291       291       
1      486       674       48853     199       189       
1      232       180       48854     266       178       
3      721       861       48854     290       290       
3      419       368       48854     168       299       
2      419       368       48854     168       299       
1      656       193       48854     290       266       
1      916       724       48855     291       290       
2      604       811       48855     189       290       
1      1067      1025      48855     291       291       
1      604       195       48856     189       207       
1      1225      927       48856     192       290       
1      233       391       48856     206       52        
3      604       506       48856     189       189       
3      604       506       48856     189       189       
1      549       662       48856     52        131       
1      1016      1252      48856     84        129       
1      581       580       48857     189       189       
2      735       432       48857     131       52        
1      116       328       48857     9         299       
1      354       347       48857     119       299       
1      928       714       48857     290       131       
1      618       463       48857     131       168       
2      505       692       48857     52        280       
1      669       897       48858     280       291       
3      716       646       48858     189       280       
1      813       387       48858     290       299       
2      118       394       48858     286       100       
3      118       394       48858     286       100       
1      10        36        48858     98        98        
1      980       584       48859     291       189       
1      435       971       48859     52        290       
1      416       679       48859     100       290       
1      858       625       48859     290       189       
1      506       293       48859     189       87        
1      97        531       48859     9         189       
2      865       906       48860     290       290       
1      411       250       48860     52        127       
1      835       557       48860     290       189       
2      766       791       48860     290       290       
2      631       462       48860     189       189       
1      914       718       48861     291       189       
1      600       827       48861     280       291       
1      481       745       48861     189       290       
1      947       804       48861     290       291       
1      950       839       48861     290       290       
1      527       936       48861     52        291       
1      960       1109      48861     291       291       
1      526       390       48861     52        52        
1      948       1015      48863     290       84        
1      662       431       48863     131       52        
1      1168      1150      48863     291       291       
1      782       982       48863     291       291       
2      476       474       48863     52        52        
3      1001      903       48864     291       290       
3      1001      903       48864     291       290       
1      532       573       48864     199       189       
1      398       294       48864     168       87        
1      388       232       48864     299       266       
1      454       393       48864     52        52        
1      34        125       48864     98        54        
1      906       728       48864     290       290       
1      413       337       48865     52        277       
1      506       125       48865     189       54        
1      778       616       48865     131       131       
1      793       197       48865     290       178       
3      650       923       48865     189       290       
1      48        240       48866     98        87        
1      578       1106      48866     189       291       
1      287       350       48866     299       127       
1      699       927       48867     290       290       
3      397       483       48867     168       189       
3      397       483       48867     168       189       
2      136       251       48867     286       127       
3      136       251       48867     286       127       
2      596       365       48867     131       299       
1      118       212       48867     286       266       
1      502       686       48867     52        131       
2      399       535       48867     168       189       
2      792       818       48868     290       290       
1      1022      669       48868     291       280       
1      236       418       48868     87        168       
1      418       632       48868     168       189       
1      345       415       48868     299       100       
1      742       923       48868     290       290       
1      896       923       48868     291       290       
2      724       387       48868     290       299       
3      724       387       48868     290       299       
1      535       142       48869     189       54        
1      813       887       48869     290       290       
1      439       399       48869     189       168       
1      478       697       48869     52        189       
1      663       673       48869     131       189       
1      849       981       48869     291       291       
1      43        287       48870     9         299       
2      645       551       48870     280       189       
3      645       551       48870     280       189       
1      884       626       48870     290       189       
1      439       811       48870     189       290       
1      118       212       48870     286       266       
