COLUMNS

passenger_count
pickup_ID
dropoff_ID
ready_time_sec
pickup_district
dropoff_district
LDuals
IDuals
vehicle_ID
pick_position
drop_position

REQUESTS_INFO
3      694       252       46731     189       206       296       296       10        1         3         
1      699       907       46790     290       290       234       234       12        2         5         
3      486       679       46756     199       290       297       297       26        1         3         
3      407       695       46819     299       189       205       205       33        1         2         
1      391       526       46811     52        52        216       216       34        1         2         
1      803       737       46768     291       189       210       210       48        1         2         
1      858       230       46811     290       266       147       147       49        1         4         
1      483       742       46774     189       290       258       258       67        1         3         
2      503       409       46806     52        52        194       194       78        1         3         
2      600       719       46747     280       189       232       232       81        1         4         
3      927       851       46428     290       291       605       605       87        1         3         
3      232       443       46776     266       168       163       163       90        1         2         
1      98        123       46808     98        54        143       143       91        1         3         
2      671       885       46709     280       290       293       293       103       1         3         
1      907       990       46801     290       290       249.5     249.5     108       1         2         
3      527       460       46718     52        189       345       345       116       1         2         
1      628       644       46672     189       131       349       349       117       1         3         
2      602       393       46629     189       52        402       402       127       1         3         
3      970       857       46789     290       290       253       253       132       1         2         
2      354       235       46802     119       87        201       201       151       1         3         
3      904       746       46742     290       290       323       323       152       1         3         
3      1044      696       46770     291       189       196       196       165       1         3         
3      574       531       46709     189       189       361       361       173       1         2         
4      674       232       46546     189       266       514       514       174       1         2         
3      1022      1342      46793     291       129       140       140       181       1         3         
3      939       720       46711     291       290       318       318       202       1         2         
3      675       421       46731     189       168       337       337       204       1         3         
1      700       527       46591     290       52        465       465       204       2         4         
4      548       436       46441     52        100       574       574       215       1         2         
3      793       834       46699     290       290       405       405       218       2         3         
3      723       607       46720     290       189       342       342       226       1         2         
3      395       817       46802     100       290       215       215       230       1         2         
4      630       889       46518     189       290       558       558       242       1         2         
3      551       481       46758     189       189       306       306       249       1         2         
1      629       991       46773     189       290       194       194       250       1         4         
2      789       969       46613     290       290       414       414       251       1         3         
2      810       693       46745     290       280       343       343       251       2         4         
1      389       286       46804     299       299       182       182       253       1         2         
2      372       142       46717     119       54        259       259       256       1         2         
4      834       860       46779     290       290       337.667   337.667   261       1         2         
1      594       485       46780     131       189       219       219       272       1         3         
3      551       481       46758     189       189       306       306       272       2         4         
3      618       459       46757     131       189       225       225       278       1         3         
1      1000      909       46794     291       290       173       173       291       1         3         
1      723       926       46805     290       290       239       239       293       1         3         
1      838       673       46771     290       189       265.667   265.667   308       2         5         
3      838       818       46692     290       290       361       361       308       3         4         
4      760       770       46695     291       290       350       350       318       1         2         
2      599       209       46743     280       266       318       318       334       1         3         
2      350       373       46769     127       119       243       243       350       1         2         
2      577       431       46696     189       52        345       345       361       1         3         
1      884       811       46826     290       290       177.667   177.667   375       1         3         
2      228       696       46747     266       189       221       221       376       1         3         
4      981       129       46803     291       178       183       183       378       1         2         
3      874       859       46794     291       290       185       185       380       1         3         
1      881       649       46799     290       189       224.667   224.667   382       2         3         
1      626       483       46821     189       189       222       222       389       1         2         
1      605       527       46748     189       52        273       273       397       2         6         
1      605       464       46807     189       168       242       242       397       3         5         
3      699       849       46746     290       291       342       342       401       1         3         
3      766       881       46759     290       290       295       295       405       2         4         
1      511       697       46736     199       189       257.5     257.5     408       1         3         
2      770       668       46737     290       280       332.667   332.667   412       1         3         
1      485       669       46829     189       280       180       180       419       1         3         
2      766       904       46616     290       290       400       400       421       1         4         
2      552       1154      46801     189       129       218       218       441       1         3         
1      1053      1156      46807     84        129       229       229       445       1         3         
3      925       860       46827     290       290       237       237       453       1         2         
1      627       229       46817     189       266       200       200       465       1         4         
2      370       436       46812     52        100       155       155       467       1         2         
1      287       216       46819     299       178       139       139       469       1         2         
2      118       293       46811     286       87        144       144       470       1         2         
1      795       905       46823     290       290       221       221       480       1         3         
3      749       804       46767     290       291       317       317       493       1         4         
1      795       926       46817     290       290       227       227       493       2         3         
1      794       623       46521     290       280       472       472       494       1         3         
2      925       860       46827     290       290       237       237       520       1         2         
1      415       180       46802     100       178       179       179       543       1         4         
2      841       851       46612     290       291       404       404       546       2         3         
3      369       463       46737     52        168       245       245       554       1         2         
1      433       526       46824     52        52        143       143       561       1         3         
3      605       557       46587     189       189       462       462       566       2         3         
1      838       718       46751     290       189       285.667   285.667   567       2         5         
1      766       851       46814     290       291       196       196       572       1         4         
1      1142      858       46822     84        290       180       180       580       1         2         
3      574       531       46709     189       189       361       361       592       1         2         
4      621       90        46753     280       178       249       249       604       1         2         
3      980       913       46672     291       291       319       319       610       1         2         
2      874       913       46822     291       291       157       157       612       1         2         
1      980       896       46663     291       291       289       289       613       1         4         
1      554       393       46821     189       52        220       220       614       1         2         
3      680       466       46518     290       199       581.333   581.333   615       1         3         
1      720       669       46743     290       280       305.5     305.5     634       1         4         
1      720       715       46780     290       131       268.5     268.5     634       2         3         
3      574       623       46539     189       280       531       531       639       1         2         
1      894       1566      46775     291       296       164       164       654       1         4         
1      581       170       46762     189       286       257       257       667       1         4         
1      416       674       46792     100       189       153       153       674       1         4         
3      760       842       46817     291       290       228       228       676       1         3         
1      703       462       46524     290       189       510.667   510.667   677       1         3         
2      946       1091      46757     290       291       284       284       692       2         4         
3      721       294       46662     290       87        384       384       694       1         3         
1      693       606       46829     280       189       176       176       698       1         2         
2      1171      1002      46817     192       291       137       137       700       1         2         
3      792       678       46715     290       290       372       372       705       1         3         
3      792       678       46715     290       290       372       372       717       1         2         
2      440       352       46757     168       119       210       210       724       1         2         
1      631       116       46709     189       9         295       295       732       1         4         
2      793       859       46638     290       290       382.667   382.667   746       1         3         
2      793       834       46699     290       290       404       404       746       2         4         
3      1191      1091      46816     129       291       127       127       759       1         2         
3      508       556       46591     199       199       450       450       760       1         2         
1      436       507       46807     100       189       153       153       763       1         3         
1      43        121       46806     9         57        107       107       769       1         2         
3      371       529       46713     52        189       263       263       785       1         4         
1      371       409       46823     52        52        153       153       785       2         3         
4      627       217       46754     189       87        290       290       790       1         2         
1      313       99        46827     87        286       167       167       798       1         2         
1      349       376       46809     127       168       147       147       803       1         4         
1      723       770       46683     290       290       361       361       809       1         3         
3      680       906       46386     290       290       716.5     716.5     824       1         3         
3      106       161       46768     178       178       179       179       825       1         2         
3      508       769       46776     199       290       265       265       829       1         2         
4      551       66        46700     189       98        364       364       871       1         2         
1      725       439       46724     290       189       313       313       876       1         2         
1      559       434       46682     189       52        372       372       878       1         4         
2      744       805       46808     290       291       249       249       885       1         3         
2      297       332       46689     277       87        316       316       890       1         2         
4      462       647       46781     189       280       238       238       891       1         2         
2      981       840       46772     291       290       214       214       918       1         3         
1      292       415       46816     87        100       149       149       929       1         2         
3      926       632       46513     290       189       558       558       933       1         2         
3      622       441       46598     280       168       407       407       957       1         3         
3      412       760       46759     52        291       262       262       958       1         2         
2      698       632       46807     189       189       236       236       969       1         4         
3      407       695       46819     299       189       205       205       978       1         3         
3      816       907       46681     290       290       338       338       983       1         2         
1      864       48        46804     290       98        187       187       986       1         4         
4      721       857       46525     290       290       556       556       993       1         2         
3      723       895       46491     290       291       610       610       996       2         4         
3      598       44        46724     189       98        298       298       998       1         3         
1      693       826       46805     280       291       202       202       1000      1         3         
2      700       858       46552     290       290       506       506       1001      1         5         
1      700       815       46774     290       290       281       281       1001      2         6         
1      700       723       46727     290       290       314       314       1001      3         4         
1      655       791       46761     189       290       319.5     319.5     1002      1         3         
1      909       726       46813     290       290       183       183       1005      1         3         
1      573       415       46721     189       100       276       276       1009      1         3         
2      716       507       46634     189       189       362       362       1016      1         3         
2      436       528       46818     100       52        138       138       1017      1         2         
1      897       628       46793     291       189       199       199       1026      1         2         
1      914       663       46804     291       131       158       158       1030      1         3         
3      699       782       46793     290       291       295       295       1039      1         2         
1      442       193       46807     168       266       206       206       1043      1         3         
1      861       508       46628     290       199       396.667   396.667   1044      1         4         
1      861       643       46786     290       131       199.333   199.333   1044      2         5         
3      760       1106      46778     291       291       267       267       1049      1         2         
1      198       328       46816     178       299       97        97        1054      1         2         
1      483       393       46824     189       52        208       208       1065      1         2         
4      961       850       46705     291       291       291       291       1069      1         2         
4      535       79        46742     189       98        305       305       1088      1         2         
3      510       747       46800     199       290       237       237       1104      1         2         
2      907       969       46785     290       290       265.5     265.5     1107      1         2         
1      961       716       46751     291       189       245       245       1109      1         3         
2      133       249       46788     9         266       133       133       1112      1         2         
1      836       946       46821     290       290       191.667   191.667   1120      1         2         
1      1300      1148      46827     192       291       106       106       1132      1         3         
1      812       804       46816     290       291       208.667   208.667   1133      1         2         
3      813       605       46748     290       189       348       348       1134      1         2         
1      559       61        46760     189       98        235       235       1141      1         5         
1      559       211       46773     189       266       248       248       1141      2         4         
3      556       505       46822     199       52        224       224       1142      2         4         
4      633       275       46628     189       87        496       496       1146      2         3         
1      364       303       46785     299       299       227       227       1150      1         2         
3      699       782       46793     290       291       295       295       1155      2         4         
3      766       990       46773     290       290       281       281       1162      1         3         
1      840       1120      46809     290       84        225       225       1171      1         2         
1      1013      1098      46806     84        84        221       221       1175      1         3         
4      630       512       46590     189       199       486       486       1180      1         2         
3      390       207       46801     52        286       224       224       1181      1         2         
3      924       884       46800     290       290       245       245       1189      1         2         
3      970       857       46789     290       290       253       253       1192      1         2         
2      535       218       46781     189       87        207       207       1195      1         2         
3      559       312       46773     189       87        301       301       1196      1         3         
1      559       334       46810     189       119       255       255       1196      2         4         
1      556       738       46812     199       189       193       193       1199      1         3         
1      667       603       46797     131       189       180       180       1223      1         2         
1      742       936       46812     290       291       159       159       1228      1         3         
1      233       219       46814     206       87        123       123       1232      1         2         
1      971       673       46761     290       189       232       232       1250      1         4         
4      791       438       46594     290       100       513.667   513.667   1256      1         2         
1      557       723       46760     189       290       236       236       1267      1         2         
2      583       440       46802     189       168       270       270       1274      1         4         
1      649       253       46815     189       206       206       206       1277      1         4         
2      649       675       46828     189       189       204       204       1277      2         3         
1      925       1053      46793     290       84        225       225       1281      1         3         
2      721       1068      46823     290       291       231       231       1304      1         4         
2      676       925       46781     189       290       308       308       1304      2         3         
1      816       929       46718     290       290       301       301       1319      1         2         
2      1190      896       46814     192       291       157       157       1321      1         2         
1      720       602       46738     290       189       310.5     310.5     1346      1         3         
1      1014      904       46810     84        290       190       190       1348      1         3         
2      816       767       46702     290       290       311.667   311.667   1363      1         4         
3      1066      1148      46744     291       291       214       214       1374      1         2         
2      527       463       46770     52        168       281       281       1375      1         3         
1      366       436       46766     299       100       199       199       1379      1         2         
1      726       813       46728     290       290       328       328       1384      1         4         
1      726       1201      46789     290       84        224.5     224.5     1384      2         5         
1      332       354       46800     87        119       152       152       1388      1         3         
3      354       235       46802     119       87        201       201       1388      2         4         
3      136       234       46830     286       87        0         0         0         0         0         
2      136       234       46830     286       87        0         0         0         0         0         
1      1048      1025      46830     291       291       0         0         0         0         0         
1      118       189       46830     286       286       0         0         0         0         0         
2      376       903       46830     168       290       0         0         0         0         0         
1      676       817       46830     189       290       0         0         0         0         0         
1      1010      700       46831     290       290       0         0         0         0         0         
1      723       837       46831     290       290       0         0         0         0         0         
2      720       669       46832     290       280       0         0         0         0         0         
1      219       663       46832     87        131       0         0         0         0         0         
4      408       666       46832     299       131       0         0         0         0         0         
1      133       99        46832     9         286       0         0         0         0         0         
1      887       924       46833     290       290       0         0         0         0         0         
1      959       628       46833     291       189       0         0         0         0         0         
2      738       646       46833     189       280       0         0         0         0         0         
3      738       646       46833     189       280       0         0         0         0         0         
1      116       43        46833     9         9         0         0         0         0         0         
1      438       616       46834     100       131       0         0         0         0         0         
1      626       699       46834     189       290       0         0         0         0         0         
1      645       305       46834     280       299       0         0         0         0         0         
3      332       238       46835     87        87        0         0         0         0         0         
3      992       962       46835     290       291       0         0         0         0         0         
3      992       962       46835     290       291       0         0         0         0         0         
2      332       238       46835     87        87        0         0         0         0         0         
1      925       1139      46835     290       84        0         0         0         0         0         
1      386       366       46835     299       299       0         0         0         0         0         
1      528       463       46835     52        168       0         0         0         0         0         
3      736       847       46836     131       291       0         0         0         0         0         
1      526       935       46836     52        291       0         0         0         0         0         
1      418       534       46836     168       199       0         0         0         0         0         
1      176       793       46836     174       290       0         0         0         0         0         
1      1053      925       46836     84        290       0         0         0         0         0         
3      736       847       46836     131       291       0         0         0         0         0         
1      488       676       46837     199       189       0         0         0         0         0         
1      885       431       46837     290       52        0         0         0         0         0         
1      746       608       46838     290       189       0         0         0         0         0         
1      275       288       46838     87        127       0         0         0         0         0         
1      909       791       46838     290       290       0         0         0         0         0         
1      195       596       46838     207       131       0         0         0         0         0         
1      49        34        46839     98        98        0         0         0         0         0         
1      502       772       46839     52        290       0         0         0         0         0         
3      512       388       46839     199       299       0         0         0         0         0         
2      512       388       46839     199       299       0         0         0         0         0         
1      926       946       46840     290       290       0         0         0         0         0         
1      440       480       46840     168       52        0         0         0         0         0         
1      645       230       46840     280       266       0         0         0         0         0         
1      756       1265      46840     131       192       0         0         0         0         0         
2      526       668       46841     52        280       0         0         0         0         0         
1      476       850       46841     52        291       0         0         0         0         0         
1      550       462       46841     189       189       0         0         0         0         0         
1      907       195       46841     290       207       0         0         0         0         0         
3      332       409       46841     87        52        0         0         0         0         0         
4      250       279       46841     127       87        0         0         0         0         0         
3      526       668       46841     52        280       0         0         0         0         0         
3      884       727       46841     290       290       0         0         0         0         0         
1      161       408       46842     178       299       0         0         0         0         0         
2      1025      895       46842     291       291       0         0         0         0         0         
2      392       441       46842     52        168       0         0         0         0         0         
3      578       722       46842     189       290       0         0         0         0         0         
3      578       722       46842     189       290       0         0         0         0         0         
1      163       81        46842     178       98        0         0         0         0         0         
2      1446      1136      46843     129       129       0         0         0         0         0         
3      1446      1136      46843     129       129       0         0         0         0         0         
1      914       1042      46843     291       291       0         0         0         0         0         
1      887       888       46843     290       290       0         0         0         0         0         
4      368       621       46843     299       280       0         0         0         0         0         
1      936       881       46843     291       290       0         0         0         0         0         
1      937       694       46843     291       189       0         0         0         0         0         
1      630       629       46843     189       189       0         0         0         0         0         
1      117       60        46844     286       9         0         0         0         0         0         
1      599       351       46844     280       52        0         0         0         0         0         
1      248       667       46844     266       131       0         0         0         0         0         
1      715       652       46844     131       189       0         0         0         0         0         
2      888       905       46844     290       290       0         0         0         0         0         
1      772       61        46844     290       98        0         0         0         0         0         
1      736       1107      46845     131       291       0         0         0         0         0         
2      214       213       46845     207       266       0         0         0         0         0         
2      62        390       46845     98        52        0         0         0         0         0         
1      848       781       46845     291       291       0         0         0         0         0         
2      834       949       46845     290       290       0         0         0         0         0         
3      62        390       46845     98        52        0         0         0         0         0         
1      458       46        46845     52        98        0         0         0         0         0         
3      80        247       46845     98        266       0         0         0         0         0         
1      757       851       46846     131       291       0         0         0         0         0         
1      1086      1068      46846     291       291       0         0         0         0         0         
1      391       1433      46846     52        129       0         0         0         0         0         
1      926       883       46846     290       290       0         0         0         0         0         
1      969       461       46846     290       189       0         0         0         0         0         
1      768       645       46847     290       280       0         0         0         0         0         
1      551       645       46847     189       280       0         0         0         0         0         
2      373       180       46847     119       178       0         0         0         0         0         
1      327       48        46847     299       98        0         0         0         0         0         
1      642       826       46847     131       291       0         0         0         0         0         
1      698       557       46847     189       189       0         0         0         0         0         
1      392       141       46848     52        54        0         0         0         0         0         
1      236       294       46848     87        87        0         0         0         0         0         
1      389       212       46848     299       266       0         0         0         0         0         
1      1068      1066      46848     291       291       0         0         0         0         0         
1      216       98        46848     178       98        0         0         0         0         0         
2      760       909       46848     291       290       0         0         0         0         0         
1      549       644       46848     52        131       0         0         0         0         0         
1      1115      1171      46849     84        192       0         0         0         0         0         
1      795       804       46849     290       291       0         0         0         0         0         
2      352       461       46849     119       189       0         0         0         0         0         
2      850       1023      46849     291       291       0         0         0         0         0         
2      568       870       46849     52        291       0         0         0         0         0         
1      306       668       46849     299       280       0         0         0         0         0         
1      607       464       46849     189       168       0         0         0         0         0         
1      747       863       46849     290       290       0         0         0         0         0         
1      981       1046      46849     291       291       0         0         0         0         0         
1      438       669       46850     100       280       0         0         0         0         0         
1      452       778       46850     52        131       0         0         0         0         0         
2      1168      981       46850     291       291       0         0         0         0         0         
1      937       1090      46850     291       291       0         0         0         0         0         
1      716       735       46850     189       131       0         0         0         0         0         
3      782       984       46850     291       291       0         0         0         0         0         
2      782       984       46850     291       291       0         0         0         0         0         
1      746       504       46850     290       52        0         0         0         0         0         
2      925       1032      46851     290       84        0         0         0         0         0         
2      969       836       46851     290       290       0         0         0         0         0         
1      980       759       46851     291       131       0         0         0         0         0         
1      556       305       46851     199       299       0         0         0         0         0         
3      925       1032      46851     290       84        0         0         0         0         0         
2      460       62        46851     189       98        0         0         0         0         0         
1      531       647       46851     189       280       0         0         0         0         0         
1      1119      484       46851     84        189       0         0         0         0         0         
1      366       510       46851     299       199       0         0         0         0         0         
1      960       793       46851     291       290       0         0         0         0         0         
1      287       176       46852     299       174       0         0         0         0         0         
1      834       720       46852     290       290       0         0         0         0         0         
1      293       409       46852     87        52        0         0         0         0         0         
3      738       1054      46852     189       84        0         0         0         0         0         
2      738       1054      46852     189       84        0         0         0         0         0         
1      621       646       46853     280       280       0         0         0         0         0         
2      509       331       46853     199       127       0         0         0         0         0         
3      47        64        46853     98        98        0         0         0         0         0         
3      47        64        46853     98        98        0         0         0         0         0         
1      643       118       46853     131       286       0         0         0         0         0         
1      621       702       46853     280       290       0         0         0         0         0         
1      737       305       46853     189       299       0         0         0         0         0         
2      484       717       46853     189       189       0         0         0         0         0         
1      272       417       46854     127       100       0         0         0         0         0         
1      436       621       46854     100       280       0         0         0         0         0         
1      835       557       46854     290       189       0         0         0         0         0         
1      456       286       46854     52        299       0         0         0         0         0         
1      136       285       46854     286       299       0         0         0         0         0         
1      333       457       46854     119       52        0         0         0         0         0         
1      556       724       46855     199       290       0         0         0         0         0         
1      722       863       46855     290       290       0         0         0         0         0         
1      873       1021      46855     291       291       0         0         0         0         0         
2      578       437       46855     189       100       0         0         0         0         0         
3      578       437       46855     189       100       0         0         0         0         0         
1      35        670       46855     98        280       0         0         0         0         0         
1      377       272       46855     168       127       0         0         0         0         0         
2      791       827       46855     290       291       0         0         0         0         0         
1      608       676       46856     189       189       0         0         0         0         0         
1      389       526       46856     299       52        0         0         0         0         0         
1      436       718       46856     100       189       0         0         0         0         0         
1      527       715       46856     52        131       0         0         0         0         0         
1      1087      651       46856     291       189       0         0         0         0         0         
3      666       715       46856     131       131       0         0         0         0         0         
3      666       715       46856     131       131       0         0         0         0         0         
3      671       894       46857     280       291       0         0         0         0         0         
2      991       905       46857     290       290       0         0         0         0         0         
1      1090      1174      46857     291       129       0         0         0         0         0         
1      523       419       46857     52        168       0         0         0         0         0         
2      484       858       46857     189       290       0         0         0         0         0         
2      742       800       46857     290       131       0         0         0         0         0         
2      535       174       46858     189       266       0         0         0         0         0         
1      983       827       46858     291       291       0         0         0         0         0         
1      906       860       46858     290       290       0         0         0         0         0         
1      212       335       46858     266       119       0         0         0         0         0         
1      874       709       46858     291       131       0         0         0         0         0         
1      189       231       46858     286       266       0         0         0         0         0         
1      884       865       46859     290       290       0         0         0         0         0         
1      719       389       46859     189       299       0         0         0         0         0         
1      307       393       46859     127       52        0         0         0         0         0         
1      171       668       46859     286       280       0         0         0         0         0         
