COLUMNS

passenger_count
pickup_ID
dropoff_ID
ready_time_sec
pickup_district
dropoff_district
LDuals
IDuals
vehicle_ID
pick_position
drop_position

REQUESTS_INFO
1      674       557       50173     189       189       444.727   444.727   0         1         2         
1      549       673       50201     52        189       383.603   383.603   5         1         2         
1      885       353       50145     290       119       428.07    428.07    13        1         3         
1      721       947       50073     290       290       538.8     538.8     23        1         3         
1      692       522       50210     280       52        385.8     385.8     26        1         3         
1      772       768       50197     290       290       371.07    371.07    29        1         4         
1      374       20        50167     119       98        329       329       33        1         3         
1      1016      1137      50201     84        84        384       384       35        1         2         
1      627       528       50100     189       52        494.603   494.603   38        1         3         
1      827       675       50161     291       189       473.795   473.795   42        1         3         
3      420       376       49924     168       168       662       662       44        1         2         
1      693       527       50098     280       52        491.8     491.8     50        1         2         
3      438       532       50169     100       199       384.603   384.603   54        1         3         
3      1025      925       50163     291       290       447       447       57        1         2         
1      457       304       50155     52        299       357.603   357.603   58        1         3         
1      982       1355      50180     291       129       390.9     390.9     64        1         3         
1      507       573       50169     189       189       427.603   427.603   65        1         3         
1      416       743       50190     100       290       320.603   320.603   72        1         3         
1      721       1244      50164     290       192       320       320       75        1         4         
1      981       676       50162     291       189       427.9     427.9     88        1         3         
1      356       413       50182     119       52        339       339       89        1         2         
2      622       488       50129     280       199       511.603   511.603   91        1         3         
1      916       677       50193     291       189       334.8     334.8     93        1         4         
1      728       1100      50075     290       84        569.864   569.864   96        1         3         
1      536       20        50200     189       98        395       395       97        1         3         
1      860       915       50184     290       291       416.07    416.07    102       1         3         
1      553       675       50186     189       189       416.603   416.603   108       1         3         
1      627       1176      50202     189       129       343.8     343.8     114       1         4         
1      296       309       50157     277       127       341       341       117       1         2         
3      436       527       50025     100       52        491.603   491.603   122       1         2         
1      719       993       50031     189       84        304       304       124       1         4         
2      581       695       50158     189       189       483.346   483.346   126       1         2         
3      598       536       50101     189       189       547.603   547.603   127       1         2         
2      629       926       50077     189       290       577.864   577.864   129       1         3         
2      629       702       50051     189       290       605.864   605.864   135       1         3         
2      31        387       50081     9         299       299       299       137       1         2         
4      499       508       50157     52        199       350.603   350.603   141       1         2         
2      390       289       50203     52        127       295       295       142       1         2         
1      1087      1131      50215     291       291       366       366       150       1         2         
1      213       356       50194     266       119       165       165       159       1         3         
1      959       1208      50103     291       192       512.9     512.9     162       1         4         
1      397       526       50165     168       52        260       260       166       1         3         
1      532       756       50199     199       131       419.603   419.603   168       1         3         
2      460       171       50138     189       286       418       418       171       1         4         
1      443       527       50175     168       52        399.603   399.603   172       1         2         
1      836       744       50207     290       290       387.07    387.07    173       1         3         
1      78        431       50153     9         52        153       153       179       1         2         
3      1045      1087      50120     291       291       476       476       180       1         2         
2      739       850       49984     189       291       624.727   624.727   181       1         2         
1      716       526       50197     189       52        431.8     431.8     203       1         3         
1      212       216       50159     266       178       192       192       207       1         2         
1      700       310       50213     290       127       368.727   368.727   209       1         4         
2      483       603       50219     189       189       364.603   364.603   210       1         2         
1      691       757       50153     131       131       385.825   385.825   216       1         3         
1      172       171       50217     286       286       127       127       219       1         2         
2      504       431       50217     52        52        364.603   364.603   221       1         4         
1      766       904       50194     290       290       389.8     389.8     224       1         3         
3      438       742       50077     100       290       431       431       230       1         3         
3      782       915       50014     291       291       635.8     635.8     233       1         2         
1      504       647       50177     52        280       404.603   404.603   236       1         2         
1      439       480       50178     189       52        267       267       237       1         3         
2      760       670       50137     291       280       494.727   494.727   238       1         3         
2      1342      1263      50050     129       192       432       432       240       1         2         
2      766       838       50210     290       290       401.864   401.864   241       1         3         
3      576       392       50161     189       52        453.603   453.603   251       1         3         
1      885       771       50094     290       290       479.07    479.07    256       1         4         
1      575       575       50211     189       189       418.603   418.603   258       1         2         
3      463       350       50170     168       127       428       428       263       1         3         
1      732       616       50161     131       131       400.825   400.825   269       1         2         
1      35        351       50174     98        52        172       172       271       1         2         
1      1022      1043      50055     291       291       527       527       276       1         2         
1      1047      874       50103     291       291       478       478       279       1         3         
1      600       718       50205     280       189       427.603   427.603   280       1         2         
1      718       698       50168     189       189       432.727   432.727   281       1         2         
3      652       553       50099     189       189       539.864   539.864   283       1         2         
3      463       350       50170     168       127       428       428       284       1         2         
1      532       650       50138     199       189       480.603   480.603   285       1         2         
1      755       602       50151     131       189       426.825   426.825   286       1         3         
2      549       719       50198     52        189       386.603   386.603   291       1         3         
1      621       430       50211     280       52        402.603   402.603   301       1         3         
1      758       546       50162     131       52        477.795   477.795   307       1         2         
1      723       947       50177     290       290       462.817   462.817   309       1         3         
1      618       578       50002     131       189       580.429   580.429   310       1         2         
1      559       376       50142     189       168       498.603   498.603   313       1         3         
1      732       626       49956     131       189       636.8     636.8     314       1         2         
1      665       1264      49967     131       192       650.8     650.8     315       1         3         
1      643       411       50163     131       52        434.429   434.429   316       1         3         
3      1338      1208      50149     129       192       325       325       325       1         2         
3      555       443       50215     199       168       417.603   417.603   326       1         2         
2      836       1218      50210     290       84        390.07    390.07    327       1         2         
3      813       924       50110     290       290       532.07    532.07    334       1         2         
1      443       581       50203     168       189       371.603   371.603   338       1         2         
1      620       527       50049     131       52        580.603   580.603   340       1         2         
1      717       527       49914     189       52        717.8     717.8     343       1         2         
1      578       699       50088     189       290       409.8     409.8     347       1         3         
2      860       969       50077     290       290       528.07    528.07    348       1         2         
1      580       697       50131     189       189       503.346   503.346   349       1         3         
1      697       745       50170     189       290       402       402       351       1         3         
1      1098      972       50173     84        290       327       327       354       1         2         
1      1087      1065      50160     291       291       421       421       356       1         3         
1      925       888       50100     290       290       471.07    471.07    358       1         3         
2      721       791       50200     290       290       439.864   439.864   362       1         4         
1      850       693       50166     291       280       473.795   473.795   364       1         2         
2      972       1032      50198     290       84        345       345       371       1         2         
3      648       580       50077     189       189       540.727   540.727   374       1         3         
1      336       632       50074     277       189       458       458       378       1         2         
1      314       399       50178     119       168       310       310       379       1         2         
1      625       483       50182     189       189       454.825   454.825   392       1         2         
3      627       556       50162     189       199       479.727   479.727   404       1         3         
1      718       946       50193     189       290       375.8     375.8     405       1         4         
1      1091      673       50116     291       189       465       465       406       1         3         
1      441       308       50078     168       127       496       496       409       1         2         
2      804       1002      50027     291       291       623.795   623.795   411       1         2         
1      630       722       50213     189       290       422.346   422.346   417       1         2         
3      621       698       50214     280       189       422.603   422.603   420       1         2         
1      392       679       50086     52        290       431       431       421       1         2         
1      433       233       50142     52        206       229       229       426       1         3         
1      973       925       50160     84        290       406       406       429       1         2         
1      770       535       50108     290       189       536.864   536.864   431       1         2         
1      649       130       50033     189       178       610.727   610.727   435       1         3         
1      237       275       50197     87        87        178       178       436       1         2         
1      671       1207      50204     280       192       382.8     382.8     443       1         2         
1      983       759       50199     291       131       390.9     390.9     444       1         3         
1      526       891       50206     52        291       353.603   353.603   445       1         3         
2      440       531       50086     168       189       472       472       446       1         2         
1      313       357       50130     87        277       355       355       456       1         2         
2      550       718       49895     189       189       684.603   684.603   459       1         3         
1      416       285       50213     100       299       233       233       471       1         3         
2      700       747       50044     290       290       629.864   629.864   473       1         4         
1      535       698       50091     189       189       521.603   521.603   474       1         3         
1      852       1021      50164     291       291       455.795   455.795   476       1         3         
1      435       357       50070     52        277       467       467       492       1         2         
2      849       485       49911     291       189       808.795   808.795   493       1         2         
1      983       652       50049     291       189       540.9     540.9     495       1         3         
1      580       440       50145     189       168       499.467   499.467   499       1         3         
4      962       912       49956     291       291       664.78    664.78    501       1         2         
1      883       790       50094     290       290       229       229       505       1         4         
1      1066      1001      50212     291       291       367       367       509       1         3         
1      604       232       50092     189       266       380       380       511       1         3         
1      742       650       50159     290       189       231       231       514       1         4         
1      1068      1150      50084     291       291       526       526       529       1         3         
1      600       624       50160     280       189       472.603   472.603   537       1         3         
1      625       569       49997     189       52        635.603   635.603   538       1         3         
3      778       1043      50049     131       291       564.8     564.8     543       1         2         
1      545       189       50175     52        286       411       411       550       1         3         
2      1149      794       50070     291       290       469       469       552       1         2         
1      555       481       49958     199       189       662.603   662.603   554       1         3         
2      275       392       50208     87        52        227       227       556       1         2         
1      618       393       50199     131       52        386.603   386.603   562       1         3         
1      842       838       50193     290       290       419.07    419.07    565       1         2         
3      438       532       50169     100       199       384.603   384.603   571       1         2         
1      1023      698       50193     291       189       399       399       578       1         4         
1      484       334       50173     189       119       378       378       580       1         3         
1      970       788       50149     290       290       352.07    352.07    582       1         3         
1      715       905       50199     131       290       418.8     418.8     585       1         3         
2      533       437       50031     199       100       607.603   607.603   588       1         2         
1      534       782       50184     199       291       431.603   431.603   593       1         2         
3      838       654       50165     290       189       469.07    469.07    596       1         3         
2      946       924       50183     290       290       381.07    381.07    606       1         2         
2      649       699       50119     189       290       530.391   530.391   607       1         3         
1      717       698       49978     189       189       645.727   645.727   608       1         2         
1      827       984       50116     291       291       518.795   518.795   614       1         3         
1      1069      418       50199     291       168       417       417       618       1         3         
2      883       749       50064     290       290       525.07    525.07    619       1         2         
1      419       250       50128     168       127       457       457       621       1         3         
1      926       839       50094     290       290       475.07    475.07    631       1         3         
3      440       554       50189     168       189       369       369       633       1         3         
1      795       837       50197     290       290       419.07    419.07    638       1         2         
1      908       1388      50103     290       129       499.07    499.07    642       1         3         
2      633       557       50073     189       189       548.727   548.727   645       1         2         
4      645       759       50121     280       131       509.429   509.429   646       1         2         
1      667       615       50124     131       131       501.8     501.8     650       1         3         
3      483       698       49888     189       189       695.603   695.603   653       1         2         
1      608       841       50039     189       290       608.727   608.727   657       1         2         
1      907       679       50086     290       290       512.07    512.07    661       1         3         
3      782       915       50014     291       291       635.8     635.8     665       1         3         
1      549       804       49990     52        291       594.603   594.603   671       1         2         
2      837       906       50051     290       290       559.07    559.07    677       1         3         
2      693       96        49894     280       9         695.8     695.8     681       1         3         
2      811       698       50157     290       189       469.07    469.07    690       1         2         
3      372       627       50205     119       189       304       304       698       1         3         
1      575       452       50211     189       52        418.603   418.603   700       1         2         
1      535       534       50047     189       199       565.603   565.603   701       1         3         
3      509       720       49956     199       290       658.603   658.603   706       1         3         
3      598       507       50070     189       189       578.603   578.603   709       1         3         
3      476       457       50148     52        52        395       395       710       1         2         
1      630       679       50161     189       290       479.727   479.727   715       1         2         
4      812       408       50161     290       299       451.07    451.07    716       1         2         
1      717       553       50169     189       189       462.8     462.8     728       1         4         
1      632       788       50209     189       290       419.93    419.93    729       1         3         
1      758       595       50102     131       131       537.795   537.795   739       1         2         
1      738       628       50187     189       189       415.8     415.8     741       1         2         
1      508       627       50108     199       189       335       335       742       1         3         
1      1137      1077      50206     84        84        268       268       748       1         3         
1      522       387       50212     52        299       322.603   322.603   756       1         2         
1      679       748       50096     290       290       542.261   542.261   759       1         2         
1      760       984       50179     291       291       454.8     454.8     761       1         3         
2      276       352       50022     87        119       411       411       763       1         2         
1      649       36        50133     189       98        510.727   510.727   771       1         3         
1      746       782       50153     290       291       489.864   489.864   776       1         4         
1      909       679       50188     290       290       409       409       795       1         2         
2      717       555       50015     189       199       616.8     616.8     796       1         2         
1      1234      990       50036     129       290       409       409       802       1         3         
1      717       347       50218     189       299       413.8     413.8     806       1         2         
1      693       308       50091     280       127       498.8     498.8     808       1         2         
3      649       506       50053     189       189       596.391   596.391   811       1         3         
1      652       788       50170     189       290       436.727   436.727   826       1         4         
1      791       654       50115     290       189       530.07    530.07    833       1         2         
1      664       502       50142     131       52        418.603   418.603   836       1         3         
1      1065      607       50204     291       189       382       382       844       1         2         
3      668       626       50168     280       189       460.8     460.8     857       1         2         
1      748       972       50188     290       290       192       192       859       1         4         
3      598       536       50101     189       189       547.603   547.603   866       1         2         
1      718       507       50189     189       189       251       251       868       1         4         
1      549       116       50201     52        9         375.603   375.603   872       1         3         
1      439       532       50210     189       199       316.603   316.603   875       1         3         
1      827       914       50192     291       291       280       280       883       1         2         
1      464       533       50113     168       199       481       481       885       1         2         
2      580       78        50161     189       9         455.346   455.346   886       1         3         
1      895       1091      50094     291       291       461.9     461.9     887       1         3         
1      914       804       50153     291       291       464.795   464.795   888       1         2         
3      721       791       50200     290       290       439.864   439.864   902       1         3         
1      418       473       50145     168       52        427.603   427.603   908       1         2         
1      549       624       50142     52        189       442.603   442.603   912       1         2         
1      724       574       49942     290       189       404       404       915       1         4         
3      460       171       50138     189       286       437       437       923       1         2         
2      576       392       50161     189       52        453.603   453.603   926       1         3         
2      441       675       50172     168       189       402       402       928       1         2         
1      627       600       50120     189       280       474.603   474.603   930       1         3         
3      1045      1087      50120     291       291       476       476       931       1         2         
1      509       698       50146     199       189       468.603   468.603   934       1         2         
1      790       789       50196     290       290       415.07    415.07    936       1         2         
1      653       646       50204     189       280       432.727   432.727   944       1         3         
2      418       626       49958     168       189       614.603   614.603   958       1         3         
1      549       834       50102     52        290       482.603   482.603   959       1         4         
1      1131      850       50181     291       291       385       385       967       1         2         
1      1193      749       50203     129       290       323       323       972       1         3         
1      928       795       50103     290       290       463.07    463.07    975       1         4         
1      960       837       49984     291       290       350       350       980       1         3         
1      441       527       50158     168       52        416       416       984       1         3         
1      395       275       50219     100       87        249       249       986       1         3         
1      459       308       50200     189       127       294       294       991       1         3         
1      476       314       50110     52        119       433       433       992       1         2         
1      778       1211      50202     131       129       410       410       995       1         3         
3      353       308       50100     119       127       384       384       1010      1         3         
3      652       692       49831     189       280       807.864   807.864   1011      1         2         
2      625       557       50047     189       189       566.346   566.346   1014      1         2         
2      737       527       50217     189       52        383.8     383.8     1022      1         4         
1      838       815       50174     290       290       454.07    454.07    1023      1         4         
1      277       650       50161     87        189       279       279       1024      1         3         
4      529       513       50191     189       199       397.603   397.603   1028      1         2         
3      728       597       50115     290       131       529.864   529.864   1029      1         3         
1      626       870       50212     189       291       352.8     352.8     1033      1         4         
1      646       550       50108     280       189       498.825   498.825   1035      1         3         
2      386       116       50197     299       9         261       261       1037      1         2         
2      486       552       50045     199       189       556.603   556.603   1042      1         4         
1      842       859       50191     290       290       421.07    421.07    1048      1         5         
2      812       463       50195     290       168       275.603   275.603   1051      1         3         
1      557       313       50208     189       87        306       306       1057      1         3         
3      698       811       50075     189       290       579.727   579.727   1059      1         2         
2      728       597       50115     290       131       529.864   529.864   1062      1         2         
1      696       738       50067     189       189       549.727   549.727   1065      1         2         
1      507       408       50108     189       299       488.603   488.603   1068      1         3         
4      1014      1218      50134     84        84        417       417       1069      1         2         
1      1172      1024      50068     129       291       502       502       1072      1         2         
1      549       738       50218     52        189       366.603   366.603   1074      1         3         
1      570       688       50104     52        131       468.603   468.603   1092      1         3         
1      48        161       50196     98        178       98        98        1093      1         3         
1      849       802       49993     291       291       709.625   709.625   0         0         0         
1      678       726       50094     290       290       561.93    561.93    0         0         0         
1      891       804       50101     291       291       552.914   552.914   0         0         0         
1      849       940       50105     291       291       547.828   547.828   0         0         0         
3      709       134       50111     131       9         540.286   540.286   0         0         0         
3      804       574       50113     291       189       537.795   537.795   0         0         0         
1      804       694       50115     291       189       535.315   535.315   0         0         0         
3      649       699       50119     189       290       530.391   530.391   0         0         0         
3      720       530       50122     290       189       526.727   526.727   0         0         0         
3      720       530       50122     290       189       526.727   526.727   0         0         0         
3      701       337       50134     290       277       512.324   512.324   0         0         0         
1      596       344       50135     131       299       511.141   511.141   0         0         0         
1      700       526       50142     290       52        502.941   502.941   0         0         0         
4      914       653       50143     291       189       501.78    501.78    0         0         0         
4      579       780       50157     189       291       485.809   485.809   0         0         0         
1      602       393       50164     189       52        478.015   478.015   0         0         0         
1      581       738       50171     189       189       470.346   470.346   0         0         0         
1      702       814       50172     290       290       469.261   469.261   0         0         0         
2      700       651       50178     290       189       462.8     462.8     0         0         0         
1      735       669       50178     131       280       462.8     462.8     0         0         0         
3      700       651       50178     290       189       462.8     462.8     0         0         0         
4      675       696       50179     189       189       461.732   461.732   0         0         0         
1      559       749       50181     189       290       459.603   459.603   0         0         0         
3      602       438       50181     189       100       459.603   459.603   0         0         0         
3      602       438       50181     189       100       459.603   459.603   0         0         0         
1      602       136       50183     189       286       457.484   457.484   0         0         0         
1      598       929       50184     189       290       456.429   456.429   0         0         0         
2      698       650       50184     189       189       456.429   456.429   0         0         0         
1      700       720       50186     290       290       454.324   454.324   0         0         0         
1      804       813       50187     291       290       453.276   453.276   0         0         0         
1      749       394       50192     290       100       448.07    448.07    0         0         0         
1      725       10        50198     290       98        441.901   441.901   0         0         0         
1      578       480       50203     189       52        436.825   436.825   0         0         0         
1      870       734       50203     291       131       436.825   436.825   0         0         0         
1      723       859       50204     290       290       435.817   435.817   0         0         0         
1      723       837       50205     290       290       434.811   434.811   0         0         0         
2      598       82        50211     189       98        428.825   428.825   0         0         0         
3      896       882       50216     291       290       423.9     423.9     0         0         0         
1      649       230       50219     189       266       420.972   420.972   0         0         0         
1      782       1064      50220     291       291       0         0         0         0         0         
1      927       834       50220     290       290       0         0         0         0         0         
1      651       79        50220     189       98        0         0         0         0         0         
1      534       676       50220     199       189       0         0         0         0         0         
3      766       885       50221     290       290       0         0         0         0         0         
2      766       885       50221     290       290       0         0         0         0         0         
1      865       749       50221     290       290       0         0         0         0         0         
1      675       772       50221     189       290       0         0         0         0         0         
1      742       551       50222     290       189       0         0         0         0         0         
1      675       693       50223     189       280       0         0         0         0         0         
1      1192      1265      50223     129       192       0         0         0         0         0         
1      984       947       50223     291       290       0         0         0         0         0         
1      392       414       50223     52        100       0         0         0         0         0         
1      444       272       50223     168       127       0         0         0         0         0         
2      443       248       50224     168       266       0         0         0         0         0         
3      443       248       50224     168       266       0         0         0         0         0         
1      722       702       50224     290       290       0         0         0         0         0         
1      509       557       50224     199       189       0         0         0         0         0         
1      388       388       50224     299       299       0         0         0         0         0         
1      526       644       50224     52        131       0         0         0         0         0         
1      247       175       50225     266       266       0         0         0         0         0         
2      760       757       50225     291       131       0         0         0         0         0         
1      720       724       50225     290       290       0         0         0         0         0         
1      837       627       50226     290       189       0         0         0         0         0         
2      1208      1140      50226     192       84        0         0         0         0         0         
3      1208      1140      50226     192       84        0         0         0         0         0         
1      654       550       50226     189       189       0         0         0         0         0         
1      276       603       50226     87        189       0         0         0         0         0         
1      699       645       50227     290       280       0         0         0         0         0         
1      742       1032      50228     290       84        0         0         0         0         0         
2      555       759       50228     199       131       0         0         0         0         0         
3      536       527       50228     189       52        0         0         0         0         0         
1      556       480       50228     199       52        0         0         0         0         0         
1      673       393       50228     189       52        0         0         0         0         0         
1      116       229       50228     9         266       0         0         0         0         0         
1      649       545       50229     189       52        0         0         0         0         0         
1      675       745       50229     189       290       0         0         0         0         0         
2      475       668       50229     52        280       0         0         0         0         0         
1      390       603       50229     52        189       0         0         0         0         0         
1      159       97        50230     54        9         0         0         0         0         0         
1      862       903       50230     290       290       0         0         0         0         0         
1      521       555       50230     52        199       0         0         0         0         0         
1      117       848       50231     286       291       0         0         0         0         0         
2      1087      737       50231     291       189       0         0         0         0         0         
1      576       597       50231     189       131       0         0         0         0         0         
1      602       439       50231     189       189       0         0         0         0         0         
1      1032      1074      50231     84        84        0         0         0         0         0         
1      609       534       50231     189       199       0         0         0         0         0         
1      462       572       50232     189       131       0         0         0         0         0         
1      475       663       50232     52        131       0         0         0         0         0         
1      21        103       50232     98        57        0         0         0         0         0         
1      371       91        50232     52        178       0         0         0         0         0         
2      557       576       50232     189       189       0         0         0         0         0         
1      553       97        50232     189       9         0         0         0         0         0         
1      981       1044      50232     291       291       0         0         0         0         0         
1      372       436       50232     119       100       0         0         0         0         0         
1      770       487       50232     290       199       0         0         0         0         0         
1      208       393       50232     286       52        0         0         0         0         0         
1      883       883       50233     290       290       0         0         0         0         0         
3      769       781       50233     290       291       0         0         0         0         0         
1      393       371       50233     52        52        0         0         0         0         0         
1      415       535       50233     100       189       0         0         0         0         0         
1      883       883       50233     290       290       0         0         0         0         0         
1      508       1032      50234     199       84        0         0         0         0         0         
2      304       413       50234     299       52        0         0         0         0         0         
2      197       438       50234     178       100       0         0         0         0         0         
3      197       438       50234     178       100       0         0         0         0         0         
1      331       236       50235     127       87        0         0         0         0         0         
1      334       196       50236     119       178       0         0         0         0         0         
1      760       670       50236     291       280       0         0         0         0         0         
1      549       668       50236     52        280       0         0         0         0         0         
1      549       344       50236     52        299       0         0         0         0         0         
4      189       698       50236     286       189       0         0         0         0         0         
2      368       276       50237     299       87        0         0         0         0         0         
3      368       276       50237     299       87        0         0         0         0         0         
1      9         78        50237     98        9         0         0         0         0         0         
1      527       604       50237     52        189       0         0         0         0         0         
1      521       621       50237     52        280       0         0         0         0         0         
1      651       650       50237     189       189       0         0         0         0         0         
1      647       992       50238     280       290       0         0         0         0         0         
3      373       526       50238     119       52        0         0         0         0         0         
2      373       526       50238     119       52        0         0         0         0         0         
3      760       702       50238     291       290       0         0         0         0         0         
2      760       702       50238     291       290       0         0         0         0         0         
1      184       510       50239     87        199       0         0         0         0         0         
1      816       1120      50239     290       84        0         0         0         0         0         
1      351       413       50239     52        52        0         0         0         0         0         
1      694       1032      50239     189       84        0         0         0         0         0         
2      726       772       50239     290       290       0         0         0         0         0         
3      726       772       50239     290       290       0         0         0         0         0         
1      580       504       50239     189       52        0         0         0         0         0         
4      906       908       50240     290       290       0         0         0         0         0         
1      580       248       50240     189       266       0         0         0         0         0         
2      557       462       50240     189       189       0         0         0         0         0         
1      217       234       50240     87        87        0         0         0         0         0         
1      811       859       50240     290       290       0         0         0         0         0         
1      694       655       50240     189       189       0         0         0         0         0         
1      768       840       50240     290       290       0         0         0         0         0         
1      171       62        50241     286       98        0         0         0         0         0         
3      435       455       50241     52        52        0         0         0         0         0         
1      990       464       50241     290       168       0         0         0         0         0         
1      717       721       50242     189       290       0         0         0         0         0         
1      551       696       50242     189       189       0         0         0         0         0         
2      624       606       50242     189       189       0         0         0         0         0         
2      508       622       50243     199       280       0         0         0         0         0         
1      947       767       50243     290       290       0         0         0         0         0         
1      509       579       50243     199       189       0         0         0         0         0         
1      604       462       50243     189       189       0         0         0         0         0         
3      347       346       50244     299       299       0         0         0         0         0         
3      347       346       50244     299       299       0         0         0         0         0         
2      531       399       50244     189       168       0         0         0         0         0         
3      651       696       50245     189       189       0         0         0         0         0         
2      651       696       50245     189       189       0         0         0         0         0         
1      329       527       50245     127       52        0         0         0         0         0         
1      250       601       50246     127       189       0         0         0         0         0         
1      1047      813       50246     291       290       0         0         0         0         0         
1      604       860       50246     189       290       0         0         0         0         0         
1      860       906       50246     290       290       0         0         0         0         0         
1      668       527       50246     280       52        0         0         0         0         0         
1      504       686       50246     52        131       0         0         0         0         0         
1      906       1074      50246     290       84        0         0         0         0         0         
1      328       632       50247     299       189       0         0         0         0         0         
1      331       291       50247     127       87        0         0         0         0         0         
1      828       790       50248     291       290       0         0         0         0         0         
1      969       766       50248     290       290       0         0         0         0         0         
1      483       533       50248     189       199       0         0         0         0         0         
3      794       1045      50248     290       291       0         0         0         0         0         
2      794       1045      50248     290       291       0         0         0         0         0         
1      62        527       50249     98        52        0         0         0         0         0         
1      533       626       50249     199       189       0         0         0         0         0         
3      549       1107      50249     52        291       0         0         0         0         0         
