COLUMNS

vehicle_ID
capacity
depart_Time
end_Time
depart_ID
sink_ID
zone_ID

VEHICLES_INFO
   0 4 0 90000  997  997   4
   1 4 0 90000  762  762   4
   2 4 0 90000  956  956   4
   3 4 0 90000  388  388   4
   4 4 0 90000  956  956   4
   5 4 0 90000  388  388   4
   6 4 0 90000  997  997   4
   7 4 0 90000  997  997   4
   8 4 0 90000   37   37  13
   9 4 0 90000  280  280  13
  10 4 0 90000  271  271  13
  11 4 0 90000  280  280  13
  12 4 0 90000  280  280  13
  13 4 0 90000   37   37  13
  14 4 0 90000  765  765  13
  15 4 0 90000   37   37  13
  16 4 0 90000   37   37  13
  17 4 0 90000   37   37  13
  18 4 0 90000 1067 1067  13
  19 4 0 90000 1066 1066  13
  20 4 0 90000   37   37  13
  21 4 0 90000 1067 1067  13
  22 4 0 90000  271  271  13
  23 4 0 90000 1001 1001  13
  24 4 0 90000   37   37  13
  25 4 0 90000  271  271  13
  26 4 0 90000 1001 1001  13
  27 4 0 90000  765  765  13
  28 4 0 90000 1066 1066  13
  29 4 0 90000 1066 1066  13
  30 4 0 90000  890  890  24
  31 4 0 90000    3    3  24
  32 4 0 90000    1    1  24
  33 4 0 90000    3    3  24
  34 4 0 90000  890  890  24
  35 4 0 90000  891  891  24
  36 4 0 90000    4    4  24
  37 4 0 90000    1    1  24
  38 4 0 90000  890  890  24
  39 4 0 90000  876  876  24
  40 4 0 90000  876  876  24
  41 4 0 90000  752  752  41
  42 4 0 90000   71   71  41
  43 4 0 90000  294  294  41
  44 4 0 90000  820  820  41
  45 4 0 90000  847  847  41
  46 4 0 90000  807  807  41
  47 4 0 90000  295  295  41
  48 4 0 90000 1060 1060  42
  49 4 0 90000   58   58  42
  50 4 0 90000  459  459  42
  51 4 0 90000 1023 1023  43
  52 4 0 90000  545  545  43
  53 4 0 90000  310  310  43
  54 4 0 90000 1023 1023  43
  55 4 0 90000  310  310  43
  56 4 0 90000  682  682  43
  57 4 0 90000   49   49  43
  58 4 0 90000   56   56  43
  59 4 0 90000   49   49  43
  60 4 0 90000   65   65  43
  61 4 0 90000  687  687  43
  62 4 0 90000   65   65  43
  63 4 0 90000 1034 1034  45
  64 4 0 90000  507  507  45
  65 4 0 90000   93   93  45
  66 4 0 90000   93   93  45
  67 4 0 90000 1034 1034  45
  68 4 0 90000  950  950  45
  69 4 0 90000 1063 1063  45
  70 4 0 90000   93   93  45
  71 4 0 90000  642  642  48
  72 4 0 90000  417  417  48
  73 4 0 90000  460  460  48
  74 4 0 90000  579  579  48
  75 4 0 90000  458  458  48
  76 4 0 90000  960  960  48
  77 4 0 90000  642  642  48
  78 4 0 90000  457  457  48
  79 4 0 90000  190  190  48
  80 4 0 90000  417  417  48
  81 4 0 90000  959  959  48
  82 4 0 90000  641  641  48
  83 4 0 90000  373  373  48
  84 4 0 90000  642  642  48
  85 4 0 90000  579  579  48
  86 4 0 90000  461  461  48
  87 4 0 90000  457  457  48
  88 4 0 90000  579  579  48
  89 4 0 90000  191  191  48
  90 4 0 90000  457  457  48
  91 4 0 90000  191  191  48
  92 4 0 90000  579  579  48
  93 4 0 90000  369  369  48
  94 4 0 90000  637  637  48
  95 4 0 90000  959  959  48
  96 4 0 90000  457  457  48
  97 4 0 90000  642  642  48
  98 4 0 90000  641  641  48
  99 4 0 90000  641  641  48
 100 4 0 90000  377  377  48
 101 4 0 90000  373  373  48
 102 4 0 90000  959  959  48
 103 4 0 90000  417  417  48
 104 4 0 90000  637  637  48
 105 4 0 90000  371  371  48
 106 4 0 90000  461  461  48
 107 4 0 90000  763  763  48
 108 4 0 90000  763  763  48
 109 4 0 90000  637  637  48
 110 4 0 90000  579  579  48
 111 4 0 90000  371  371  48
 112 4 0 90000  641  641  48
 113 4 0 90000  375  375  50
 114 4 0 90000  368  368  50
 115 4 0 90000 1051 1051  50
 116 4 0 90000  367  367  50
 117 4 0 90000  366  366  50
 118 4 0 90000  374  374  50
 119 4 0 90000  370  370  50
 120 4 0 90000  366  366  50
 121 4 0 90000  366  366  50
 122 4 0 90000  374  374  50
 123 4 0 90000  367  367  50
 124 4 0 90000  376  376  50
 125 4 0 90000  958  958  68
 126 4 0 90000  635  635  68
 127 4 0 90000  958  958  68
 128 4 0 90000  621  621  68
 129 4 0 90000  363  363  68
 130 4 0 90000  580  580  68
 131 4 0 90000  635  635  68
 132 4 0 90000  805  805  68
 133 4 0 90000  635  635  68
 134 4 0 90000  635  635  68
 135 4 0 90000  580  580  68
 136 4 0 90000  577  577  68
 137 4 0 90000  286  286  68
 138 4 0 90000  634  634  68
 139 4 0 90000  968  968  68
 140 4 0 90000  104  104  68
 141 4 0 90000  681  681  68
 142 4 0 90000  634  634  68
 143 4 0 90000  576  576  68
 144 4 0 90000  108  108  68
 145 4 0 90000  621  621  68
 146 4 0 90000  621  621  68
 147 4 0 90000  968  968  68
 148 4 0 90000  104  104  68
 149 4 0 90000  108  108  68
 150 4 0 90000  681  681  68
 151 4 0 90000  363  363  68
 152 4 0 90000  286  286  68
 153 4 0 90000  634  634  68
 154 4 0 90000  831  831  68
 155 4 0 90000  634  634  68
 156 4 0 90000  635  635  68
 157 4 0 90000  103  103  68
 158 4 0 90000  958  958  68
 159 4 0 90000  831  831  68
 160 4 0 90000  958  958  68
 161 4 0 90000  634  634  68
 162 4 0 90000  266  266  68
 163 4 0 90000  831  831  68
 164 4 0 90000  580  580  68
 165 4 0 90000  805  805  68
 166 4 0 90000  286  286  68
 167 4 0 90000  831  831  68
 168 4 0 90000  363  363  68
 169 4 0 90000  958  958  68
 170 4 0 90000  681  681  68
 171 4 0 90000  577  577  68
 172 4 0 90000  621  621  68
 173 4 0 90000  266  266  68
 174 4 0 90000  108  108  68
 175 4 0 90000  805  805  68
 176 4 0 90000  286  286  68
 177 4 0 90000  577  577  68
 178 4 0 90000  805  805  68
 179 4 0 90000  597  597  74
 180 4 0 90000  943  943  74
 181 4 0 90000  840  840  74
 182 4 0 90000   45   45  74
 183 4 0 90000   68   68  74
 184 4 0 90000  785  785  74
 185 4 0 90000  941  941  74
 186 4 0 90000   76   76  74
 187 4 0 90000  709  709  75
 188 4 0 90000  825  825  75
 189 4 0 90000  572  572  75
 190 4 0 90000  922  922  75
 191 4 0 90000  992  992  75
 192 4 0 90000  703  703  75
 193 4 0 90000  924  924  75
 194 4 0 90000  704  704  75
 195 4 0 90000  359  359  75
 196 4 0 90000  824  824  75
 197 4 0 90000  571  571  75
 198 4 0 90000  359  359  75
 199 4 0 90000  953  953  79
 200 4 0 90000  384  384  79
 201 4 0 90000  387  387  79
 202 4 0 90000  734  734  79
 203 4 0 90000  551  551  79
 204 4 0 90000  734  734  79
 205 4 0 90000  760  760  79
 206 4 0 90000  543  543  79
 207 4 0 90000  773  773  79
 208 4 0 90000  738  738  79
 209 4 0 90000  543  543  79
 210 4 0 90000  773  773  79
 211 4 0 90000  773  773  79
 212 4 0 90000  383  383  79
 213 4 0 90000  551  551  79
 214 4 0 90000  953  953  79
 215 4 0 90000  385  385  79
 216 4 0 90000  733  733  79
 217 4 0 90000  759  759  79
 218 4 0 90000  384  384  79
 219 4 0 90000  542  542  79
 220 4 0 90000  551  551  79
 221 4 0 90000  758  758  79
 222 4 0 90000  387  387  79
 223 4 0 90000  738  738  79
 224 4 0 90000  542  542  79
 225 4 0 90000  830  830  79
 226 4 0 90000  900  900  79
 227 4 0 90000  386  386  79
 228 4 0 90000  954  954  79
 229 4 0 90000  758  758  79
 230 4 0 90000  856  856  79
 231 4 0 90000  543  543  79
 232 4 0 90000  954  954  79
 233 4 0 90000  760  760  79
 234 4 0 90000  830  830  79
 235 4 0 90000  734  734  79
 236 4 0 90000  830  830  79
 237 4 0 90000  384  384  79
 238 4 0 90000  735  735  79
 239 4 0 90000  387  387  79
 240 4 0 90000 1025 1025  79
 241 4 0 90000   28   28  87
 242 4 0 90000   91   91  87
 243 4 0 90000   38   38  87
 244 4 0 90000 1035 1035  87
 245 4 0 90000   39   39  87
 246 4 0 90000   91   91  87
 247 4 0 90000   39   39  87
 248 4 0 90000   91   91  87
 249 4 0 90000   91   91  87
 250 4 0 90000  270  270  87
 251 4 0 90000   91   91  87
 252 4 0 90000  430  430  88
 253 4 0 90000  431  431  88
 254 4 0 90000  432  432  88
 255 4 0 90000  430  430  88
 256 4 0 90000  432  432  88
 257 4 0 90000  432  432  88
 258 4 0 90000  432  432  88
 259 4 0 90000  431  431  88
 260 4 0 90000  431  431  88
 261 4 0 90000  431  431  88
 262 4 0 90000   73   73  88
 263 4 0 90000  106  106  90
 264 4 0 90000  632  632  90
 265 4 0 90000  561  561  90
 266 4 0 90000  631  631  90
 267 4 0 90000  107  107  90
 268 4 0 90000  561  561  90
 269 4 0 90000  633  633  90
 270 4 0 90000  633  633  90
 271 4 0 90000  107  107  90
 272 4 0 90000  106  106  90
 273 4 0 90000  633  633  90
 274 4 0 90000  560  560  90
 275 4 0 90000  106  106  90
 276 4 0 90000  632  632  90
 277 4 0 90000  633  633  90
 278 4 0 90000  632  632  90
 279 4 0 90000  633  633  90
 280 4 0 90000  107  107  90
 281 4 0 90000  561  561  90
 282 4 0 90000  633  633  90
 283 4 0 90000  632  632  90
 284 4 0 90000  631  631  90
 285 4 0 90000  106  106  90
 286 4 0 90000  101  101  90
 287 4 0 90000  333  333  90
 288 4 0 90000  333  333  90
 289 4 0 90000  632  632  90
 290 4 0 90000  632  632  90
 291 4 0 90000  102  102  90
 292 4 0 90000  633  633  90
 293 4 0 90000  107  107  90
 294 4 0 90000  333  333  90
 295 4 0 90000  185  185 100
 296 4 0 90000  521  521 100
 297 4 0 90000  636  636 100
 298 4 0 90000  636  636 100
 299 4 0 90000  521  521 100
 300 4 0 90000  521  521 100
 301 4 0 90000  181  181 100
 302 4 0 90000  185  185 100
 303 4 0 90000  340  340 100
 304 4 0 90000  181  181 100
 305 4 0 90000  521  521 100
 306 4 0 90000  521  521 100
 307 4 0 90000  521  521 100
 308 4 0 90000  638  638 100
 309 4 0 90000  638  638 100
 310 4 0 90000  182  182 100
 311 4 0 90000  340  340 100
 312 4 0 90000  340  340 100
 313 4 0 90000  638  638 100
 314 4 0 90000  180  180 100
 315 4 0 90000  182  182 100
 316 4 0 90000  636  636 100
 317 4 0 90000  340  340 100
 318 4 0 90000  181  181 100
 319 4 0 90000  340  340 100
 320 4 0 90000  638  638 100
 321 4 0 90000  185  185 100
 322 4 0 90000  636  636 100
 323 4 0 90000  180  180 100
 324 4 0 90000  180  180 100
 325 4 0 90000  181  181 100
 326 4 0 90000  182  182 100
 327 4 0 90000  340  340 100
 328 4 0 90000  638  638 100
 329 4 0 90000  182  182 100
 330 4 0 90000  182  182 100
 331 4 0 90000  182  182 100
 332 4 0 90000  521  521 100
 333 4 0 90000  182  182 100
 334 4 0 90000  182  182 100
 335 4 0 90000  638  638 100
 336 4 0 90000  185  185 100
 337 4 0 90000  636  636 100
 338 4 0 90000  638  638 100
 339 4 0 90000  828  828 107
 340 4 0 90000  700  700 107
 341 4 0 90000  701  701 107
 342 4 0 90000  854  854 107
 343 4 0 90000  699  699 107
 344 4 0 90000  569  569 107
 345 4 0 90000  699  699 107
 346 4 0 90000  702  702 107
 347 4 0 90000  701  701 107
 348 4 0 90000  754  754 107
 349 4 0 90000  700  700 107
 350 4 0 90000  411  411 107
 351 4 0 90000  855  855 107
 352 4 0 90000  409  409 107
 353 4 0 90000  700  700 107
 354 4 0 90000  855  855 107
 355 4 0 90000  700  700 107
 356 4 0 90000  855  855 107
 357 4 0 90000  702  702 107
 358 4 0 90000  409  409 107
 359 4 0 90000  744  744 107
 360 4 0 90000  855  855 107
 361 4 0 90000  901  901 107
 362 4 0 90000  408  408 107
 363 4 0 90000  700  700 107
 364 4 0 90000  769  769 107
 365 4 0 90000  854  854 107
 366 4 0 90000  411  411 107
 367 4 0 90000  410  410 107
 368 4 0 90000  700  700 107
 369 4 0 90000  701  701 107
 370 4 0 90000  699  699 107
 371 4 0 90000  409  409 107
 372 4 0 90000  701  701 107
 373 4 0 90000  701  701 107
 374 4 0 90000  410  410 107
 375 4 0 90000  754  754 107
 376 4 0 90000  307  307 107
 377 4 0 90000  855  855 107
 378 4 0 90000  410  410 107
 379 4 0 90000  855  855 107
 380 4 0 90000  699  699 107
 381 4 0 90000  505  505 113
 382 4 0 90000  505  505 113
 383 4 0 90000  264  264 113
 384 4 0 90000  265  265 113
 385 4 0 90000  827  827 113
 386 4 0 90000  332  332 113
 387 4 0 90000  332  332 113
 388 4 0 90000  211  211 113
 389 4 0 90000  505  505 113
 390 4 0 90000  264  264 113
 391 4 0 90000  265  265 113
 392 4 0 90000  331  331 113
 393 4 0 90000  211  211 113
 394 4 0 90000  330  330 113
 395 4 0 90000  210  210 113
 396 4 0 90000  209  209 113
 397 4 0 90000  505  505 113
 398 4 0 90000   27   27 113
 399 4 0 90000  265  265 113
 400 4 0 90000  331  331 113
 401 4 0 90000  331  331 113
 402 4 0 90000  265  265 113
 403 4 0 90000  330  330 113
 404 4 0 90000  211  211 113
 405 4 0 90000  331  331 113
 406 4 0 90000  330  330 113
 407 4 0 90000  505  505 113
 408 4 0 90000  210  210 113
 409 4 0 90000  209  209 113
 410 4 0 90000  328  328 114
 411 4 0 90000  328  328 114
 412 4 0 90000  207  207 114
 413 4 0 90000  865  865 114
 414 4 0 90000  866  866 114
 415 4 0 90000  207  207 114
 416 4 0 90000  517  517 114
 417 4 0 90000  865  865 114
 418 4 0 90000 1048 1048 114
 419 4 0 90000  518  518 114
 420 4 0 90000 1021 1021 114
 421 4 0 90000  865  865 114
 422 4 0 90000  842  842 114
 423 4 0 90000 1021 1021 114
 424 4 0 90000  975  975 114
 425 4 0 90000 1021 1021 114
 426 4 0 90000  207  207 114
 427 4 0 90000  866  866 114
 428 4 0 90000 1048 1048 114
 429 4 0 90000  518  518 114
 430 4 0 90000  207  207 114
 431 4 0 90000  842  842 114
 432 4 0 90000  237  237 116
 433 4 0 90000  234  234 116
 434 4 0 90000  662  662 125
 435 4 0 90000  325  325 125
 436 4 0 90000 1032 1032 125
 437 4 0 90000 1096 1096 125
 438 4 0 90000  883  883 125
 439 4 0 90000  883  883 125
 440 4 0 90000  680  680 125
 441 4 0 90000  327  327 125
 442 4 0 90000 1096 1096 125
 443 4 0 90000  327  327 125
 444 4 0 90000  679  679 125
 445 4 0 90000  905  905 137
 446 4 0 90000  902  902 137
 447 4 0 90000  724  724 137
 448 4 0 90000  725  725 137
 449 4 0 90000  724  724 137
 450 4 0 90000  724  724 137
 451 4 0 90000 1045 1045 137
 452 4 0 90000  905  905 137
 453 4 0 90000 1045 1045 137
 454 4 0 90000  903  903 137
 455 4 0 90000  905  905 137
 456 4 0 90000 1019 1019 140
 457 4 0 90000   61   61 140
 458 4 0 90000  149  149 140
 459 4 0 90000 1019 1019 140
 460 4 0 90000  147  147 140
 461 4 0 90000  143  143 140
 462 4 0 90000   77   77 140
 463 4 0 90000  143  143 140
 464 4 0 90000   50   50 140
 465 4 0 90000  141  141 140
 466 4 0 90000  315  315 140
 467 4 0 90000  141  141 140
 468 4 0 90000  142  142 140
 469 4 0 90000  142  142 140
 470 4 0 90000   77   77 140
 471 4 0 90000  141  141 140
 472 4 0 90000  148  148 140
 473 4 0 90000  139  139 140
 474 4 0 90000  149  149 140
 475 4 0 90000  141  141 140
 476 4 0 90000   61   61 140
 477 4 0 90000  145  145 140
 478 4 0 90000  315  315 140
 479 4 0 90000  148  148 140
 480 4 0 90000  140  140 140
 481 4 0 90000  315  315 140
 482 4 0 90000  142  142 140
 483 4 0 90000  148  148 140
 484 4 0 90000  139  139 140
 485 4 0 90000   61   61 140
 486 4 0 90000  140  140 140
 487 4 0 90000  146  146 140
 488 4 0 90000  140  140 140
 489 4 0 90000  145  145 140
 490 4 0 90000  141  141 140
 491 4 0 90000 1019 1019 140
 492 4 0 90000  148  148 140
 493 4 0 90000  139  139 140
 494 4 0 90000  142  142 140
 495 4 0 90000  142  142 140
 496 4 0 90000  146  146 140
 497 4 0 90000  147  147 140
 498 4 0 90000  731  731 141
 499 4 0 90000  690  690 141
 500 4 0 90000  422  422 141
 501 4 0 90000  422  422 141
 502 4 0 90000  314  314 141
 503 4 0 90000  731  731 141
 504 4 0 90000  814  814 141
 505 4 0 90000  426  426 141
 506 4 0 90000  814  814 141
 507 4 0 90000  914  914 141
 508 4 0 90000  426  426 141
 509 4 0 90000  323  323 141
 510 4 0 90000  144  144 141
 511 4 0 90000  814  814 141
 512 4 0 90000  690  690 141
 513 4 0 90000  690  690 141
 514 4 0 90000  323  323 141
 515 4 0 90000  421  421 141
 516 4 0 90000  731  731 141
 517 4 0 90000  426  426 141
 518 4 0 90000  690  690 141
 519 4 0 90000  144  144 141
 520 4 0 90000  144  144 141
 521 4 0 90000  421  421 141
 522 4 0 90000  814  814 141
 523 4 0 90000  215  215 142
 524 4 0 90000  390  390 142
 525 4 0 90000   29   29 142
 526 4 0 90000  215  215 142
 527 4 0 90000  213  213 142
 528 4 0 90000  390  390 142
 529 4 0 90000 1054 1054 142
 530 4 0 90000   31   31 142
 531 4 0 90000  602  602 142
 532 4 0 90000  214  214 142
 533 4 0 90000 1078 1078 142
 534 4 0 90000   31   31 142
 535 4 0 90000  870  870 142
 536 4 0 90000   29   29 142
 537 4 0 90000  214  214 142
 538 4 0 90000  870  870 142
 539 4 0 90000  932  932 142
 540 4 0 90000  453  453 142
 541 4 0 90000   29   29 142
 542 4 0 90000  214  214 142
 543 4 0 90000  390  390 142
 544 4 0 90000  602  602 142
 545 4 0 90000  212  212 142
 546 4 0 90000 1054 1054 142
 547 4 0 90000 1054 1054 142
 548 4 0 90000  602  602 142
 549 4 0 90000  214  214 142
 550 4 0 90000  213  213 142
 551 4 0 90000  764  764 142
 552 4 0 90000  602  602 142
 553 4 0 90000  215  215 142
 554 4 0 90000 1054 1054 142
 555 4 0 90000  933  933 142
 556 4 0 90000  932  932 142
 557 4 0 90000  602  602 142
 558 4 0 90000   31   31 142
 559 4 0 90000  453  453 142
 560 4 0 90000  764  764 142
 561 4 0 90000  603  603 142
 562 4 0 90000   31   31 142
 563 4 0 90000  453  453 142
 564 4 0 90000 1077 1077 142
 565 4 0 90000 1054 1054 142
 566 4 0 90000  214  214 142
 567 4 0 90000   31   31 142
 568 4 0 90000   30   30 142
 569 4 0 90000  602  602 142
 570 4 0 90000 1054 1054 142
 571 4 0 90000  764  764 142
 572 4 0 90000  933  933 142
 573 4 0 90000  764  764 142
 574 4 0 90000  390  390 142
 575 4 0 90000  390  390 142
 576 4 0 90000   30   30 142
 577 4 0 90000 1054 1054 142
 578 4 0 90000   31   31 142
 579 4 0 90000  870  870 142
 580 4 0 90000  933  933 142
 581 4 0 90000  215  215 142
 582 4 0 90000  390  390 142
 583 4 0 90000  216  216 143
 584 4 0 90000  391  391 143
 585 4 0 90000 1073 1073 143
 586 4 0 90000  795  795 143
 587 4 0 90000  216  216 143
 588 4 0 90000  389  389 143
 589 4 0 90000 1073 1073 143
 590 4 0 90000  796  796 143
 591 4 0 90000 1073 1073 143
 592 4 0 90000  795  795 143
 593 4 0 90000  796  796 143
 594 4 0 90000  623  623 144
 595 4 0 90000  623  623 144
 596 4 0 90000  447  447 144
 597 4 0 90000  317  317 144
 598 4 0 90000  205  205 144
 599 4 0 90000  623  623 144
 600 4 0 90000  446  446 144
 601 4 0 90000  318  318 144
 602 4 0 90000  447  447 144
 603 4 0 90000   96   96 144
 604 4 0 90000  623  623 144
 605 4 0 90000  771  771 144
 606 4 0 90000  438  438 148
 607 4 0 90000  283  283 148
 608 4 0 90000  770  770 148
 609 4 0 90000  439  439 148
 610 4 0 90000  435  435 148
 611 4 0 90000  299  299 148
 612 4 0 90000  869  869 148
 613 4 0 90000  770  770 148
 614 4 0 90000  434  434 148
 615 4 0 90000  438  438 148
 616 4 0 90000  283  283 148
 617 4 0 90000  283  283 148
 618 4 0 90000  608  608 151
 619 4 0 90000  608  608 151
 620 4 0 90000  886  886 151
 621 4 0 90000  934  934 151
 622 4 0 90000    0    0 151
 623 4 0 90000  608  608 151
 624 4 0 90000  278  278 151
 625 4 0 90000  398  398 151
 626 4 0 90000  878  878 151
 627 4 0 90000  782  782 151
 628 4 0 90000  781  781 151
 629 4 0 90000  225  225 151
 630 4 0 90000  879  879 152
 631 4 0 90000  788  788 152
 632 4 0 90000  664  664 158
 633 4 0 90000  267  267 158
 634 4 0 90000  414  414 158
 635 4 0 90000  666  666 158
 636 4 0 90000  415  415 158
 637 4 0 90000  669  669 158
 638 4 0 90000  664  664 158
 639 4 0 90000  669  669 158
 640 4 0 90000  667  667 158
 641 4 0 90000  666  666 158
 642 4 0 90000  414  414 158
 643 4 0 90000  666  666 158
 644 4 0 90000  935  935 161
 645 4 0 90000  711  711 161
 646 4 0 90000  342  342 161
 647 4 0 90000  712  712 161
 648 4 0 90000 1049 1049 161
 649 4 0 90000  529  529 161
 650 4 0 90000  351  351 161
 651 4 0 90000  988  988 161
 652 4 0 90000  857  857 161
 653 4 0 90000 1049 1049 161
 654 4 0 90000  989  989 161
 655 4 0 90000  816  816 161
 656 4 0 90000  456  456 161
 657 4 0 90000 1049 1049 161
 658 4 0 90000  449  449 161
 659 4 0 90000 1049 1049 161
 660 4 0 90000  989  989 161
 661 4 0 90000  456  456 161
 662 4 0 90000  456  456 161
 663 4 0 90000  988  988 161
 664 4 0 90000  342  342 161
 665 4 0 90000  935  935 161
 666 4 0 90000 1049 1049 161
 667 4 0 90000  345  345 161
 668 4 0 90000  989  989 161
 669 4 0 90000  342  342 161
 670 4 0 90000  935  935 161
 671 4 0 90000  449  449 161
 672 4 0 90000  712  712 161
 673 4 0 90000  711  711 161
 674 4 0 90000  712  712 161
 675 4 0 90000  989  989 161
 676 4 0 90000  712  712 161
 677 4 0 90000  342  342 161
 678 4 0 90000  989  989 161
 679 4 0 90000  989  989 161
 680 4 0 90000  529  529 161
 681 4 0 90000  816  816 161
 682 4 0 90000 1049 1049 161
 683 4 0 90000  345  345 161
 684 4 0 90000  712  712 161
 685 4 0 90000  817  817 161
 686 4 0 90000  529  529 161
 687 4 0 90000  343  343 161
 688 4 0 90000 1049 1049 161
 689 4 0 90000  343  343 161
 690 4 0 90000  988  988 161
 691 4 0 90000  988  988 161
 692 4 0 90000  940  940 161
 693 4 0 90000 1049 1049 161
 694 4 0 90000  711  711 161
 695 4 0 90000  712  712 161
 696 4 0 90000  343  343 161
 697 4 0 90000  341  341 161
 698 4 0 90000  341  341 161
 699 4 0 90000  935  935 161
 700 4 0 90000 1049 1049 161
 701 4 0 90000  857  857 161
 702 4 0 90000  342  342 161
 703 4 0 90000  857  857 161
 704 4 0 90000  351  351 161
 705 4 0 90000  342  342 161
 706 4 0 90000  351  351 161
 707 4 0 90000  449  449 161
 708 4 0 90000  342  342 161
 709 4 0 90000  343  343 161
 710 4 0 90000 1049 1049 161
 711 4 0 90000  817  817 161
 712 4 0 90000  936  936 161
 713 4 0 90000  857  857 161
 714 4 0 90000  711  711 161
 715 4 0 90000  351  351 161
 716 4 0 90000  936  936 161
 717 4 0 90000  816  816 161
 718 4 0 90000  712  712 161
 719 4 0 90000  341  341 161
 720 4 0 90000  712  712 161
 721 4 0 90000  345  345 161
 722 4 0 90000  711  711 161
 723 4 0 90000  529  529 161
 724 4 0 90000  857  857 161
 725 4 0 90000  529  529 161
 726 4 0 90000  988  988 161
 727 4 0 90000  989  989 161
 728 4 0 90000  711  711 161
 729 4 0 90000  988  988 161
 730 4 0 90000  714  714 162
 731 4 0 90000 1006 1006 162
 732 4 0 90000  818  818 162
 733 4 0 90000  938  938 162
 734 4 0 90000  938  938 162
 735 4 0 90000  937  937 162
 736 4 0 90000  713  713 162
 737 4 0 90000  713  713 162
 738 4 0 90000  715  715 162
 739 4 0 90000  465  465 162
 740 4 0 90000  818  818 162
 741 4 0 90000  715  715 162
 742 4 0 90000  937  937 162
 743 4 0 90000  530  530 162
 744 4 0 90000  714  714 162
 745 4 0 90000 1005 1005 162
 746 4 0 90000  937  937 162
 747 4 0 90000 1005 1005 162
 748 4 0 90000  938  938 162
 749 4 0 90000  465  465 162
 750 4 0 90000  466  466 162
 751 4 0 90000 1052 1052 162
 752 4 0 90000  937  937 162
 753 4 0 90000  715  715 162
 754 4 0 90000  714  714 162
 755 4 0 90000  713  713 162
 756 4 0 90000  818  818 162
 757 4 0 90000  818  818 162
 758 4 0 90000  938  938 162
 759 4 0 90000  912  912 162
 760 4 0 90000  937  937 162
 761 4 0 90000  715  715 162
 762 4 0 90000 1052 1052 162
 763 4 0 90000 1052 1052 162
 764 4 0 90000  714  714 162
 765 4 0 90000  530  530 162
 766 4 0 90000 1005 1005 162
 767 4 0 90000  858  858 162
 768 4 0 90000 1052 1052 162
 769 4 0 90000  948  948 162
 770 4 0 90000 1052 1052 162
 771 4 0 90000 1005 1005 162
 772 4 0 90000  912  912 162
 773 4 0 90000 1052 1052 162
 774 4 0 90000  465  465 162
 775 4 0 90000  530  530 162
 776 4 0 90000  715  715 162
 777 4 0 90000  466  466 162
 778 4 0 90000  713  713 162
 779 4 0 90000 1006 1006 162
 780 4 0 90000 1005 1005 162
 781 4 0 90000  938  938 162
 782 4 0 90000 1006 1006 162
 783 4 0 90000  465  465 162
 784 4 0 90000  713  713 162
 785 4 0 90000 1005 1005 162
 786 4 0 90000  715  715 162
 787 4 0 90000  859  859 162
 788 4 0 90000  713  713 162
 789 4 0 90000 1005 1005 162
 790 4 0 90000  818  818 162
 791 4 0 90000  818  818 162
 792 4 0 90000  713  713 162
 793 4 0 90000  465  465 162
 794 4 0 90000  352  352 163
 795 4 0 90000  353  353 163
 796 4 0 90000  118  118 163
 797 4 0 90000  194  194 163
 798 4 0 90000  350  350 163
 799 4 0 90000  194  194 163
 800 4 0 90000  350  350 163
 801 4 0 90000  193  193 163
 802 4 0 90000  194  194 163
 803 4 0 90000  118  118 163
 804 4 0 90000  350  350 163
 805 4 0 90000  118  118 163
 806 4 0 90000  349  349 163
 807 4 0 90000  118  118 163
 808 4 0 90000  349  349 163
 809 4 0 90000  350  350 163
 810 4 0 90000  350  350 163
 811 4 0 90000  353  353 163
 812 4 0 90000  118  118 163
 813 4 0 90000  352  352 163
 814 4 0 90000  352  352 163
 815 4 0 90000  118  118 163
 816 4 0 90000  350  350 163
 817 4 0 90000  353  353 163
 818 4 0 90000  118  118 163
 819 4 0 90000  353  353 163
 820 4 0 90000  118  118 163
 821 4 0 90000  194  194 163
 822 4 0 90000  350  350 163
 823 4 0 90000  118  118 163
 824 4 0 90000  349  349 163
 825 4 0 90000  192  192 163
 826 4 0 90000  193  193 163
 827 4 0 90000  192  192 163
 828 4 0 90000  194  194 163
 829 4 0 90000  349  349 163
 830 4 0 90000  192  192 163
 831 4 0 90000  194  194 163
 832 4 0 90000  194  194 163
 833 4 0 90000  350  350 163
 834 4 0 90000  353  353 163
 835 4 0 90000  352  352 163
 836 4 0 90000  194  194 163
 837 4 0 90000  349  349 163
 838 4 0 90000  183  183 164
 839 4 0 90000  987  987 164
 840 4 0 90000  775  775 164
 841 4 0 90000  721  721 164
 842 4 0 90000  339  339 164
 843 4 0 90000  339  339 164
 844 4 0 90000  339  339 164
 845 4 0 90000  987  987 164
 846 4 0 90000  339  339 164
 847 4 0 90000  519  519 164
 848 4 0 90000  178  178 164
 849 4 0 90000  939  939 164
 850 4 0 90000  774  774 164
 851 4 0 90000  121  121 164
 852 4 0 90000  519  519 164
 853 4 0 90000  939  939 164
 854 4 0 90000  178  178 164
 855 4 0 90000  774  774 164
 856 4 0 90000  939  939 164
 857 4 0 90000  939  939 164
 858 4 0 90000  775  775 164
 859 4 0 90000  121  121 164
 860 4 0 90000  519  519 164
 861 4 0 90000  179  179 164
 862 4 0 90000  774  774 164
 863 4 0 90000  178  178 164
 864 4 0 90000  977  977 164
 865 4 0 90000  977  977 164
 866 4 0 90000  939  939 164
 867 4 0 90000  179  179 164
 868 4 0 90000  775  775 164
 869 4 0 90000  519  519 164
 870 4 0 90000  972  972 164
 871 4 0 90000  721  721 164
 872 4 0 90000  987  987 164
 873 4 0 90000  775  775 164
 874 4 0 90000  987  987 164
 875 4 0 90000  774  774 164
 876 4 0 90000  973  973 164
 877 4 0 90000  519  519 164
 878 4 0 90000  939  939 164
 879 4 0 90000  519  519 164
 880 4 0 90000  987  987 164
 881 4 0 90000  179  179 164
 882 4 0 90000  939  939 164
 883 4 0 90000  973  973 164
 884 4 0 90000  519  519 164
 885 4 0 90000  977  977 164
 886 4 0 90000  183  183 164
 887 4 0 90000  179  179 164
 888 4 0 90000  875  875 166
 889 4 0 90000   24   24 166
 890 4 0 90000 1065 1065 166
 891 4 0 90000   25   25 166
 892 4 0 90000  822  822 166
 893 4 0 90000  753  753 166
 894 4 0 90000   24   24 166
 895 4 0 90000  303  303 166
 896 4 0 90000  872  872 166
 897 4 0 90000  999  999 166
 898 4 0 90000 1080 1080 166
 899 4 0 90000  907  907 170
 900 4 0 90000 1003 1003 170
 901 4 0 90000  594  594 170
 902 4 0 90000  590  590 170
 903 4 0 90000  520  520 170
 904 4 0 90000 1004 1004 170
 905 4 0 90000 1026 1026 170
 906 4 0 90000 1004 1004 170
 907 4 0 90000  969  969 170
 908 4 0 90000  980  980 170
 909 4 0 90000  980  980 170
 910 4 0 90000   42   42 170
 911 4 0 90000  591  591 170
 912 4 0 90000  722  722 170
 913 4 0 90000  520  520 170
 914 4 0 90000  450  450 170
 915 4 0 90000  594  594 170
 916 4 0 90000  593  593 170
 917 4 0 90000  594  594 170
 918 4 0 90000  723  723 170
 919 4 0 90000  723  723 170
 920 4 0 90000  904  904 170
 921 4 0 90000  904  904 170
 922 4 0 90000  593  593 170
 923 4 0 90000  594  594 170
 924 4 0 90000  591  591 170
 925 4 0 90000  593  593 170
 926 4 0 90000  980  980 170
 927 4 0 90000  592  592 170
 928 4 0 90000  978  978 170
 929 4 0 90000  980  980 170
 930 4 0 90000  723  723 170
 931 4 0 90000 1026 1026 170
 932 4 0 90000 1004 1004 170
 933 4 0 90000  970  970 170
 934 4 0 90000 1026 1026 170
 935 4 0 90000  451  451 170
 936 4 0 90000 1003 1003 170
 937 4 0 90000  591  591 170
 938 4 0 90000  451  451 170
 939 4 0 90000  595  595 170
 940 4 0 90000  979  979 170
 941 4 0 90000   42   42 170
 942 4 0 90000 1004 1004 170
 943 4 0 90000  450  450 170
 944 4 0 90000  451  451 170
 945 4 0 90000  904  904 170
 946 4 0 90000 1004 1004 170
 947 4 0 90000  980  980 170
 948 4 0 90000 1003 1003 170
 949 4 0 90000 1026 1026 170
 950 4 0 90000  591  591 170
 951 4 0 90000 1003 1003 170
 952 4 0 90000  450  450 170
 953 4 0 90000  980  980 170
 954 4 0 90000  906  906 170
 955 4 0 90000  906  906 170
 956 4 0 90000  969  969 170
 957 4 0 90000  969  969 170
 958 4 0 90000  906  906 170
 959 4 0 90000  969  969 170
 960 4 0 90000  124  124 186
 961 4 0 90000  582  582 186
 962 4 0 90000  122  122 186
 963 4 0 90000  122  122 186
 964 4 0 90000  583  583 186
 965 4 0 90000  125  125 186
 966 4 0 90000  337  337 186
 967 4 0 90000  582  582 186
 968 4 0 90000  338  338 186
 969 4 0 90000  338  338 186
 970 4 0 90000  338  338 186
 971 4 0 90000  124  124 186
 972 4 0 90000  122  122 186
 973 4 0 90000  122  122 186
 974 4 0 90000  338  338 186
 975 4 0 90000  337  337 186
 976 4 0 90000  337  337 186
 977 4 0 90000  582  582 186
 978 4 0 90000  583  583 186
 979 4 0 90000  124  124 186
 980 4 0 90000  124  124 186
 981 4 0 90000  338  338 186
 982 4 0 90000  122  122 186
 983 4 0 90000  582  582 186
 984 4 0 90000  582  582 186
 985 4 0 90000  582  582 186
 986 4 0 90000  338  338 186
 987 4 0 90000  338  338 186
 988 4 0 90000  338  338 186
 989 4 0 90000  337  337 186
 990 4 0 90000  338  338 186
 991 4 0 90000  124  124 186
 992 4 0 90000  124  124 186
 993 4 0 90000  124  124 186
 994 4 0 90000  124  124 186
 995 4 0 90000  583  583 186
 996 4 0 90000  125  125 186
 997 4 0 90000  125  125 186
 998 4 0 90000  124  124 186
 999 4 0 90000  122  122 186
1000 4 0 90000  338  338 186
1001 4 0 90000  583  583 186
1002 4 0 90000  944  944 209
1003 4 0 90000  382  382 209
1004 4 0 90000  852  852 209
1005 4 0 90000   41   41 209
1006 4 0 90000  502  502 209
1007 4 0 90000  853  853 209
1008 4 0 90000   90   90 209
1009 4 0 90000  944  944 209
1010 4 0 90000  852  852 209
1011 4 0 90000  853  853 209
1012 4 0 90000  852  852 209
1013 4 0 90000  326  326 211
1014 4 0 90000  326  326 211
1015 4 0 90000  204  204 211
1016 4 0 90000  206  206 211
1017 4 0 90000  441  441 211
1018 4 0 90000  204  204 211
1019 4 0 90000  204  204 211
1020 4 0 90000  440  440 211
1021 4 0 90000  203  203 211
1022 4 0 90000  326  326 211
1023 4 0 90000  204  204 211
1024 4 0 90000  726  726 211
1025 4 0 90000  441  441 211
1026 4 0 90000  779  779 224
1027 4 0 90000  779  779 224
1028 4 0 90000  797  797 224
1029 4 0 90000  779  779 224
1030 4 0 90000  862  862 229
1031 4 0 90000  867  867 229
1032 4 0 90000  467  467 229
1033 4 0 90000  468  468 229
1034 4 0 90000  468  468 229
1035 4 0 90000  913  913 229
1036 4 0 90000  913  913 229
1037 4 0 90000  717  717 229
1038 4 0 90000  717  717 229
1039 4 0 90000  467  467 229
1040 4 0 90000   47   47 229
1041 4 0 90000  467  467 229
1042 4 0 90000   48   48 229
1043 4 0 90000  913  913 229
1044 4 0 90000  867  867 229
1045 4 0 90000   47   47 229
1046 4 0 90000  716  716 229
1047 4 0 90000  716  716 229
1048 4 0 90000  467  467 229
1049 4 0 90000  468  468 229
1050 4 0 90000  468  468 229
1051 4 0 90000  717  717 229
1052 4 0 90000  640  640 230
1053 4 0 90000  346  346 230
1054 4 0 90000  189  189 230
1055 4 0 90000  188  188 230
1056 4 0 90000  189  189 230
1057 4 0 90000  347  347 230
1058 4 0 90000  347  347 230
1059 4 0 90000  188  188 230
1060 4 0 90000  347  347 230
1061 4 0 90000  344  344 230
1062 4 0 90000  346  346 230
1063 4 0 90000  184  184 230
1064 4 0 90000  189  189 230
1065 4 0 90000  348  348 230
1066 4 0 90000  639  639 230
1067 4 0 90000  344  344 230
1068 4 0 90000  639  639 230
1069 4 0 90000  344  344 230
1070 4 0 90000  186  186 230
1071 4 0 90000  344  344 230
1072 4 0 90000  344  344 230
1073 4 0 90000  344  344 230
1074 4 0 90000  639  639 230
1075 4 0 90000  346  346 230
1076 4 0 90000  189  189 230
1077 4 0 90000  188  188 230
1078 4 0 90000  346  346 230
1079 4 0 90000  189  189 230
1080 4 0 90000  346  346 230
1081 4 0 90000  189  189 230
1082 4 0 90000  639  639 230
1083 4 0 90000  184  184 230
1084 4 0 90000  344  344 230
1085 4 0 90000  640  640 230
1086 4 0 90000  639  639 230
1087 4 0 90000  639  639 230
1088 4 0 90000  347  347 230
1089 4 0 90000  347  347 230
1090 4 0 90000  344  344 230
1091 4 0 90000  184  184 230
1092 4 0 90000  639  639 230
1093 4 0 90000  347  347 230
1094 4 0 90000  347  347 230
1095 4 0 90000  344  344 230
1096 4 0 90000  585  585 231
1097 4 0 90000  197  197 231
1098 4 0 90000  660  660 231
1099 4 0 90000  585  585 231
1100 4 0 90000  360  360 231
1101 4 0 90000  659  659 231
1102 4 0 90000   60   60 231
1103 4 0 90000  584  584 231
1104 4 0 90000  360  360 231
1105 4 0 90000  361  361 231
1106 4 0 90000  659  659 231
1107 4 0 90000  279  279 231
1108 4 0 90000  360  360 231
1109 4 0 90000  418  418 231
1110 4 0 90000  316  316 231
1111 4 0 90000  659  659 231
1112 4 0 90000  659  659 231
1113 4 0 90000  585  585 231
1114 4 0 90000  197  197 231
1115 4 0 90000  661  661 231
1116 4 0 90000  660  660 231
1117 4 0 90000  661  661 231
1118 4 0 90000  197  197 231
1119 4 0 90000 1018 1018 231
1120 4 0 90000   94   94 231
1121 4 0 90000   60   60 231
1122 4 0 90000  659  659 231
1123 4 0 90000  361  361 231
1124 4 0 90000 1018 1018 231
1125 4 0 90000  660  660 231
1126 4 0 90000  418  418 231
1127 4 0 90000  778  778 232
1128 4 0 90000  698  698 232
1129 4 0 90000  117  117 232
1130 4 0 90000  116  116 232
1131 4 0 90000  981  981 233
1132 4 0 90000  531  531 233
1133 4 0 90000 1072 1072 233
1134 4 0 90000 1072 1072 233
1135 4 0 90000  452  452 233
1136 4 0 90000  981  981 233
1137 4 0 90000  910  910 233
1138 4 0 90000 1072 1072 233
1139 4 0 90000  908  908 233
1140 4 0 90000  981  981 233
1141 4 0 90000  910  910 233
1142 4 0 90000  908  908 233
1143 4 0 90000 1046 1046 233
1144 4 0 90000 1046 1046 233
1145 4 0 90000  334  334 234
1146 4 0 90000 1095 1095 234
1147 4 0 90000  336  336 234
1148 4 0 90000  305  305 234
1149 4 0 90000  336  336 234
1150 4 0 90000 1041 1041 234
1151 4 0 90000  581  581 234
1152 4 0 90000  581  581 234
1153 4 0 90000  336  336 234
1154 4 0 90000 1043 1043 234
1155 4 0 90000 1041 1041 234
1156 4 0 90000  336  336 234
1157 4 0 90000 1043 1043 234
1158 4 0 90000  175  175 234
1159 4 0 90000  581  581 234
1160 4 0 90000  177  177 234
1161 4 0 90000 1095 1095 234
1162 4 0 90000  175  175 234
1163 4 0 90000  335  335 234
1164 4 0 90000  177  177 234
1165 4 0 90000  177  177 234
1166 4 0 90000 1041 1041 234
1167 4 0 90000  336  336 234
1168 4 0 90000  123  123 234
1169 4 0 90000  175  175 234
1170 4 0 90000  176  176 234
1171 4 0 90000 1095 1095 234
1172 4 0 90000  334  334 234
1173 4 0 90000  336  336 234
1174 4 0 90000 1095 1095 234
1175 4 0 90000  335  335 234
1176 4 0 90000  336  336 234
1177 4 0 90000  175  175 234
1178 4 0 90000  336  336 234
1179 4 0 90000  335  335 234
1180 4 0 90000  335  335 234
1181 4 0 90000  334  334 234
1182 4 0 90000 1043 1043 234
1183 4 0 90000  305  305 234
1184 4 0 90000  175  175 234
1185 4 0 90000  335  335 234
1186 4 0 90000 1041 1041 234
1187 4 0 90000 1095 1095 234
1188 4 0 90000  175  175 234
1189 4 0 90000  335  335 234
1190 4 0 90000 1041 1041 234
1191 4 0 90000  175  175 234
1192 4 0 90000  176  176 234
1193 4 0 90000  176  176 234
1194 4 0 90000  175  175 234
1195 4 0 90000  177  177 234
1196 4 0 90000  175  175 234
1197 4 0 90000 1043 1043 234
1198 4 0 90000  729  729 236
1199 4 0 90000  918  918 236
1200 4 0 90000  691  691 236
1201 4 0 90000  833  833 236
1202 4 0 90000  832  832 236
1203 4 0 90000  982  982 236
1204 4 0 90000  983  983 236
1205 4 0 90000  691  691 236
1206 4 0 90000  627  627 236
1207 4 0 90000  729  729 236
1208 4 0 90000  624  624 236
1209 4 0 90000  627  627 236
1210 4 0 90000  627  627 236
1211 4 0 90000  625  625 236
1212 4 0 90000  694  694 236
1213 4 0 90000  833  833 236
1214 4 0 90000  952  952 236
1215 4 0 90000  548  548 236
1216 4 0 90000  800  800 236
1217 4 0 90000  260  260 236
1218 4 0 90000  547  547 236
1219 4 0 90000  626  626 236
1220 4 0 90000  691  691 236
1221 4 0 90000 1036 1036 236
1222 4 0 90000  833  833 236
1223 4 0 90000 1047 1047 236
1224 4 0 90000  625  625 236
1225 4 0 90000 1011 1011 236
1226 4 0 90000  691  691 236
1227 4 0 90000  625  625 236
1228 4 0 90000  834  834 236
1229 4 0 90000  918  918 236
1230 4 0 90000  259  259 236
1231 4 0 90000 1036 1036 236
1232 4 0 90000  136  136 236
1233 4 0 90000  691  691 236
1234 4 0 90000  834  834 236
1235 4 0 90000  136  136 236
1236 4 0 90000  801  801 236
1237 4 0 90000  951  951 236
1238 4 0 90000  800  800 236
1239 4 0 90000  983  983 236
1240 4 0 90000  691  691 236
1241 4 0 90000  732  732 236
1242 4 0 90000  547  547 236
1243 4 0 90000  730  730 236
1244 4 0 90000  549  549 236
1245 4 0 90000  626  626 236
1246 4 0 90000  548  548 236
1247 4 0 90000  800  800 236
1248 4 0 90000  918  918 236
1249 4 0 90000  951  951 236
1250 4 0 90000  728  728 236
1251 4 0 90000  260  260 236
1252 4 0 90000  259  259 236
1253 4 0 90000  694  694 236
1254 4 0 90000  692  692 236
1255 4 0 90000  915  915 236
1256 4 0 90000  728  728 236
1257 4 0 90000  258  258 236
1258 4 0 90000  833  833 236
1259 4 0 90000  259  259 236
1260 4 0 90000  732  732 236
1261 4 0 90000  728  728 236
1262 4 0 90000  547  547 236
1263 4 0 90000  627  627 236
1264 4 0 90000  982  982 236
1265 4 0 90000  730  730 236
1266 4 0 90000  834  834 236
1267 4 0 90000  918  918 236
1268 4 0 90000  952  952 236
1269 4 0 90000  258  258 236
1270 4 0 90000  547  547 236
1271 4 0 90000 1036 1036 236
1272 4 0 90000  991  991 236
1273 4 0 90000  548  548 236
1274 4 0 90000  626  626 236
1275 4 0 90000  730  730 236
1276 4 0 90000  832  832 236
1277 4 0 90000  833  833 236
1278 4 0 90000  835  835 236
1279 4 0 90000 1011 1011 236
1280 4 0 90000  983  983 236
1281 4 0 90000  732  732 236
1282 4 0 90000 1047 1047 236
1283 4 0 90000  951  951 236
1284 4 0 90000  288  288 237
1285 4 0 90000  990  990 237
1286 4 0 90000  844  844 237
1287 4 0 90000  322  322 237
1288 4 0 90000  683  683 237
1289 4 0 90000  420  420 237
1290 4 0 90000 1009 1009 237
1291 4 0 90000 1007 1007 237
1292 4 0 90000  811  811 237
1293 4 0 90000  766  766 237
1294 4 0 90000 1008 1008 237
1295 4 0 90000  813  813 237
1296 4 0 90000  320  320 237
1297 4 0 90000  320  320 237
1298 4 0 90000  322  322 237
1299 4 0 90000  689  689 237
1300 4 0 90000  420  420 237
1301 4 0 90000 1009 1009 237
1302 4 0 90000  685  685 237
1303 4 0 90000  813  813 237
1304 4 0 90000  319  319 237
1305 4 0 90000  423  423 237
1306 4 0 90000  319  319 237
1307 4 0 90000  844  844 237
1308 4 0 90000  321  321 237
1309 4 0 90000  427  427 237
1310 4 0 90000  322  322 237
1311 4 0 90000  766  766 237
1312 4 0 90000  683  683 237
1313 4 0 90000  311  311 237
1314 4 0 90000  423  423 237
1315 4 0 90000  419  419 237
1316 4 0 90000 1010 1010 237
1317 4 0 90000  684  684 237
1318 4 0 90000 1008 1008 237
1319 4 0 90000  813  813 237
1320 4 0 90000  322  322 237
1321 4 0 90000  688  688 237
1322 4 0 90000 1016 1016 237
1323 4 0 90000  425  425 237
1324 4 0 90000  312  312 237
1325 4 0 90000  427  427 237
1326 4 0 90000  813  813 237
1327 4 0 90000  813  813 237
1328 4 0 90000  425  425 237
1329 4 0 90000 1008 1008 237
1330 4 0 90000  812  812 237
1331 4 0 90000  420  420 237
1332 4 0 90000 1017 1017 237
1333 4 0 90000  685  685 237
1334 4 0 90000  312  312 237
1335 4 0 90000  320  320 237
1336 4 0 90000  683  683 237
1337 4 0 90000  319  319 237
1338 4 0 90000  425  425 237
1339 4 0 90000  427  427 237
1340 4 0 90000  419  419 237
1341 4 0 90000  419  419 237
1342 4 0 90000  423  423 237
1343 4 0 90000  684  684 237
1344 4 0 90000  685  685 237
1345 4 0 90000  844  844 237
1346 4 0 90000  813  813 237
1347 4 0 90000  766  766 237
1348 4 0 90000  322  322 237
1349 4 0 90000  813  813 237
1350 4 0 90000  420  420 237
1351 4 0 90000  424  424 237
1352 4 0 90000  424  424 237
1353 4 0 90000  312  312 237
1354 4 0 90000  844  844 237
1355 4 0 90000 1008 1008 237
1356 4 0 90000  424  424 237
1357 4 0 90000  685  685 237
1358 4 0 90000  689  689 237
1359 4 0 90000  288  288 237
1360 4 0 90000  423  423 237
1361 4 0 90000  427  427 237
1362 4 0 90000 1009 1009 237
1363 4 0 90000 1017 1017 237
1364 4 0 90000  313  313 237
1365 4 0 90000  313  313 237
1366 4 0 90000  688  688 237
1367 4 0 90000  427  427 237
1368 4 0 90000  844  844 237
1369 4 0 90000  683  683 237
1370 4 0 90000  424  424 237
1371 4 0 90000  424  424 237
1372 4 0 90000  688  688 237
1373 4 0 90000  811  811 237
1374 4 0 90000  844  844 237
1375 4 0 90000  811  811 237
1376 4 0 90000  812  812 237
1377 4 0 90000 1009 1009 237
1378 4 0 90000  321  321 237
1379 4 0 90000  425  425 237
1380 4 0 90000  990  990 237
1381 4 0 90000  223  223 238
1382 4 0 90000  396  396 238
1383 4 0 90000   33   33 238
1384 4 0 90000  743  743 238
1385 4 0 90000  395  395 238
1386 4 0 90000  222  222 238
1387 4 0 90000  544  544 238
1388 4 0 90000 1100 1100 238
1389 4 0 90000  396  396 238
1390 4 0 90000   33   33 238
1391 4 0 90000  742  742 238
1392 4 0 90000  221  221 238
1393 4 0 90000  745  745 238
1394 4 0 90000  222  222 238
1395 4 0 90000  607  607 238
1396 4 0 90000  606  606 238
1397 4 0 90000  605  605 238
1398 4 0 90000  394  394 238
1399 4 0 90000  219  219 238
1400 4 0 90000  222  222 238
1401 4 0 90000  742  742 238
1402 4 0 90000   32   32 238
1403 4 0 90000  222  222 238
1404 4 0 90000  742  742 238
1405 4 0 90000   67   67 238
1406 4 0 90000  745  745 238
1407 4 0 90000   35   35 238
1408 4 0 90000  743  743 238
1409 4 0 90000   67   67 238
1410 4 0 90000  223  223 238
1411 4 0 90000   34   34 238
1412 4 0 90000  407  407 238
1413 4 0 90000  606  606 238
1414 4 0 90000  396  396 238
1415 4 0 90000  885  885 238
1416 4 0 90000  395  395 238
1417 4 0 90000  606  606 238
1418 4 0 90000  219  219 238
1419 4 0 90000  220  220 238
1420 4 0 90000  607  607 238
1421 4 0 90000  407  407 238
1422 4 0 90000  407  407 238
1423 4 0 90000   10   10 239
1424 4 0 90000  815  815 239
1425 4 0 90000  604  604 239
1426 4 0 90000  393  393 239
1427 4 0 90000   53   53 239
1428 4 0 90000   21   21 239
1429 4 0 90000    9    9 239
1430 4 0 90000    7    7 239
1431 4 0 90000  884  884 239
1432 4 0 90000  454  454 239
1433 4 0 90000   17   17 239
1434 4 0 90000   20   20 239
1435 4 0 90000   19   19 239
1436 4 0 90000   63   63 239
1437 4 0 90000   20   20 239
1438 4 0 90000   18   18 239
1439 4 0 90000  514  514 239
1440 4 0 90000  218  218 239
1441 4 0 90000   19   19 239
1442 4 0 90000  164  164 239
1443 4 0 90000  163  163 239
1444 4 0 90000   52   52 239
1445 4 0 90000   54   54 239
1446 4 0 90000   22   22 239
1447 4 0 90000   18   18 239
1448 4 0 90000  514  514 239
1449 4 0 90000   20   20 239
1450 4 0 90000   17   17 239
1451 4 0 90000   18   18 239
1452 4 0 90000  514  514 239
1453 4 0 90000   17   17 239
1454 4 0 90000  163  163 239
1455 4 0 90000   18   18 239
1456 4 0 90000   19   19 239
1457 4 0 90000    6    6 239
1458 4 0 90000    9    9 239
1459 4 0 90000   21   21 239
1460 4 0 90000   17   17 239
1461 4 0 90000  514  514 239
1462 4 0 90000   18   18 239
1463 4 0 90000   63   63 239
1464 4 0 90000   18   18 239
1465 4 0 90000   10   10 239
1466 4 0 90000  455  455 239
1467 4 0 90000  815  815 239
1468 4 0 90000  455  455 239
1469 4 0 90000  217  217 239
1470 4 0 90000   21   21 239
1471 4 0 90000   18   18 239
1472 4 0 90000  217  217 239
1473 4 0 90000   18   18 239
1474 4 0 90000    8    8 239
1475 4 0 90000  884  884 239
1476 4 0 90000   53   53 239
1477 4 0 90000  172  172 244
1478 4 0 90000  171  171 244
1479 4 0 90000  109  109 246
1480 4 0 90000 1031 1031 246
1481 4 0 90000  998  998 246
1482 4 0 90000  110  110 246
1483 4 0 90000  126  126 246
1484 4 0 90000 1044 1044 246
1485 4 0 90000  946  946 246
1486 4 0 90000  126  126 246
1487 4 0 90000  362  362 246
1488 4 0 90000  998  998 246
1489 4 0 90000  362  362 246
1490 4 0 90000 1044 1044 246
1491 4 0 90000 1044 1044 246
1492 4 0 90000  578  578 246
1493 4 0 90000 1031 1031 246
1494 4 0 90000  562  562 246
1495 4 0 90000  365  365 246
1496 4 0 90000  105  105 246
1497 4 0 90000  362  362 246
1498 4 0 90000  362  362 246
1499 4 0 90000  365  365 246
1500 4 0 90000   40   40 246
1501 4 0 90000  578  578 246
1502 4 0 90000  946  946 246
1503 4 0 90000  105  105 246
1504 4 0 90000 1099 1099 246
1505 4 0 90000  362  362 246
1506 4 0 90000  126  126 246
1507 4 0 90000  946  946 246
1508 4 0 90000  945  945 246
1509 4 0 90000  562  562 246
1510 4 0 90000 1031 1031 246
1511 4 0 90000 1044 1044 246
1512 4 0 90000  379  379 249
1513 4 0 90000  668  668 249
1514 4 0 90000  665  665 249
1515 4 0 90000  354  354 249
1516 4 0 90000  379  379 249
1517 4 0 90000  380  380 249
1518 4 0 90000  670  670 249
1519 4 0 90000  290  290 249
1520 4 0 90000  290  290 249
1521 4 0 90000  668  668 249
1522 4 0 90000  380  380 249
1523 4 0 90000  378  378 249
1524 4 0 90000  665  665 249
1525 4 0 90000  379  379 249
1526 4 0 90000  429  429 249
1527 4 0 90000  668  668 249
1528 4 0 90000  289  289 249
1529 4 0 90000  379  379 249
1530 4 0 90000  416  416 249
1531 4 0 90000  663  663 249
1532 4 0 90000  378  378 249
1533 4 0 90000  416  416 249
1534 4 0 90000  289  289 249
1535 4 0 90000  673  673 261
1536 4 0 90000  673  673 261
1537 4 0 90000  196  196 261
1538 4 0 90000  673  673 261
1539 4 0 90000  196  196 261
1540 4 0 90000  673  673 261
1541 4 0 90000  672  672 261
1542 4 0 90000  673  673 261
1543 4 0 90000  196  196 261
1544 4 0 90000  673  673 261
1545 4 0 90000  159  159 262
1546 4 0 90000  151  151 262
1547 4 0 90000 1037 1037 262
1548 4 0 90000  161  161 262
1549 4 0 90000  156  156 262
1550 4 0 90000  160  160 262
1551 4 0 90000  263  263 262
1552 4 0 90000  161  161 262
1553 4 0 90000  263  263 262
1554 4 0 90000  262  262 262
1555 4 0 90000  156  156 262
1556 4 0 90000  156  156 262
1557 4 0 90000  804  804 262
1558 4 0 90000  630  630 262
1559 4 0 90000  630  630 262
1560 4 0 90000  161  161 262
1561 4 0 90000  263  263 262
1562 4 0 90000  150  150 262
1563 4 0 90000  161  161 262
1564 4 0 90000  630  630 262
1565 4 0 90000  160  160 262
1566 4 0 90000 1037 1037 262
1567 4 0 90000  630  630 262
1568 4 0 90000  630  630 262
1569 4 0 90000  630  630 262
1570 4 0 90000  155  155 262
1571 4 0 90000  919  919 263
1572 4 0 90000  984  984 263
1573 4 0 90000  919  919 263
1574 4 0 90000  836  836 263
1575 4 0 90000  984  984 263
1576 4 0 90000  836  836 263
1577 4 0 90000  261  261 263
1578 4 0 90000  628  628 263
1579 4 0 90000  696  696 263
1580 4 0 90000  802  802 263
1581 4 0 90000  916  916 263
1582 4 0 90000  153  153 263
1583 4 0 90000  836  836 263
1584 4 0 90000  153  153 263
1585 4 0 90000  628  628 263
1586 4 0 90000  628  628 263
1587 4 0 90000  696  696 263
1588 4 0 90000  628  628 263
1589 4 0 90000  984  984 263
1590 4 0 90000  836  836 263
1591 4 0 90000  696  696 263
1592 4 0 90000  695  695 263
1593 4 0 90000  695  695 263
1594 4 0 90000  696  696 263
1595 4 0 90000  984  984 263
1596 4 0 90000  550  550 263
1597 4 0 90000  837  837 263
1598 4 0 90000  696  696 263
1599 4 0 90000  261  261 263