COLUMNS

passenger_count
pickup_ID
dropoff_ID
request_time_sec
pickup_district
dropoff_district

REQUESTS_INFO
1      1090      1023      32280     291       291       
2      624       718       32280     189       189       
1      804       915       32280     291       291       
1      871       417       32280     291       100       
1      500       460       32281     52        189       
1      905       544       32281     290       52        
1      171       134       32281     286       9         
1      858       772       32281     290       290       
1      760       779       32281     291       131       
1      154       409       32281     286       52        
1      669       731       32281     280       131       
1      452       523       32281     52        52        
1      578       507       32281     189       189       
2      456       534       32281     52        199       
1      352       368       32282     119       299       
1      969       700       32282     290       290       
1      598       782       32282     189       291       
1      1022      604       32282     291       189       
1      195       116       32283     207       9         
1      672       669       32283     189       280       
1      350       576       32283     127       189       
1      842       748       32283     290       290       
4      804       694       32283     291       189       
1      700       679       32284     290       290       
1      373       157       32284     119       54        
1      749       772       32284     290       290       
3      1053      609       32284     84        189       
1      441       534       32284     168       199       
1      816       721       32285     290       290       
1      439       580       32285     189       189       
1      210       328       32285     266       299       
2      851       457       32285     291       52        
2      961       527       32285     291       52        
2      544       411       32285     52        52        
1      936       1002      32285     291       291       
1      609       700       32286     189       290       
2      579       97        32286     189       9         
1      35        600       32286     98        280       
1      484       137       32287     189       286       
1      721       759       32287     290       131       
1      696       602       32287     189       189       
1      526       189       32287     52        286       
3      664       415       32288     131       100       
3      925       1032      32288     290       84        
1      621       675       32288     280       189       
1      739       801       32288     189       291       
1      881       904       32288     290       290       
1      907       97        32289     290       9         
1      847       1000      32290     291       291       
1      666       232       32290     131       266       
1      857       674       32290     290       189       
1      600       673       32290     280       189       
1      270       726       32291     127       290       
2      462       698       32291     189       189       
3      462       698       32291     189       189       
1      412       189       32291     52        286       
1      389       733       32291     299       131       
2      1245      960       32291     192       291       
1      1300      1357      32292     192       129       
2      645       758       32292     280       131       
1      488       788       32292     199       290       
1      439       480       32292     189       52        
1      325       595       32293     299       131       
1      304       35        32293     299       98        
1      1026      969       32293     291       290       
2      296       350       32293     277       127       
1      834       760       32293     290       291       
1      668       582       32293     280       189       
1      744       742       32293     290       290       
3      580       574       32294     189       189       
2      881       940       32294     290       291       
2      580       574       32294     189       189       
3      881       940       32294     290       291       
1      596       412       32294     131       52        
1      411       393       32294     52        52        
1      420       136       32294     168       286       
1      897       1078      32295     291       84        
1      860       884       32295     290       290       
1      702       10        32295     290       98        
1      860       884       32295     290       290       
1      460       310       32295     189       127       
1      1023      1128      32295     291       291       
1      671       649       32295     280       189       
1      330       408       32296     127       299       
1      792       630       32296     290       189       
1      487       693       32296     199       280       
1      508       650       32296     199       189       
1      940       1043      32297     291       291       
1      345       483       32297     299       189       
1      721       602       32297     290       189       
2      481       599       32297     189       280       
4      345       413       32297     299       52        
1      882       696       32297     290       189       
1      412       573       32298     52        189       
1      527       578       32298     52        189       
1      330       392       32298     127       52        
1      365       32        32298     299       98        
1      781       9         32298     291       98        
1      331       532       32298     127       199       
1      972       581       32298     290       189       
2      969       668       32298     290       280       
1      915       674       32298     291       189       
1      175       349       32298     266       127       
3      790       947       32299     290       290       
1      718       848       32299     189       291       
1      442       372       32299     168       119       
1      508       558       32299     199       189       
1      702       743       32299     290       290       
2      790       947       32299     290       290       
1      971       772       32300     290       290       
2      464       504       32300     168       52        
3      560       653       32301     189       189       
3      560       653       32301     189       189       
1      325       157       32301     299       54        
1      915       1263      32301     291       192       
1      593       521       32301     52        52        
1      782       673       32301     291       189       
1      1098      1053      32301     84        84        
1      534       726       32301     199       290       
1      308       421       32302     127       168       
1      958       209       32302     291       266       
1      923       693       32302     290       280       
1      330       417       32302     127       100       
1      771       812       32302     290       290       
2      598       557       32302     189       189       
3      598       557       32302     189       189       
3      1001      801       32302     291       291       
3      1001      801       32302     291       291       
1      1011      621       32302     84        280       
1      1128      958       32303     291       291       
1      734       664       32303     131       131       
1      579       674       32303     189       189       
1      527       117       32304     52        286       
1      437       201       32304     100       87        
2      526       535       32304     52        189       
3      442       544       32304     168       52        
1      534       599       32304     199       280       
1      1282      285       32305     192       299       
1      397       479       32305     168       52        
1      768       670       32305     290       280       
2      633       535       32305     189       189       
3      633       535       32305     189       189       
2      603       720       32306     189       290       
1      663       851       32306     131       291       
1      575       479       32307     189       52        
1      725       749       32307     290       290       
2      172       139       32308     286       57        
2      328       209       32308     299       266       
3      172       139       32308     286       57        
1      839       63        32309     290       98        
1      503       443       32309     52        168       
2      1046      1067      32309     291       291       
1      558       676       32309     189       189       
