COLUMNS

passenger_count
pickup_ID
dropoff_ID
request_time_sec
pickup_time_sec
pickup_depart_sec
vehicle_ID
pickup_district
dropoff_district
position

REQUESTS_INFO
1      78        310       29747     29790     29820     0              9              127            1              
3      44        526       29772     29890     29920     0              98             52             2              
1      1372      580       29788     29851     29881     2              129            189            1              
1      296       813       29743     29898     29928     5              277            290            1              
1      328       438       29847     29986     30016     11             299            100            1              
1      984       1044      29794     29918     29948     14             291            291            1              
1      981       848       29752     29820     29850     14             291            291            2              
2      724       352       29741     29822     29852     19             290            119            1              
1      183       604       29331     29444     29474     21             178            189            1              
1      499       34        29839     29880     29910     22             52             98             1              
4      478       395       29811     29891     29921     24             52             100            1              
1      314       632       29748     29899     29929     33             119            189            1              
1      314       1000      29739     29869     29899     33             119            291            2              
1      546       32        29840     29880     29910     35             52             98             1              
2      688       849       29742     29857     29887     38             131            291            1              
3      499       765       29508     29570     29600     44             52             290            1              
1      256       598       29665     29786     29816     49             87             189            1              
1      237       915       29620     29736     29766     49             87             291            2              
2      817       881       29750     29851     29881     50             290            290            1              
1      840       851       29737     29816     29846     50             290            291            2              
1      369       237       29729     29799     29829     52             52             87             1              
1      609       836       29743     29813     29843     53             189            290            1              
1      618       648       29680     29776     29806     59             131            189            1              
1      179       693       29704     29882     29912     60             178            280            1              
3      505       570       29686     29825     29855     62             52             52             1              
3      313       188       29790     29987     30017     63             87             286            1              
1      457       969       29720     29794     29824     65             52             290            1              
1      457       621       29705     29828     29858     67             52             280            1              
4      1149      1385      29793     29928     29958     72             291            129            1              
1      48        232       29572     29664     29694     73             98             266            1              
1      35        694       29632     29756     29786     73             98             189            2              
1      415       526       29809     29921     29951     82             100            52             1              
1      440       333       29740     29819     29849     83             168            119            1              
2      481       212       29659     29724     29754     87             189            266            1              
1      199       191       29662     29720     29750     90             178            266            1              
3      410       328       29773     29839     29869     91             52             299            1              
1      390       287       29796     29923     29953     91             52             299            2              
1      78        755       29537     29633     29663     95             9              131            1              
1      121       480       29636     29720     29750     97             57             52             1              
1      925       768       29789     29852     29882     99             290            290            1              
1      235       628       29506     29616     29646     107            87             189            1              
1      484       526       29840     29910     29940     115            189            52             1              
1      508       435       29743     29862     29892     115            199            52             2              
1      486       479       29625     29724     29754     119            199            52             1              
1      313       528       29740     29928     29958     120            87             52             1              
1      258       556       29623     29715     29745     125            87             199            1              
2      295       527       29729     29833     29863     125            87             52             2              
2      239       256       29651     29739     29769     128            87             87             1              
1      294       291       29774     29901     29931     128            87             87             2              
1      276       365       29715     29837     29867     128            87             299            3              
1      295       1226      29503     29615     29645     130            87             192            1              
1      275       181       29805     29973     30003     131            87             178            1              
3      925       615       29424     29511     29541     134            290            131            1              
1      287       351       29635     29727     29757     135            299            52             1              
2      274       285       29799     29935     29965     135            87             299            2              
1      727       462       29724     29802     29832     143            290            189            1              
3      46        253       29844     29955     29985     148            98             206            1              
1      35        782       29804     29850     29880     148            98             291            2              
3      97        1207      29461     29591     29621     149            9              192            1              
2      46        253       29844     29918     29948     153            98             206            1              
2      631       757       29532     29613     29643     154            189            131            1              
1      455       526       29792     29921     29951     173            52             52             1              
3      410       328       29773     29873     29903     174            52             299            1              
1      367       31        29820     29945     29975     174            299            9              2              
1      141       364       29807     29922     29952     183            54             299            1              
1      315       527       29746     29852     29882     184            277            52             1              
1      295       527       29711     29807     29837     184            87             52             2              
1      351       344       29789     29846     29876     189            52             299            1              
3      295       527       29729     29794     29824     192            87             52             1              
1      349       615       29605     29695     29725     201            127            131            1              
1      277       372       29707     29880     29910     202            87             119            1              
1      237       347       29655     29804     29834     202            87             299            2              
1      233       487       29747     29876     29906     204            206            199            1              
1      233       439       29798     29906     29936     204            206            189            2              
1      347       413       29735     29893     29923     206            299            52             1              
1      328       711       29680     29808     29838     206            299            131            2              
1      436       198       29651     29779     29809     208            100            178            1              
1      304       650       29672     29822     29852     209            299            189            1              
2      1177      927       29702     29799     29829     217            84             290            1              
2      1160      771       29771     29880     29910     217            84             290            2              
2      665       697       29797     29903     29933     222            131            189            1              
3      802       645       29844     29918     29948     224            291            280            1              
1      731       160       29808     29877     29907     228            131            54             1              
1      619       45        29517     29589     29619     232            131            98             1              
1      354       457       29641     29804     29834     233            119            52             1              
1      874       291       29626     29717     29747     237            291            87             1              
2      596       31        29701     29884     29914     245            131            9              1              
1      992       378       29755     29887     29917     246            290            168            1              
2      992       527       29845     29917     29947     246            290            52             2              
1      710       527       29716     29794     29824     247            131            52             1              
1      733       456       29678     29764     29794     253            131            52             1              
2      464       913       29651     29735     29765     258            168            291            1              
2      375       834       29774     29864     29894     259            119            290            1              
1      620       62        29650     29771     29801     261            131            98             1              
2      355       630       29539     29656     29686     263            119            189            1              
1      1012      134       29592     29691     29721     266            84             9              1              
1      179       174       29822     29906     29936     269            178            266            1              
1      179       545       29703     29876     29906     269            178            52             2              
1      463       503       29772     29902     29932     272            168            52             1              
1      529       172       29789     29875     29905     279            189            286            1              
3      1128      980       29819     29923     29953     283            291            291            1              
3      236       158       29689     29842     29872     285            87             174            1              
1      929       1032      29825     29880     29910     287            290            84             1              
1      608       650       29823     29944     29974     292            189            189            1              
1      584       556       29803     29867     29897     292            189            199            2              
1      557       527       29822     29880     29910     293            189            52             1              
3      527       577       29828     29880     29910     295            52             189            1              
1      527       623       29800     29850     29880     295            52             280            2              
1      1178      1369      29675     29839     29869     301            84             129            1              
1      702       557       29641     29742     29772     303            290            189            1              
1      400       582       29836     29914     29944     304            168            189            1              
1      905       1069      29668     29771     29801     310            290            291            1              
1      390       397       29704     29823     29853     314            52             168            1              
1      369       527       29798     29896     29926     314            52             52             2              
1      621       584       29837     29938     29968     320            280            189            1              
2      508       802       29773     29894     29924     321            199            291            1              
2      269       621       29821     29933     29963     325            127            280            1              
3      694       31        29461     29565     29595     326            189            9              1              
3      460       527       29733     29852     29882     327            189            52             1              
1      461       317       29791     29930     29960     327            189            277            2              
1      366       755       29815     29925     29955     333            299            131            1              
1      557       10        29582     29640     29670     337            189            98             1              
2      296       504       29781     29921     29951     339            277            52             1              
1      629       780       29829     29931     29961     342            189            291            1              
3      508       802       29773     29894     29924     344            199            291            1              
3      628       816       29833     29898     29928     357            189            290            1              
3      479       756       29642     29759     29789     358            52             131            1              
3      527       577       29828     29880     29910     362            52             189            1              
1      527       554       29809     29850     29880     362            52             189            2              
1      994       1025      29738     29885     29915     366            84             291            1              
3      608       863       29823     29948     29978     370            189            290            1              
2      608       863       29823     29931     29961     372            189            290            1              
1      828       579       29777     29919     29949     373            291            189            1              
2      481       721       29808     29917     29947     375            189            290            1              
1      609       461       29839     29880     29910     376            189            189            3              
1      1148      485       29668     29710     29740     380            291            189            1              
1      1187      949       29803     29880     29910     381            291            290            3              
1      441       1172      29290     29403     29433     382            168            129            1              
1      983       1218      29843     29898     29928     382            291            84             2              
1      99        803       29574     29693     29723     383            286            291            1              
1      118       1615      29509     29607     29637     383            286            296            2              
1      527       330       29768     29820     29850     385            52             127            1              
1      307       266       29781     29841     29871     388            127            266            1              
1      527       355       29656     29700     29730     394            52             119            1              
2      772       884       29823     29931     29961     395            290            290            1              
1      749       790       29777     29869     29899     395            290            290            2              
2      968       938       29544     29730     29760     396            290            291            1              
1      510       527       29720     29802     29832     397            199            52             1              
1      737       609       29765     29859     29889     399            189            189            1              
1      291       277       29826     29971     30001     400            87             87             1              
2      677       995       29701     29770     29800     404            189            84             1              
1      465       528       29810     29931     29961     407            199            52             1              
2      486       759       29731     29859     29889     407            199            131            2              
3      628       816       29833     29909     29939     410            189            290            1              
1      715       620       29706     29795     29825     411            131            131            1              
1      818       434       29840     29939     29969     416            290            52             1              
3      481       860       29810     29907     29937     421            189            290            1              
1      702       556       29629     29727     29757     423            290            199            1              
1      601       939       29640     29737     29767     426            189            291            1              
1      581       723       29841     29887     29917     427            189            290            1              
2      991       849       29699     29767     29797     428            290            291            1              
2      353       188       29510     29618     29648     429            119            286            1              
1      624       547       29794     29890     29920     431            189            52             1              
1      601       1281      29763     29847     29877     431            189            192            2              
1      1388      1250      29655     29776     29806     435            129            129            1              
1      1403      1129      29838     29937     29967     435            129            291            2              
1      1431      79        29714     29865     29895     435            129            98             3              
3      250       390       29845     29941     29971     439            127            52             1              
3      532       252       29798     29888     29918     444            199            206            1              
2      598       579       29730     29790     29820     446            189            189            1              
1      621       779       29779     29887     29917     446            280            131            2              
1      581       549       29837     29889     29919     451            189            52             1              
1      465       392       29706     29820     29850     457            199            52             1              
3      399       1078      29518     29634     29664     469            168            84             1              
1      350       940       29609     29716     29746     471            127            291            1              
1      292       884       29523     29591     29621     477            87             290            1              
1      137       332       29684     29767     29797     480            286            87             1              
1      200       352       29698     29782     29812     483            87             119            1              
2      887       233       29270     29363     29393     484            290            206            2              
4      387       638       29805     29936     29966     489            299            131            1              
1      598       804       29629     29735     29765     495            189            291            1              
1      598       745       29693     29765     29795     495            189            290            2              
1      372       502       29822     29916     29946     502            119            52             1              
3      1022      1106      29781     29845     29875     504            291            291            1              
1      1003      714       29803     29909     29939     504            291            131            2              
1      1087      578       29845     29902     29932     510            291            189            1              
1      1087      489       29816     29872     29902     510            291            199            2              
2      669       409       29756     29852     29882     514            280            52             1              
1      666       452       29633     29728     29758     515            131            52             1              
3      645       526       29734     29838     29868     519            280            52             1              
1      600       709       29792     29916     29946     519            280            131            2              
1      646       579       29830     29923     29953     524            280            189            1              
1      599       535       29845     29880     29910     525            280            189            1              
1      1056      1021      29770     29922     29952     526            84             291            1              
3      817       393       29807     29907     29937     529            290            52             1              
1      600       960       29804     29901     29931     532            280            291            1              
2      582       687       29540     29587     29617     533            189            131            1              
1      733       152       29815     29900     29930     533            131            9              2              
3      645       526       29734     29834     29864     537            280            52             1              
1      598       647       29805     29913     29943     537            189            280            2              
3      460       527       29733     29866     29896     538            189            52             1              
1      461       555       29823     29944     29974     538            189            199            2              
1      78        552       29849     29948     29978     541            9              189            1              
1      1129      1139      29761     29872     29902     546            291            84             1              
2      210       481       29701     29811     29841     547            266            189            1              
1      529       1011      29762     29888     29918     552            189            84             1              
1      142       131       29818     29920     29950     556            54             178            1              
1      926       1227      29480     29577     29607     563            290            192            1              
1      722       968       29844     29913     29943     567            290            290            1              
1      48        269       29760     29887     29917     568            98             127            1              
1      743       626       29811     29884     29914     570            290            189            1              
1      368       505       29635     29767     29797     571            299            52             1              
1      369       202       29383     29475     29505     577            52             87             1              
1      239       1233      29836     29938     29968     577            87             129            2              
1      970       527       29737     29837     29867     579            290            52             1              
1      971       153       29627     29733     29763     579            290            286            2              
1      1344      1143      29624     29793     29823     580            129            84             1              
1      888       863       29732     29790     29820     581            290            290            1              
1      817       699       29829     29924     29954     581            290            290            2              
1      795       721       29777     29870     29900     581            290            290            3              
1      735       45        29692     29766     29796     583            131            98             1              
2      627       62        29690     29730     29760     584            189            98             1              
2      842       813       29696     29786     29816     586            290            290            1              
1      527       622       29835     29880     29910     589            52             280            1              
1      842       409       29616     29729     29759     590            290            52             1              
1      621       626       29674     29732     29762     597            280            189            1              
2      621       652       29703     29762     29792     597            280            189            2              
1      889       903       29794     29896     29926     599            290            290            1              
1      1012      601       29708     29800     29830     600            84             189            1              
1      927       700       29833     29920     29950     602            290            290            1              
1      906       63        29814     29876     29906     602            290            98             2              
1      840       710       29684     29792     29822     607            290            131            1              
1      914       673       29831     29924     29954     609            291            189            1              
2      527       1530      29700     29760     29790     613            52             296            1              
1      794       742       29729     29760     29790     615            290            290            1              
1      794       675       29659     29730     29760     615            290            189            2              
1      117       1503      29570     29664     29694     617            286            296            1              
2      804       937       29772     29860     29890     620            291            291            1              
1      827       937       29746     29814     29844     620            291            291            2              
1      948       907       29648     29733     29763     622            290            290            1              
1      863       924       29795     29909     29939     622            290            290            2              
2      817       393       29807     29900     29930     629            290            52             1              
1      676       907       29650     29728     29758     632            189            290            1              
1      839       940       29702     29812     29842     635            290            291            1              
1      772       1284      29685     29791     29821     638            290            129            1              
3      907       375       29806     29893     29923     639            290            119            1              
1      745       906       29629     29713     29743     640            290            290            1              
1      860       231       29705     29813     29843     643            290            266            1              
1      714       578       29661     29764     29794     645            131            189            1              
1      714       478       29705     29794     29824     645            131            52             2              
1      713       191       29784     29880     29910     645            131            266            3              
3      1096      145       29581     29734     29764     649            84             178            1              
1      336       170       29581     29657     29687     654            277            286            1              
1      195       527       29826     29916     29946     662            207            52             1              
1      793       551       29705     29804     29834     663            290            189            1              
1      838       881       29831     29935     29965     665            290            290            1              
1      836       960       29786     29870     29900     665            290            291            2              
2      605       557       29820     29936     29966     666            189            189            1              
3      1022      1106      29781     29871     29901     678            291            291            1              
1      1023      593       29827     29925     29955     678            291            52             2              
1      1192      770       29515     29633     29663     683            129            290            1              
1      903       991       29700     29805     29835     684            290            290            1              
1      887       350       29464     29561     29591     688            290            127            1              
1      1192      508       29709     29807     29837     695            129            199            1              
1      940       893       29762     29907     29937     696            291            291            1              
1      781       395       29835     29897     29927     700            291            100            1              
1      891       801       29823     29899     29929     701            291            291            1              
1      912       782       29731     29814     29844     701            291            291            2              
2      892       511       29771     29866     29896     701            291            199            3              
1      734       673       29619     29736     29766     708            131            189            1              
1      600       621       29848     29916     29946     709            280            280            1              
2      31        134       29713     29818     29848     710            9              9              1              
1      1087      335       29750     29792     29822     712            291            119            1              
1      397       720       29555     29678     29708     714            168            290            1              
1      738       602       29833     29893     29923     724            189            189            1              
1      1091      1218      29610     29751     29781     727            291            84             1              
1      780       983       29830     29935     29965     729            291            291            1              
2      760       413       29704     29760     29790     731            291            52             1              
1      907       83        29290     29377     29407     732            290            98             1              
1      144       304       29776     29900     29930     734            54             299            1              
1      961       671       29609     29640     29670     735            291            280            1              
1      1128      665       29463     29558     29588     737            291            131            1              
1      1087      793       29680     29771     29801     739            291            290            1              
2      870       782       29830     29918     29948     742            291            291            1              
2      1003      372       29845     29936     29966     747            291            119            1              
2      757       578       29802     29904     29934     750            131            189            1              
1      948       580       29527     29648     29678     752            290            189            1              
1      675       1011      29848     29894     29924     752            189            84             2              
1      873       937       29811     29914     29944     753            291            291            1              
1      894       790       29771     29860     29890     753            291            290            2              
1      875       718       29830     29963     29993     755            291            189            1              
1      782       959       29844     29911     29941     758            291            291            1              
1      737       959       29785     29851     29881     758            189            291            2              
1      313       527       29817     29914     29944     759            87             52             1              
1      312       621       29681     29843     29873     759            87             280            2              
1      1022      1172      29675     29763     29793     761            291            129            1              
3      1180      693       29756     29881     29911     765            84             280            1              
1      325       693       29607     29672     29702     768            299            280            1              
1      286       189       29830     29911     29941     769            299            286            1              
3      804       937       29772     29876     29906     772            291            291            1              
1      802       395       29841     29939     29969     772            291            100            2              
1      904       929       29754     29823     29853     774            290            290            1              
2      864       527       29591     29676     29706     793            290            52             1              
