COLUMNS

passenger_count
pickup_ID
dropoff_ID
request_time_sec
pickup_district
dropoff_district
LDuals
IDuals
vehicle_ID
pick_position
drop_position

REQUESTS_INFO
3      860       1032      30942     290       84        330       330       43        1         2         
1      960       1336      30944     291       129       231       231       48        1         3         
1      1043      756       31029     291       131       211       211       111       1         2         
1      1195      1139      31019     129       84        246       246       124       1         2         
1      656       507       30966     290       189       204       204       144       1         4         
3      861       629       31020     290       189       271       271       147       1         2         
3      842       444       31017     290       168       290       290       162       1         2         
1      904       811       31030     290       290       216       216       176       1         4         
1      980       597       30955     291       131       327       327       187       1         2         
1      959       696       30973     291       189       217       217       194       1         3         
1      959       884       31023     291       290       222       222       194       2         5         
1      347       292       31019     299       87        170       170       200       1         2         
1      1010      804       31031     290       291       275       275       213       1         2         
1      1068      228       30825     291       266       467       467       220       1         3         
1      344       228       31048     299       266       172       172       240       1         2         
4      946       696       30857     290       189       434       434       280       1         2         
1      772       48        31039     290       98        138       138       296       1         2         
2      686       527       31026     131       52        132       132       303       1         3         
1      291       10        31043     87        98        177       177       322       1         3         
3      356       669       31033     119       280       189       189       333       1         2         
1      351       458       31042     52        52        164       164       340       1         2         
1      970       1032      30989     290       84        306       306       342       1         2         
2      768       699       31030     290       290       166       166       345       1         2         
2      237       694       30997     87        189       146       146       357       1         3         
1      1065      1645      31045     291       296       189       189       378       1         3         
1      1078      884       31026     84        290       316       316       382       1         2         
1      309       581       31044     127       189       163       163       383       1         3         
2      925       864       30997     290       290       277       277       388       1         2         
3      1090      1249      31035     291       129       333       333       404       1         2         
2      848       1065      30992     291       291       253       253       413       1         3         
1      848       189       30977     291       286       289       289       413       2         4         
2      397       410       31034     168       52        144       144       416       1         2         
2      353       335       31039     119       119       152       152       430       1         2         
2      905       839       31015     290       290       242       242       433       1         2         
3      1132      972       30739     291       290       567       567       473       1         2         
1      745       533       31042     290       199       152       152       485       1         2         
1      927       559       30898     290       189       387       387       521       1         4         
1      927       605       31032     290       189       243       243       521       2         3         
3      218       532       30895     87        199       286       286       534       1         2         
1      768       881       31027     290       290       159       159       587       1         4         
2      1053      48        31027     84        98        289       289       597       1         3         
3      960       600       30848     291       280       423       423       601       1         2         
1      946       479       30984     290       52        267       267       607       1         3         
3      769       991       31028     290       290       170.5     170.5     634       1         2         
1      896       691       31039     291       131       229       229       641       1         2         
1      860       651       30999     290       189       239.5     239.5     642       1         3         
3      861       629       31020     290       189       271       271       642       2         4         
3      479       98        31027     52        98        180       180       658       1         2         
3      837       414       30990     290       100       263       263       675       1         2         
1      816       629       30995     290       189       184.5     184.5     696       1         5         
3      1168      1174      30999     291       129       185       185       711       1         3         
1      1091      1002      30979     291       291       365       365       720       1         3         
1      1091      909       31028     291       290       277       277       720       2         4         
3      961       65        31036     291       98        257       257       762       1         3         
1      772       557       31015     290       189       184.5     184.5     768       1         3         
3      356       669       31033     119       280       189       189       775       1         2         
1      274       600       31023     87        280       161       161       782       1         4         
1      1048      1087      31024     291       291       244       244       797       1         3         
1      284       1002      30986     299       291       166       166       813       1         2         
1      939       696       30950     291       189       347       347       835       1         2         
1      816       940       31038     290       291       107       107       928       1         4         
1      191       526       31041     266       52        114       114       932       1         3         
1      848       710       30847     291       131       419       419       951       1         2         
2      621       727       31035     280       290       91.5      91.5      956       1         2         
2      841       120       31042     290       57        232       232       971       1         3         
3      816       558       30979     290       189       272       272       973       1         2         
3      816       578       30836     290       189       409       409       977       1         3         
2      766       970       31033     290       290       154       154       979       1         3         
1      500       370       31031     52        52        142       142       986       1         2         
1      889       603       31030     290       189       248       248       990       1         4         
3      864       885       30960     290       290       319       319       997       1         2         
3      452       594       31026     52        131       154       154       1012      1         2         
1      1023      670       30944     291       280       355       355       1023      1         2         
1      726       507       30954     290       189       204       204       1043      1         3         
1      745       883       31022     290       290       174       174       1056      1         2         
1      1001      760       30993     291       291       232       232       1058      1         4         
1      435       232       31046     52        266       130       130       1060      1         2         
1      861       97        31037     290       9         183       183       1087      1         4         
1      1091      1047      31019     291       291       276       276       1091      1         2         
3      770       608       30991     290       189       270       270       1128      1         2         
1      818       947       30975     290       290       298       298       1133      1         2         
1      173       458       31021     286       52        110       110       1135      1         2         
2      1252      1281      30962     129       192       237       237       1142      1         3         
1      1211      1140      31047     129       84        226       226       1156      1         2         
2      923       720       30909     290       290       364       364       1158      1         2         
1      1013      554       30853     84        189       496       496       1165      1         2         
1      499       436       31038     52        100       129       129       1175      1         2         
2      864       885       30960     290       290       309       309       1190      1         2         
2      887       984       30843     290       291       469       469       1203      1         2         
3      1015      1032      31017     84        84        357       357       1204      1         2         
3      795       506       30963     290       189       298       298       1212      1         2         
1      1129      1151      30964     291       291       234       234       1213      1         3         
4      1109      568       31030     291       52        311       311       1258      1         2         
1      950       44        31043     290       98        186       186       1265      1         3         
2      870       604       31016     291       189       181       181       1285      1         3         
1      847       626       31011     291       189       224       224       1285      2         4         
2      184       217       30960     87        87        173       173       1286      1         2         
1      981       119       31027     291       286       217       217       1307      1         3         
1      1044      857       30839     291       290       455       455       1309      1         4         
3      1044      777       31019     291       131       277       277       1309      2         3         
1      859       631       30993     290       189       227.5     227.5     1313      1         3         
3      839       726       31006     290       290       280       280       1313      2         4         
1      1129      615       30996     291       131       284       284       1339      1         2         
1      971       649       30998     290       189       250       250       1365      1         4         
2      1015      1032      31017     84        84        357       357       1396      1         2         
1      745       649       31034     290       189       162       162       1428      1         2         
1      893       718       30901     291       189       329       329       1429      1         2         
2      1090      1249      31035     291       129       333       333       1432      1         2         
3      969       1151      30865     290       291       418       418       1434      1         2         
1      827       719       31039     291       189       151       151       1439      1         3         
2      1149      766       30856     291       290       366       366       1443      1         2         
2      771       557       30966     290       189       234.5     234.5     1456      1         3         
2      1168      1174      30999     291       129       185       185       1462      1         3         
3      298       576       31048     277       189       206       206       1465      1         3         
3      789       970       31006     290       290       192       192       1469      1         2         
1      458       625       31025     52        189       116       116       1484      1         2         
1      441       623       31028     168       280       128       128       1485      1         3         
3      605       438       31026     189       100       117       117       1494      1         2         
3      981       1208      30978     291       192       305       305       1497      1         2         
1      888       720       31050     290       290       0         0         0         0         0         
1      924       812       31050     290       290       0         0         0         0         0         
1      850       983       31050     291       291       0         0         0         0         0         
1      437       737       31050     100       189       0         0         0         0         0         
1      378       749       31050     168       290       0         0         0         0         0         
1      134       46        31051     9         98        0         0         0         0         0         
1      905       604       31051     290       189       0         0         0         0         0         
1      581       652       31051     189       189       0         0         0         0         0         
1      354       511       31051     119       199       0         0         0         0         0         
1      693       616       31051     280       131       0         0         0         0         0         
1      881       675       31051     290       189       0         0         0         0         0         
4      310       504       31051     127       52        0         0         0         0         0         
1      1107      603       31052     291       189       0         0         0         0         0         
1      326       332       31052     299       87        0         0         0         0         0         
2      557       632       31052     189       189       0         0         0         0         0         
1      649       579       31052     189       189       0         0         0         0         0         
2      549       616       31052     52        131       0         0         0         0         0         
3      549       616       31052     52        131       0         0         0         0         0         
1      906       760       31053     290       291       0         0         0         0         0         
1      78        31        31053     9         9         0         0         0         0         0         
1      861       391       31053     290       52        0         0         0         0         0         
1      504       268       31053     52        299       0         0         0         0         0         
1      794       670       31053     290       280       0         0         0         0         0         
1      816       721       31054     290       290       0         0         0         0         0         
1      669       559       31054     280       189       0         0         0         0         0         
2      478       715       31054     52        131       0         0         0         0         0         
1      348       62        31055     299       98        0         0         0         0         0         
3      628       743       31055     189       290       0         0         0         0         0         
2      628       743       31055     189       290       0         0         0         0         0         
2      550       459       31055     189       189       0         0         0         0         0         
2      481       622       31055     189       280       0         0         0         0         0         
3      498       626       31056     52        189       0         0         0         0         0         
2      498       626       31056     52        189       0         0         0         0         0         
1      546       20        31056     52        98        0         0         0         0         0         
1      608       533       31056     189       199       0         0         0         0         0         
1      534       629       31056     199       189       0         0         0         0         0         
1      197       144       31056     178       54        0         0         0         0         0         
1      675       760       31056     189       291       0         0         0         0         0         
1      133       276       31056     9         87        0         0         0         0         0         
3      304       736       31057     299       131       0         0         0         0         0         
3      304       736       31057     299       131       0         0         0         0         0         
1      693       291       31057     280       87        0         0         0         0         0         
1      839       926       31057     290       290       0         0         0         0         0         
1      1267      1263      31057     129       192       0         0         0         0         0         
1      287       213       31057     299       266       0         0         0         0         0         
1      644       549       31058     131       52        0         0         0         0         0         
1      749       669       31058     290       280       0         0         0         0         0         
2      375       389       31058     119       299       0         0         0         0         0         
1      924       840       31058     290       290       0         0         0         0         0         
1      981       851       31058     291       291       0         0         0         0         0         
2      780       962       31059     291       291       0         0         0         0         0         
1      858       625       31059     290       189       0         0         0         0         0         
3      35        397       31059     98        168       0         0         0         0         0         
1      229       251       31059     266       127       0         0         0         0         0         
1      915       710       31059     291       131       0         0         0         0         0         
2      66        498       31059     98        52        0         0         0         0         0         
1      726       948       31059     290       290       0         0         0         0         0         
1      331       211       31059     127       266       0         0         0         0         0         
2      372       533       31059     119       199       0         0         0         0         0         
3      372       533       31059     119       199       0         0         0         0         0         
1      233       488       31060     206       199       0         0         0         0         0         
1      466       702       31060     199       290       0         0         0         0         0         
1      598       726       31060     189       290       0         0         0         0         0         
1      960       1189      31060     291       192       0         0         0         0         0         
3      668       699       31060     280       290       0         0         0         0         0         
1      628       416       31060     189       100       0         0         0         0         0         
1      527       555       31060     52        199       0         0         0         0         0         
2      436       670       31060     100       280       0         0         0         0         0         
3      436       670       31060     100       280       0         0         0         0         0         
1      523       484       31061     52        189       0         0         0         0         0         
2      715       834       31061     131       290       0         0         0         0         0         
3      715       834       31061     131       290       0         0         0         0         0         
1      528       420       31061     52        168       0         0         0         0         0         
1      455       650       31061     52        189       0         0         0         0         0         
1      304       695       31061     299       189       0         0         0         0         0         
1      303       421       31061     299       168       0         0         0         0         0         
1      529       545       31062     189       52        0         0         0         0         0         
1      1108      1227      31062     291       192       0         0         0         0         0         
1      327       116       31062     299       9         0         0         0         0         0         
2      134       389       31063     9         299       0         0         0         0         0         
2      735       348       31063     131       299       0         0         0         0         0         
1      98        575       31063     98        189       0         0         0         0         0         
1      669       696       31064     280       189       0         0         0         0         0         
1      992       860       31064     290       290       0         0         0         0         0         
1      534       626       31064     199       189       0         0         0         0         0         
1      782       1208      31064     291       192       0         0         0         0         0         
1      737       627       31064     189       189       0         0         0         0         0         
1      840       742       31065     290       290       0         0         0         0         0         
1      32        105       31065     98        287       0         0         0         0         0         
1      578       671       31065     189       280       0         0         0         0         0         
1      152       373       31065     9         119       0         0         0         0         0         
1      851       720       31065     291       290       0         0         0         0         0         
1      534       745       31065     199       290       0         0         0         0         0         
1      778       698       31065     131       189       0         0         0         0         0         
1      461       674       31065     189       189       0         0         0         0         0         
1      584       532       31066     189       199       0         0         0         0         0         
1      1003      627       31066     291       189       0         0         0         0         0         
1      533       482       31066     199       189       0         0         0         0         0         
1      723       947       31066     290       290       0         0         0         0         0         
2      760       21        31066     291       98        0         0         0         0         0         
1      522       440       31066     52        168       0         0         0         0         0         
1      597       392       31066     131       52        0         0         0         0         0         
1      191       387       31067     266       299       0         0         0         0         0         
2      549       696       31067     52        189       0         0         0         0         0         
3      549       696       31067     52        189       0         0         0         0         0         
1      835       534       31067     290       199       0         0         0         0         0         
1      96        650       31067     9         189       0         0         0         0         0         
1      1044      675       31067     291       189       0         0         0         0         0         
1      477       479       31067     52        52        0         0         0         0         0         
1      392       674       31067     52        189       0         0         0         0         0         
1      716       431       31068     189       52        0         0         0         0         0         
1      971       906       31068     290       290       0         0         0         0         0         
1      768       720       31068     290       290       0         0         0         0         0         
1      395       579       31068     100       189       0         0         0         0         0         
1      946       629       31068     290       189       0         0         0         0         0         
1      236       314       31068     87        119       0         0         0         0         0         
1      393       478       31068     52        52        0         0         0         0         0         
3      443       506       31068     168       189       0         0         0         0         0         
1      510       419       31069     199       168       0         0         0         0         0         
1      804       673       31069     291       189       0         0         0         0         0         
1      556       575       31069     199       189       0         0         0         0         0         
1      718       557       31069     189       189       0         0         0         0         0         
2      646       697       31070     280       189       0         0         0         0         0         
1      398       193       31070     168       266       0         0         0         0         0         
1      836       699       31070     290       290       0         0         0         0         0         
1      642       534       31071     131       199       0         0         0         0         0         
1      506       628       31071     189       189       0         0         0         0         0         
1      673       312       31071     189       87        0         0         0         0         0         
1      772       601       31071     290       189       0         0         0         0         0         
1      436       626       31071     100       189       0         0         0         0         0         
2      747       749       31071     290       290       0         0         0         0         0         
3      813       699       31071     290       290       0         0         0         0         0         
3      813       699       31071     290       290       0         0         0         0         0         
1      788       772       31071     290       290       0         0         0         0         0         
1      621       530       31071     280       189       0         0         0         0         0         
1      913       580       31072     291       189       0         0         0         0         0         
1      479       116       31072     52        9         0         0         0         0         0         
4      296       332       31073     277       87        0         0         0         0         0         
3      791       722       31073     290       290       0         0         0         0         0         
1      768       768       31073     290       290       0         0         0         0         0         
1      466       604       31073     199       189       0         0         0         0         0         
1      812       650       31074     290       189       0         0         0         0         0         
1      279       651       31074     87        189       0         0         0         0         0         
2      816       743       31074     290       290       0         0         0         0         0         
2      508       648       31074     199       189       0         0         0         0         0         
1      768       652       31074     290       189       0         0         0         0         0         
2      719       602       31074     189       189       0         0         0         0         0         
1      771       649       31075     290       189       0         0         0         0         0         
1      579       485       31075     189       189       0         0         0         0         0         
1      527       438       31075     52        100       0         0         0         0         0         
1      440       387       31075     168       299       0         0         0         0         0         
2      545       409       31075     52        52        0         0         0         0         0         
1      857       739       31076     290       189       0         0         0         0         0         
1      557       440       31076     189       168       0         0         0         0         0         
1      726       531       31076     290       189       0         0         0         0         0         
1      189       269       31076     286       127       0         0         0         0         0         
2      602       81        31076     189       98        0         0         0         0         0         
3      602       81        31076     189       98        0         0         0         0         0         
3      288       306       31076     127       299       0         0         0         0         0         
3      288       306       31076     127       299       0         0         0         0         0         
1      961       795       31076     291       290       0         0         0         0         0         
1      618       116       31076     131       9         0         0         0         0         0         
1      720       812       31077     290       290       0         0         0         0         0         
3      905       768       31077     290       290       0         0         0         0         0         
2      693       579       31077     280       189       0         0         0         0         0         
1      78        32        31077     9         98        0         0         0         0         0         
1      862       721       31078     290       290       0         0         0         0         0         
3      722       795       31078     290       290       0         0         0         0         0         
1      813       884       31078     290       290       0         0         0         0         0         
3      781       603       31078     291       189       0         0         0         0         0         
1      509       526       31078     199       52        0         0         0         0         0         
1      758       759       31079     131       131       0         0         0         0         0         
1      608       482       31079     189       189       0         0         0         0         0         
1      325       1004      31079     299       291       0         0         0         0         0         
1      387       723       31079     299       290       0         0         0         0         0         
1      905       887       31079     290       290       0         0         0         0         0         
1      850       981       31079     291       291       0         0         0         0         0         
1      792       560       31079     290       189       0         0         0         0         0         
