COLUMNS

passenger_count
pickup_ID
dropoff_ID
request_time_sec
pickup_district
dropoff_district
LDuals
IDuals
vehicle_ID
pick_position
drop_position

REQUESTS_INFO
3      531       604       31144     189       189       167       167       16        1         2         
3      860       507       31158     290       189       194       194       19        1         3         
1      826       195       31092     291       207       241       241       32        1         2         
1      816       408       31141     290       299       173       173       46        1         3         
1      250       348       31166     127       299       124       124       53        1         3         
1      594       776       31123     131       131       128       128       99        1         2         
2      794       698       30873     290       189       464       464       205       1         2         
3      1026      603       31142     291       189       276       276       213       1         2         
2      273       596       31136     206       131       227       227       215       1         2         
1      584       812       31168     189       290       97        97        221       1         5         
3      312       618       31155     87        131       143       143       248       1         3         
2      863       652       31115     290       189       246       246       272       1         2         
1      325       718       31166     299       189       118       118       282       1         3         
3      725       535       31092     290       189       186       186       290       1         2         
2      365       483       31156     299       189       141       141       296       1         2         
2      958       828       31155     291       291       185       185       297       1         2         
1      923       1208      31117     290       192       152       152       326       1         3         
1      388       716       31146     299       189       164       164       385       1         2         
3      1053      915       31127     84        291       272       272       406       1         2         
1      1043      1045      31163     291       291       193       193       486       1         2         
3      923       793       30756     290       290       626       626       547       1         2         
2      627       497       31150     189       999       107       107       563       1         3         
1      631       777       31145     189       131       115       115       610       1         2         
1      873       350       31161     291       127       183       183       622       1         3         
1      947       782       31090     290       291       254       254       644       1         2         
2      621       639       31152     280       131       120       120       648       1         2         
3      970       777       31145     290       131       226       226       652       1         3         
3      465       579       31161     199       189       166       166       667       1         2         
3      811       511       31154     290       199       166       166       674       1         2         
1      387       556       31160     299       199       145       145       696       1         2         
4      795       675       30863     290       189       489       489       701       1         2         
1      1053      834       31167     84        290       203       203       704       1         2         
1      195       268       31151     207       299       158       158       710       1         2         
2      1022      760       31060     291       291       327       327       718       1         4         
2      1044      698       31086     291       189       262       262       718       2         3         
1      395       556       31166     100       199       159       159       724       1         2         
1      700       859       31158     290       290       109       109       731       1         3         
1      813       675       31153     290       189       156       156       749       1         3         
1      835       674       31153     290       189       181       181       766       1         3         
1      815       599       31107     290       280       238       238       814       1         2         
1      928       291       31161     290       87        216.5     216.5     829       1         3         
1      839       847       31064     290       291       293       293       838       1         2         
1      858       640       31125     290       131       202       202       843       1         5         
3      923       940       31156     290       291       226       226       858       1         2         
2      234       484       31143     87        189       160       160       874       1         2         
1      676       719       31160     189       189       110       110       877       1         2         
1      884       948       31155     290       290       171       171       882       1         4         
3      884       794       31069     290       290       287       287       882       2         3         
1      916       625       31149     291       189       137       137       895       1         4         
1      917       672       31163     291       189       164       164       895       2         5         
1      713       600       31143     131       280       146.5     146.5     900       1         3         
1      930       411       31167     999       52        199.5     199.5     910       1         4         
1      950       925       31145     290       290       200.5     200.5     910       2         3         
1      835       793       31085     290       290       249       249       937       1         2         
1      850       697       31147     291       189       198.5     198.5     940       1         2         
3      873       781       31123     291       291       221       221       960       1         2         
2      961       526       31098     291       52        271       271       965       1         3         
1      961       117       31072     291       286       263       263       965       2         4         
1      330       416       31145     127       100       196.5     196.5     978       1         2         
1      980       602       31160     291       189       157       157       982       1         4         
4      834       1070      31066     290       50        291       291       996       1         2         
1      1031      1065      31158     50        291       209       209       1010      1         3         
2      1150      884       31149     291       290       173       173       1015      1         3         
1      950       925       31095     290       290       250.5     250.5     1037      1         4         
3      991       527       31135     290       52        232       232       1051      1         2         
1      504       438       31148     52        100       163       163       1052      1         2         
1      993       1075      31153     84        84        192       192       1057      1         3         
1      1066      959       31095     291       291       270       270       1063      1         2         
1      834       627       31147     290       189       206       206       1069      1         3         
3      834       760       31158     290       291       199       199       1069      2         4         
3      304       250       31060     299       127       230       230       1072      1         2         
1      499       505       31140     52        52        121       121       1136      1         2         
1      858       640       31125     290       131       202       202       1137      1         3         
3      770       835       31145     290       290       188       188       1141      1         2         
4      970       699       31164     290       290       227       227       1159      1         2         
1      725       1005      31124     290       50        168       168       1169      1         2         
1      894       1515      31066     291       296       264       264       1191      1         3         
3      860       507       31158     290       189       194       194       1211      1         2         
1      922       134       31114     50        9         271       271       1216      1         2         
1      1149      1066      31169     291       291       143       143       1282      1         2         
2      970       777       31145     290       131       193       193       1285      1         4         
2      817       744       31168     290       290       151       151       1370      1         2         
1      734       1530      31163     131       296       128       128       1388      1         3         
3      1026      603       31142     291       189       276       276       1419      1         2         
1      959       430       31106     291       52        231       231       1491      1         3         
1      1148      1022      31124     291       291       191       191       1530      1         2         
1      528       556       31141     52        199       137       137       1712      1         3         
2      252       395       31149     206       100       209       209       1750      1         2         
1      949       108       31115     290       178       215.5     215.5     1771      1         4         
1      904       970       31073     290       290       273       273       1826      1         2         
1      179       535       31148     178       189       163       163       1843      1         3         
3      770       835       31145     290       290       188       188       1845      1         2         
1      850       718       31168     291       189       177.5     177.5     1851      1         3         
3      747       399       31124     290       168       176       176       1884      1         3         
2      1022      742       31131     291       290       256       256       1898      1         3         
1      1004      968       31080     291       290       325       325       1912      1         2         
1      782       533       31096     291       199       211       211       1914      1         2         
1      885       530       31157     290       189       190       190       1928      1         3         
3      818       630       31066     290       189       305       305       1962      1         2         
2      768       883       31170     290       290       0         0         0         0         0         
1      991       835       31170     290       290       0         0         0         0         0         
1      668       726       31170     280       290       0         0         0         0         0         
1      369       554       31170     52        189       0         0         0         0         0         
1      631       968       31170     189       290       0         0         0         0         0         
1      485       593       31170     189       52        0         0         0         0         0         
1      648       560       31170     189       189       0         0         0         0         0         
1      409       303       31170     52        299       0         0         0         0         0         
2      152       335       31170     9         119       0         0         0         0         0         
1      48        649       31170     98        189       0         0         0         0         0         
3      508       505       31171     199       52        0         0         0         0         0         
2      508       505       31171     199       52        0         0         0         0         0         
1      557       481       31171     189       189       0         0         0         0         0         
1      668       640       31171     280       131       0         0         0         0         0         
1      624       640       31171     189       131       0         0         0         0         0         
1      584       908       31171     189       290       0         0         0         0         0         
1      396       285       31171     119       299       0         0         0         0         0         
1      756       915       31171     131       291       0         0         0         0         0         
1      804       616       31171     291       131       0         0         0         0         0         
1      436       679       31171     100       290       0         0         0         0         0         
1      487       551       31172     199       189       0         0         0         0         0         
1      1068      530       31172     291       189       0         0         0         0         0         
2      716       826       31172     189       291       0         0         0         0         0         
1      419       556       31172     168       199       0         0         0         0         0         
1      781       980       31172     291       291       0         0         0         0         0         
1      1090      1024      31173     291       291       0         0         0         0         0         
1      479       228       31173     52        266       0         0         0         0         0         
1      430       645       31173     52        280       0         0         0         0         0         
1      330       576       31173     127       189       0         0         0         0         0         
1      717       958       31174     189       291       0         0         0         0         0         
1      915       860       31174     291       290       0         0         0         0         0         
1      458       534       31174     52        199       0         0         0         0         0         
1      936       652       31174     291       189       0         0         0         0         0         
3      285       801       31174     299       291       0         0         0         0         0         
1      771       233       31174     290       206       0         0         0         0         0         
3      285       801       31174     299       291       0         0         0         0         0         
3      1637      1042      31175     296       291       0         0         0         0         0         
1      545       503       31175     52        52        0         0         0         0         0         
1      679       46        31175     290       98        0         0         0         0         0         
2      717       639       31175     189       131       0         0         0         0         0         
2      1111      1150      31176     50        291       0         0         0         0         0         
3      1111      1150      31176     50        291       0         0         0         0         0         
1      35        112       31176     98        178       0         0         0         0         0         
2      939       673       31176     291       189       0         0         0         0         0         
1      937       693       31176     291       280       0         0         0         0         0         
1      970       461       31176     290       189       0         0         0         0         0         
1      668       679       31176     280       290       0         0         0         0         0         
1      333       674       31177     119       189       0         0         0         0         0         
2      1001      923       31177     291       290       0         0         0         0         0         
1      200       100       31177     87        57        0         0         0         0         0         
1      488       676       31177     199       189       0         0         0         0         0         
1      745       771       31177     290       290       0         0         0         0         0         
3      556       599       31178     199       280       0         0         0         0         0         
1      526       676       31178     52        189       0         0         0         0         0         
2      556       599       31178     199       280       0         0         0         0         0         
1      689       894       31178     131       291       0         0         0         0         0         
1      325       594       31178     299       131       0         0         0         0         0         
2      768       143       31178     290       54        0         0         0         0         0         
1      332       698       31178     87        189       0         0         0         0         0         
2      980       915       31179     291       291       0         0         0         0         0         
1      418       629       31179     168       189       0         0         0         0         0         
3      1065      848       31180     291       291       0         0         0         0         0         
3      1065      848       31180     291       291       0         0         0         0         0         
1      549       593       31180     52        52        0         0         0         0         0         
1      691       732       31180     131       131       0         0         0         0         0         
1      791       743       31180     290       290       0         0         0         0         0         
4      718       602       31180     189       189       0         0         0         0         0         
1      439       740       31180     189       50        0         0         0         0         0         
1      177       268       31180     207       299       0         0         0         0         0         
1      1192      1053      31181     129       84        0         0         0         0         0         
2      395       578       31181     100       189       0         0         0         0         0         
3      395       578       31181     100       189       0         0         0         0         0         
3      689       117       31181     131       286       0         0         0         0         0         
3      689       117       31181     131       286       0         0         0         0         0         
1      812       675       31181     290       189       0         0         0         0         0         
1      549       438       31181     52        100       0         0         0         0         0         
1      950       1015      31181     290       84        0         0         0         0         0         
1      950       925       31181     290       290       0         0         0         0         0         
1      556       139       31181     199       57        0         0         0         0         0         
3      434       499       31182     52        52        0         0         0         0         0         
3      434       499       31182     52        52        0         0         0         0         0         
1      173       232       31182     286       266       0         0         0         0         0         
1      949       859       31182     290       290       0         0         0         0         0         
2      572       545       31182     131       52        0         0         0         0         0         
1      982       771       31182     291       290       0         0         0         0         0         
1      118       21        31182     286       98        0         0         0         0         0         
3      314       231       31182     119       266       0         0         0         0         0         
1      441       644       31182     168       131       0         0         0         0         0         
1      836       722       31182     290       290       0         0         0         0         0         
1      510       580       31182     199       189       0         0         0         0         0         
1      372       133       31182     119       9         0         0         0         0         0         
1      644       640       31183     131       131       0         0         0         0         0         
3      193       777       31183     266       131       0         0         0         0         0         
1      554       458       31183     189       52        0         0         0         0         0         
1      481       554       31183     189       189       0         0         0         0         0         
2      193       777       31183     266       131       0         0         0         0         0         
1      871       1108      31183     291       291       0         0         0         0         0         
3      1187      1529      31183     291       296       0         0         0         0         0         
1      623       616       31183     280       131       0         0         0         0         0         
3      503       768       31184     52        290       0         0         0         0         0         
2      503       768       31184     52        290       0         0         0         0         0         
1      115       721       31184     9         290       0         0         0         0         0         
1      666       479       31184     131       52        0         0         0         0         0         
1      817       925       31185     290       290       0         0         0         0         0         
1      945       649       31185     50        189       0         0         0         0         0         
3      527       725       31185     52        290       0         0         0         0         0         
1      717       209       31185     189       266       0         0         0         0         0         
2      527       725       31185     52        290       0         0         0         0         0         
1      335       577       31185     119       189       0         0         0         0         0         
2      858       640       31186     290       131       0         0         0         0         0         
1      946       894       31186     290       291       0         0         0         0         0         
1      621       579       31186     280       189       0         0         0         0         0         
1      488       557       31186     199       189       0         0         0         0         0         
2      439       719       31187     189       189       0         0         0         0         0         
1      372       328       31187     119       299       0         0         0         0         0         
1      152       305       31187     9         299       0         0         0         0         0         
1      835       721       31187     290       290       0         0         0         0         0         
1      421       743       31187     168       290       0         0         0         0         0         
1      458       476       31187     52        52        0         0         0         0         0         
1      226       410       31187     266       52        0         0         0         0         0         
3      439       719       31187     189       189       0         0         0         0         0         
3      34        188       31188     98        286       0         0         0         0         0         
3      34        188       31188     98        286       0         0         0         0         0         
1      133       35        31188     9         98        0         0         0         0         0         
1      466       625       31188     199       189       0         0         0         0         0         
1      502       695       31189     52        189       0         0         0         0         0         
1      620       640       31189     131       131       0         0         0         0         0         
1      655       396       31189     189       119       0         0         0         0         0         
1      415       498       31189     100       52        0         0         0         0         0         
1      643       134       31189     131       9         0         0         0         0         0         
1      621       544       31189     280       52        0         0         0         0         0         
1      436       212       31189     100       266       0         0         0         0         0         
1      1023      694       31189     291       189       0         0         0         0         0         
3      1012      992       31189     84        290       0         0         0         0         0         
3      738       616       31189     189       131       0         0         0         0         0         
2      738       616       31189     189       131       0         0         0         0         0         
3      829       650       31190     50        189       0         0         0         0         0         
1      766       627       31190     290       189       0         0         0         0         0         
1      835       639       31190     290       131       0         0         0         0         0         
2      499       573       31190     52        189       0         0         0         0         0         
3      829       650       31190     50        189       0         0         0         0         0         
2      906       674       31190     290       189       0         0         0         0         0         
1      654       648       31190     189       189       0         0         0         0         0         
1      701       497       31191     290       999       0         0         0         0         0         
1      1005      768       31191     50        290       0         0         0         0         0         
1      510       671       31191     199       280       0         0         0         0         0         
1      549       615       31191     52        131       0         0         0         0         0         
1      530       504       31192     189       52        0         0         0         0         0         
1      675       531       31192     189       189       0         0         0         0         0         
3      841       417       31192     290       100       0         0         0         0         0         
1      560       772       31192     189       290       0         0         0         0         0         
1      440       527       31192     168       52        0         0         0         0         0         
1      531       640       31192     189       131       0         0         0         0         0         
3      841       417       31192     290       100       0         0         0         0         0         
3      654       557       31193     189       189       0         0         0         0         0         
1      756       460       31193     131       189       0         0         0         0         0         
2      508       640       31193     199       131       0         0         0         0         0         
3      508       640       31193     199       131       0         0         0         0         0         
1      252       252       31194     206       206       0         0         0         0         0         
1      579       505       31195     189       52        0         0         0         0         0         
2      549       694       31195     52        189       0         0         0         0         0         
3      549       694       31195     52        189       0         0         0         0         0         
1      535       557       31195     189       189       0         0         0         0         0         
4      1389      1227      31195     129       192       0         0         0         0         0         
1      675       719       31195     189       189       0         0         0         0         0         
1      827       719       31195     291       189       0         0         0         0         0         
1      675       616       31195     189       131       0         0         0         0         0         
1      768       622       31196     290       280       0         0         0         0         0         
1      621       1158      31196     280       84        0         0         0         0         0         
1      937       793       31196     291       290       0         0         0         0         0         
1      767       767       31197     290       290       0         0         0         0         0         
1      720       575       31197     290       189       0         0         0         0         0         
3      532       481       31197     199       189       0         0         0         0         0         
3      532       481       31197     199       189       0         0         0         0         0         
1      31        581       31197     9         189       0         0         0         0         0         
1      418       418       31198     168       168       0         0         0         0         0         
1      558       727       31198     189       290       0         0         0         0         0         
1      475       556       31198     52        199       0         0         0         0         0         
1      959       1179      31198     291       84        0         0         0         0         0         
2      213       137       31198     266       286       0         0         0         0         0         
1      739       640       31198     189       131       0         0         0         0         0         
1      510       373       31198     199       119       0         0         0         0         0         
1      509       604       31198     199       189       0         0         0         0         0         
1      859       951       31198     290       290       0         0         0         0         0         
1      668       34        31199     280       98        0         0         0         0         0         
1      788       577       31199     290       189       0         0         0         0         0         
3      527       304       31199     52        299       0         0         0         0         0         
1      356       651       31199     119       189       0         0         0         0         0         
3      410       522       31199     52        52        0         0         0         0         0         
