COLUMNS

passenger_count
pickup_ID
dropoff_ID
request_time_sec
pickup_district
dropoff_district
LDuals
IDuals
vehicle_ID
pick_position
drop_position

REQUESTS_INFO
4      579       551       31262     189       189       237       237       1         2         3         
4      376       175       31057     168       266       602.5     602.5     6         1         2         
1      291       465       31135     87        199       406.5     406.5     9         1         2         
3      723       556       31255     290       199       319       319       11        1         3         
1      924       557       31163     290       189       501       501       17        2         5         
1      945       722       31021     50        290       668       668       17        3         4         
4      723       814       31209     290       290       383       383       18        1         2         
2      715       602       30718     131       189       814       814       23        1         2         
2      949       647       31160     290       280       547.346   547.346   24        2         4         
1      655       669       31260     189       280       333       333       27        1         3         
1      1068      895       31188     291       291       489.64    489.64    30        2         4         
3      1235      902       31195     84        50        429.279   429.279   33        2         4         
2      314       578       31278     119       189       226       226       39        1         4         
1      989       883       30899     50        290       815.106   815.106   44        1         3         
1      884       332       31281     290       87        390       390       48        2         5         
1      666       478       31250     131       52        293       293       51        1         3         
1      1004      599       31185     291       280       482.106   482.106   53        1         3         
1      766       1054      31101     290       84        470       470       54        1         3         
3      761       746       31220     50        290       324       324       55        2         5         
1      782       790       31151     291       290       410       410       55        3         4         
1      827       1263      31257     291       192       250       250       68        1         3         
1      1319      1218      31081     129       84        408.279   408.279   69        1         3         
3      959       1225      31132     291       192       525       525       71        1         3         
3      885       674       30886     290       189       785       785       78        1         3         
1      646       651       31223     280       189       277       277       82        1         2         
2      330       651       31271     127       189       268       268       88        1         2         
4      790       677       30392     290       189       1226      1226      90        1         2         
2      665       335       30977     131       119       569       569       92        1         3         
3      864       737       31159     290       189       533       533       94        2         5         
1      887       915       31162     290       291       537.106   537.106   94        3         4         
3      475       626       31198     52        189       359       359       102       1         2         
1      524       616       31227     52        131       306       306       103       1         3         
1      849       674       31239     291       189       433       433       105       1         2         
2      533       972       31258     199       290       247       247       108       1         4         
4      864       927       31175     290       290       534       534       109       2         3         
1      771       531       31237     290       189       405       405       112       2         4         
2      874       721       31239     291       290       370       370       113       2         4         
1      874       693       31267     291       280       338       338       113       3         5         
1      981       696       31230     291       189       262.974   262.974   115       1         3         
2      959       718       30971     291       189       681       681       115       2         4         
2      518       459       29939     999       189       2149      2149      118       1         2         
1      442       10        31265     168       98        249       249       120       1         3         
3      701       582       31261     290       189       321       321       124       1         3         
3      948       727       31281     290       290       426.5     426.5     128       2         5         
1      948       1032      31272     290       84        435.5     435.5     128       3         4         
3      374       649       31097     119       189       441.5     441.5     129       1         3         
2      907       719       30846     290       189       876       876       131       1         3         
3      1106      526       30819     291       52        817.279   817.279   133       1         3         
1      388       476       31185     299       52        350       350       140       1         2         
4      768       606       30819     290       189       803       803       146       3         4         
2      993       1120      31082     84        84        648.279   648.279   154       1         2         
1      783       741       31180     50        50        370       370       156       1         3         
1      805       627       31157     291       189       403       403       156       2         4         
1      970       557       31075     290       189       635.106   635.106   160       2         5         
3      927       1338      31172     290       129       525       525       161       1         3         
2      802       1227      31289     291       192       272.5     272.5     162       1         4         
1      894       1068      31277     291       291       325.14    325.14    162       2         3         
1      397       286       31276     168       299       251.5     251.5     165       1         3         
1      950       984       31170     290       291       530.933   530.933   166       1         3         
1      950       644       31284     290       131       416.933   416.933   166       2         4         
1      626       760       31201     189       291       210       210       173       1         4         
1      842       461       30644     290       189       1050.5    1050.5    174       1         3         
1      842       291       30638     290       87        1071.8    1071.8    174       2         4         
1      947       652       31079     290       189       611.106   611.106   176       1         4         
1      947       696       30649     290       189       1041.11   1041.11   176       2         3         
1      556       694       31044     199       189       448       448       177       1         3         
1      503       640       31272     52        131       269       269       181       1         2         
1      409       556       31282     52        199       206       206       185       1         3         
1      700       703       31022     290       290       517       517       187       1         2         
2      1023      916       31083     291       291       560.32    560.32    190       1         3         
2      1003      904       31129     291       290       538.32    538.32    190       2         4         
1      276       536       31106     87        189       407       407       193       1         2         
1      310       457       31269     127       52        252       252       195       1         3         
1      904       1005      31190     290       50        462       462       197       2         4         
1      904       760       30939     290       291       705       705       197       3         5         
2      443       726       31019     168       290       492       492       199       1         3         
1      972       599       31210     290       280       475.933   475.933   202       2         4         
1      277       375       31243     87        119       305       305       204       1         3         
1      317       48        31219     277       98        415       415       204       2         4         
2      371       552       31133     52        189       337       337       205       1         4         
1      371       460       31259     52        189       211       211       205       2         3         
3      926       670       31035     290       280       668       668       206       1         4         
1      926       909       31282     290       290       413       413       206       2         3         
2      633       837       31194     189       290       388       388       207       1         3         
2      633       836       31256     189       290       326       326       207       2         4         
1      863       704       30730     290       290       973       973       215       1         2         
1      882       484       31034     290       189       517       517       216       2         5         
1      418       527       31206     168       52        247       247       229       1         4         
1      418       648       31214     168       189       298.5     298.5     229       2         5         
1      1432      1579      31219     129       296       310.279   310.279   231       1         2         
1      782       604       31098     291       189       459       459       233       1         4         
1      627       291       31277     189       87        122       122       236       1         4         
1      420       531       31236     168       189       324.5     324.5     238       1         2         
1      850       760       31287     291       291       313.5     313.5     241       1         3         
3      937       1066      30337     291       291       1287.14   1287.14   246       1         3         
1      606       554       31268     189       189       255       255       248       1         3         
1      1129      1227      30927     291       192       715.279   715.279   251       1         3         
1      525       505       31240     52        52        284       284       255       1         2         
2      858       897       31155     290       291       468       468       259       1         4         
1      882       902       31255     290       50        385       385       259       2         3         
3      746       782       31215     290       291       374       374       260       2         5         
1      838       695       31213     290       189       442       442       260       3         4         
3      627       79        31222     189       98        190       190       264       1         3         
1      527       924       31186     52        290       289       289       267       2         5         
1      413       504       31275     52        52        267       267       269       1         2         
1      583       788       31200     189       290       315       315       270       2         4         
1      455       416       31275     52        100       245       245       271       1         3         
2      457       48        31116     52        98        436       436       271       2         4         
1      549       882       31265     52        290       242       242       272       1         3         
3      34        481       31281     98        189       108       108       276       1         3         
3      608       748       31167     189       290       405       405       279       1         3         
1      608       627       31256     189       189       316       316       279       2         4         
1      502       691       31078     52        131       461.5     461.5     282       1         4         
1      484       579       31277     189       189       225.5     225.5     285       1         2         
4      674       461       31115     189       189       421       421       286       1         2         
1      722       789       31275     290       290       289       289       288       1         3         
1      556       116       31219     199       9         273       273       292       1         4         
3      398       48        31114     168       98        445       445       294       1         3         
1      858       415       31232     290       100       259       259       299       1         3         
1      1076      947       31089     84        290       562       562       300       1         3         
2      1074      1097      31025     84        84        714.279   714.279   300       2         4         
3      1096      1218      31109     84        84        579.279   579.279   305       1         2         
1      737       771       31251     189       290       276       276       310       1         3         
1      876       647       31124     50        280       494       494       312       1         3         
1      747       647       31071     290       280       555       555       322       2         5         
1      747       558       31081     290       189       545       545       322       3         4         
1      791       507       31092     290       189       521       521       325       2         5         
1      1207      692       31222     192       280       312.279   312.279   342       1         4         
2      1107      1107      31190     291       291       270.64    270.64    344       1         3         
1      1069      1043      31079     291       291       604.64    604.64    344       2         4         
1      815       649       31265     290       189       394       394       356       2         4         
3      747       817       31259     290       290       367       367       360       2         4         
1      747       650       31266     290       189       360       360       360       3         5         
1      521       330       31224     52        127       350       350       362       1         3         
1      980       871       31184     291       291       461       461       363       1         2         
1      557       116       31275     189       9         245       245       365       2         4         
1      248       577       31243     266       189       167       167       367       1         2         
1      480       648       31255     52        189       266.5     266.5     369       1         3         
1      723       604       30823     290       189       714       714       372       2         4         
4      783       748       30369     50        290       1194      1194      374       1         2         
3      690       665       31220     131       131       321       321       376       1         3         
1      621       479       31244     280       52        230       230       382       1         2         
1      907       479       30982     290       52        729.106   729.106   384       1         3         
4      925       860       30311     290       290       1389      1389      386       2         3         
1      865       922       31229     290       50        451.5     451.5     387       2         3         
1      456       372       31250     52        119       264       264       388       1         4         
1      887       948       30968     290       290       731.106   731.106   391       2         4         
3      864       737       31159     290       189       533       533       391       3         5         
3      248       625       31109     266       189       335       335       392       1         2         
2      1149      1568      31201     291       296       409       409       393       1         4         
2      1149      1264      31272     291       192       349.279   349.279   393       2         3         
1      887       1144      31113     290       84        592       592       401       1         4         
1      887       817       31160     290       290       545       545       401       2         3         
3      794       743       31274     290       290       388       388       403       2         4         
2      929       121       31169     290       57        509.933   509.933   404       2         5         
1      929       1032      31269     290       84        409.933   409.933   404       3         4         
3      836       608       31245     290       189       383       383       405       1         3         
1      839       417       31238     290       100       433       433       405       2         4         
1      620       579       31274     131       189       229       229       407       1         2         
4      818       630       30394     290       189       1319      1319      417       3         4         
3      476       462       31142     52        189       439       439       418       1         3         
2      679       484       31277     290       189       338       338       419       1         3         
1      549       1053      31232     52        84        185       185       424       1         4         
4      748       655       31019     290       189       630       630       426       2         3         
1      842       744       30832     290       290       865.5     865.5     428       1         4         
2      842       813       31025     290       290       669.5     669.5     428       2         3         
1      1148      675       31230     291       189       339.212   339.212   429       1         4         
1      1086      739       31176     291       189       456       456       429       2         3         
3      888       653       30862     290       189       851.8     851.8     433       1         3         
1      924       651       31191     290       189       473       473       439       1         4         
3      946       721       31193     290       290       491       491       439       2         3         
1      859       827       31250     290       291       388       388       440       1         4         
1      572       601       30915     131       189       604       604       441       1         2         
1      655       535       31243     189       189       349       349       451       1         2         
1      812       886       31248     290       290       367       367       454       1         3         
1      837       928       31286     290       290       352       352       454       2         4         
3      699       461       31258     290       189       284       284       457       2         4         
2      649       335       31238     189       119       235       235       459       1         3         
2      354       481       31209     119       189       315       315       461       1         4         
3      1022      79        30856     291       98        791       791       462       1         3         
1      791       652       31255     290       189       354       354       464       2         5         
2      791       651       31151     290       189       464       464       464       3         4         
2      194       532       31287     207       199       130       130       465       1         2         
1      744       726       31181     290       290       375       375       471       1         4         
1      500       409       31078     52        52        395       395       474       1         2         
4      839       557       30500     290       189       1189      1189      476       1         2         
1      309       268       31206     127       299       333.5     333.5     477       1         2         
1      717       674       31287     189       189       205       205       478       1         4         
1      725       677       31202     290       189       282       282       481       1         3         
4      1024      415       30962     291       100       729.279   729.279   482       1         2         
2      790       695       31287     290       189       299       299       485       1         3         
1      790       719       31280     290       189       268       268       485       2         4         
3      690       665       31220     131       131       321       321       491       1         3         
1      863       905       31122     290       290       581       581       492       1         4         
1      863       925       31078     290       290       421       421       492       2         3         
1      873       984       31191     291       291       409.5     409.5     496       1         3         
3      771       627       31261     290       189       381       381       498       2         5         
1      817       648       31231     290       189       437       437       498       3         4         
2      368       286       31190     299       299       354       354       499       1         3         
1      654       232       31115     189       266       452       452       503       1         3         
1      557       749       31177     189       290       343       343       504       1         4         
1      483       642       31271     189       131       280.5     280.5     510       1         2         
1      1175      1207      31256     129       192       309.279   309.279   511       1         3         
1      981       804       30945     291       291       724       724       522       1         2         
1      833       421       30966     50        168       659       659       523       1         4         
1      833       670       31250     50        280       375       375       523       2         3         
1      969       829       30809     290       50        866.106   866.106   524       2         6         
1      969       904       31234     290       290       364       364       524       3         4         
1      738       673       31231     189       189       265       265       525       1         3         
1      628       509       31255     189       199       210       210       538       1         5         
1      864       378       31140     290       168       516       516       542       1         4         
1      214       214       31243     207       207       195       195       549       1         2         
4      813       696       30717     290       189       946       946       550       3         4         
4      368       121       31187     299       57        357       357       553       1         2         
1      351       267       31118     52        266       432       432       555       1         4         
3      351       229       31222     52        266       337       337       555       2         3         
2      818       578       31209     290       189       487       487       556       2         4         
4      940       625       31179     291       189       515       515       559       1         2         
1      738       599       31112     189       280       384       384       562       1         3         
1      584       970       31241     189       290       306       306       563       2         4         
2      1446      1047      31213     129       291       295       295       564       1         3         
1      1401      1094      31287     129       84        270.279   270.279   564       2         4         
1      940       546       31158     291       52        520.905   520.905   567       1         3         
1      398       619       31182     168       131       294.5     294.5     574       1         4         
4      835       924       30098     290       290       1531      1531      575       1         2         
1      662       416       31268     131       100       214       214       577       1         3         
1      930       352       31287     999       119       398.067   398.067   579       1         4         
1      950       902       31284     290       50        416.933   416.933   579       2         3         
2      772       606       31220     290       189       419       419       583       1         4         
1      840       748       31265     290       290       408       408       583       2         3         
2      579       671       31219     189       280       279       279       584       1         4         
1      860       771       31286     290       290       371       371       588       2         4         
2      702       902       31239     290       50        354       354       589       1         4         
1      702       677       31277     290       189       314       314       589       2         3         
1      1010      971       30996     290       290       709.106   709.106   594       2         4         
1      748       533       31265     290       199       367       367       595       1         4         
2      771       603       30926     290       189       716       716       595       2         3         
2      864       860       30684     290       290       1008      1008      597       1         3         
1      887       673       31137     290       189       568       568       597       2         4         
2      240       214       30952     87        207       622       622       606       1         3         
1      239       328       31266     87        299       269       269       606       2         4         
3      744       914       31283     290       291       271       271       613       1         3         
3      194       532       31287     207       199       136       136       614       1         3         
1      664       437       31083     131       100       430       430       617       1         2         
2      744       652       31168     290       189       392       392       618       1         4         
2      557       744       31017     189       290       463       463       626       1         4         
1      557       627       31240     189       189       280       280       626       2         3         
2      741       783       31002     50        50        505       505       629       1         2         
1      816       817       31238     290       290       331.8     331.8     630       1         2         
1      1010      788       31087     290       290       618.106   618.106   632       1         3         
2      959       1225      31132     291       192       525       525       636       1         2         
2      1386      506       31253     129       189       288       288       640       1         3         
1      115       600       31286     9         280       87        87        642       1         2         
1      887       675       31208     290       189       497       497       646       1         4         
1      557       465       30923     189       199       597       597       650       2         4         
3      557       372       31093     189       119       427       427       650       3         5         
1      583       627       31256     189       189       259       259       652       1         3         
1      583       672       31251     189       189       264       264       652       2         4         
4      477       498       31149     52        52        447       447       654       1         2         
3      990       116       31010     290       9         701.106   701.106   666       1         4         
1      990       837       31120     290       290       591.106   591.106   666       2         3         
1      723       735       31268     290       131       292       292       673       1         4         
3      464       358       31279     168       168       247       247       675       1         2         
1      926       647       31016     290       280       679       679       678       1         4         
3      926       670       31035     290       280       668       668       678       2         3         
3      1026      937       31059     291       291       637.32    637.32    683       1         3         
1      653       556       31244     189       199       284       284       685       1         3         
1      370       689       31148     52        131       356       356       687       1         3         
1      814       697       31209     290       189       413       413       691       1         3         
1      813       10        31095     290       98        519       519       691       2         5         
1      549       671       31260     52        280       206       206       692       1         4         
1      549       719       31289     52        189       218       218       692       2         3         
1      882       676       31280     290       189       360       360       699       1         3         
3      603       717       31208     189       189       284       284       700       1         3         
2      802       483       31137     291       189       433       433       701       1         3         
1      848       438       31251     291       100       400       400       701       2         4         
1      1011      674       31182     84        189       496.106   496.106   702       1         4         
4      335       650       30946     119       189       651       651       708       1         2         
2      605       507       31237     189       189       283       283       713       1         3         
3      1044      1263      31025     291       192       663       663       718       1         2         
1      1167      738       31009     291       189       597       597       719       1         3         
1      923       894       31230     290       291       374       374       720       2         5         
1      923       833       31247     290       50        431       431       720       3         4         
3      791       948       31277     290       290       346       346       732       1         3         
3      861       724       31071     290       290       605       605       735       1         2         
1      733       794       31289     131       290       250       250       736       1         3         
1      848       923       31073     291       290       580       580       736       2         4         
3      1109      970       30919     291       290       774.279   774.279   737       1         3         
1      348       415       31228     299       100       298       298       738       1         2         
1      487       436       31225     199       100       287       287       739       1         3         
3      335       271       31272     119       127       294       294       741       1         2         
2      509       662       31226     199       131       289       289       742       1         3         
3      875       983       31178     291       291       470       470       743       1         2         
1      549       605       31165     52        189       342       342       747       1         3         
3      873       602       31248     291       189       353.5     353.5     748       1         3         
1      873       505       31272     291       52        328.5     328.5     748       2         4         
2      1109      970       30919     291       290       774.279   774.279   749       1         3         
1      609       438       31138     189       100       421       421       753       1         4         
3      939       696       31005     291       189       679       679       758       1         3         
1      939       604       31174     291       189       494.765   494.765   758       2         4         
1      675       192       31273     189       266       142       142       760       1         4         
1      791       627       31210     290       189       409       409       765       2         5         
2      791       694       31141     290       189       478       478       765       3         4         
2      949       696       31089     290       189       603.106   603.106   771       1         3         
3      1054      1135      30890     84        50        831.173   831.173   772       1         4         
1      1054      969       31191     84        290       490.106   490.106   772       2         3         
1      662       647       31260     131       280       222       222       781       1         3         
2      824       152       31279     291       9         320       320       781       2         4         
1      723       970       31265     290       290       308       308       784       2         4         
4      768       743       30645     290       290       977       977       785       1         2         
3      816       1068      30922     290       291       740       740       786       2         4         
1      811       674       31188     290       189       408       408       787       1         3         
1      603       719       31262     189       189       230       230       791       2         4         
1      348       720       31141     299       290       339       339       796       1         5         
2      1022      970       31194     291       290       440.836   440.836   801       1         3         
1      700       746       31187     290       290       381       381       803       1         4         
1      700       747       31268     290       290       300       300       803       2         3         
2      958       721       31274     291       290       349       349       804       1         4         
1      999       767       31081     291       290       557       557       804       2         3         
1      772       48        31183     290       98        274       274       807       1         4         
1      644       670       31266     131       280       257       257       809       1         3         
1      969       596       31279     290       131       359       359       811       1         5         
1      718       858       31250     189       290       226       226       815       1         3         
1      654       461       31198     189       189       369       369       816       2         3         
1      936       793       31105     291       290       499.905   499.905   817       2         4         
3      960       677       31270     291       189       375       375       817       3         5         
3      527       441       31253     52        168       297       297       818       2         4         
1      916       1026      30926     291       291       715       715       827       1         2         
4      791       466       31031     290       199       607       607       828       2         3         
1      604       670       31261     189       280       215       215       829       1         4         
1      718       725       31246     189       290       230       230       831       1         4         
1      924       748       31005     290       290       659       659       833       1         2         
1      771       437       31184     290       100       411       411       834       2         4         
1      433       194       31262     52        207       230       230       841       1         3         
1      663       692       31155     131       280       324       324       842       1         4         
1      663       725       31239     131       290       191       191       842       2         5         
1      1168      675       31196     291       189       316.279   316.279   845       1         3         
1      701       556       31064     290       199       518       518       850       1         3         
1      790       624       31220     290       189       366       366       853       2         5         
1      812       673       31163     290       189       452       452       853       3         4         
3      527       576       31259     52        189       291       291       855       1         2         
4      702       652       30759     290       189       850       850       858       2         3         
1      645       693       31104     280       280       393       393       861       1         2         
1      940       794       31216     291       290       462.905   462.905   871       1         4         
1      861       721       31289     290       290       387       387       872       1         3         
1      713       627       31253     131       189       294       294       876       1         3         
1      478       546       31255     52        52        282       282       878       1         2         
1      1023      738       31190     291       189       445.64    445.64    883       1         4         
1      1023      1045      31254     291       291       363.64    363.64    883       2         3         
1      609       727       31246     189       290       313       313       885       1         3         
1      395       377       31217     100       168       313       313       888       1         2         
3      1004      780       31265     291       291       444.974   444.974   889       1         2         
2      866       972       31124     290       290       585.5     585.5     893       1         3         
2      866       815       30279     290       290       1465.8    1465.8    893       2         4         
3      990       801       30976     290       291       735.106   735.106   894       3         4         
1      482       308       31013     189       127       457.5     457.5     903       1         4         
1      1355      1073      31243     129       50        335       335       904       1         3         
3      527       576       31259     52        189       291       291       911       1         2         
1      882       1263      31087     290       192       553       553       912       1         4         
1      413       116       31261     52        9         188       188       914       1         3         
1      772       717       31068     290       189       412       412       915       1         5         
1      475       779       31158     52        131       399       399       916       1         2         
1      654       629       31248     189       189       319       319       920       1         3         
2      863       1037      31268     290       84        435       435       922       1         4         
1      783       904       31275     50        290       275       275       925       1         3         
1      835       605       31229     290       189       381       381       930       1         2         
1      609       373       31277     189       119       282       282       931       1         3         
1      1240      1267      30962     999       129       702.279   702.279   932       1         3         
3      1049      970       31241     50        290       444.279   444.279   935       1         2         
2      859       580       31166     290       189       449       449       942       1         4         
2      793       546       31265     290       52        355       355       943       2         3         
1      523       749       31217     52        290       294       294       944       1         4         
3      476       462       31142     52        189       439       439       944       2         3         
1      829       718       31266     50        189       297.5     297.5     945       2         3         
1      484       649       31261     189       189       241.5     241.5     948       1         5         
1      725       703       31195     290       290       417       417       951       1         3         
1      722       601       31112     290       189       427       427       952       2         5         
1      354       463       31231     119       168       262       262       954       1         3         
2      354       556       31284     119       199       218       218       954       2         4         
1      756       386       31268     131       299       296       296       956       1         2         
1      884       858       31101     290       290       570       570       957       1         3         
3      1090      1254      30474     291       84        1246.28   1246.28   958       1         3         
1      628       616       31148     189       131       317       317       965       1         4         
4      982       1004      30918     291       291       745.279   745.279   967       2         3         
1      432       710       31054     52        131       491       491       968       1         2         
2      601       555       31151     189       199       321       321       970       1         2         
2      628       640       31269     189       131       196       196       971       2         4         
1      812       771       31263     290       290       352       352       974       1         3         
1      557       415       31229     189       100       288       288       975       1         4         
1      557       439       31268     189       189       252       252       975       2         3         
4      841       292       30970     290       87        757       757       983       1         2         
1      927       721       31215     290       290       476       476       986       1         3         
1      335       505       31119     119       52        435       435       987       1         4         
2      335       466       31170     119       199       370       370       987       2         3         
1      757       1086      31247     131       291       298       298       988       1         3         
1      656       578       31021     290       189       562       562       990       2         4         
3      679       484       31277     290       189       338       338       990       3         5         
1      335       232       31237     119       266       291       291       991       1         3         
2      335       271       31272     119       127       294       294       991       2         4         
1      466       623       31174     199       280       336       336       993       1         3         
3      467       604       31060     999       189       453       453       993       2         4         
3      837       1047      31205     290       291       434       434       999       1         3         
1      837       896       30921     290       291       716       716       999       2         4         
1      972       692       31264     290       280       421.933   421.933   1001      1         3         
3      949       696       31089     290       189       618.346   618.346   1001      2         4         
1      374       249       31109     119       266       381       381       1011      1         3         
1      860       534       31262     290       199       395       395       1012      2         4         
1      829       719       31178     50        189       385.5     385.5     1017      1         3         
1      993       1087      30872     84        291       836.106   836.106   1018      1         4         
1      326       99        31177     299       286       311.5     311.5     1020      1         3         
3      841       699       30671     290       290       1030.5    1030.5    1023      1         3         
1      842       768       31277     290       290       432.8     432.8     1023      2         4         
3      668       620       31081     280       131       409       409       1033      2         3         
1      1004      960       31271     291       291       396.106   396.106   1034      1         2         
2      1004      780       31265     291       291       444.974   444.974   1035      2         4         
2      1004      484       31272     291       189       437.836   437.836   1035      3         5         
4      584       886       31181     189       290       391       391       1041      2         3         
1      605       694       31238     189       189       282       282       1042      1         4         
4      782       748       31054     291       290       515       515       1043      1         2         
1      949       1053      31231     290       84        446.346   446.346   1045      1         5         
1      1022      670       31151     291       280       470.64    470.64    1049      1         3         
1      389       189       31283     299       286       129       129       1050      1         2         
1      991       651       31242     290       189       444.106   444.106   1052      1         3         
3      905       554       31183     290       189       486       486       1054      1         3         
1      884       717       31026     290       189       645       645       1054      2         4         
1      557       284       31219     189       299       301       301       1059      1         3         
2      768       652       31253     290       189       352       352       1064      1         3         
1      768       652       31257     290       189       347       347       1064      2         4         
1      970       863       30929     290       290       781.106   781.106   1068      2         4         
1      970       883       31243     290       290       467.106   467.106   1068      3         5         
4      348       497       31033     299       999       493       493       1074      1         2         
1      916       755       31254     291       131       350       350       1075      1         4         
1      392       652       31274     52        189       218       218       1076      1         4         
1      1044      1003      31107     291       291       523.64    523.64    1080      1         2         
1      558       653       31284     189       189       236       236       1082      1         2         
1      849       628       31142     291       189       530       530       1085      1         3         
1      791       577       31056     290       189       563       563       1087      1         4         
1      481       532       31233     189       199       287       287       1090      1         2         
1      630       629       31135     189       189       381       381       1091      1         2         
2      926       693       31058     290       280       645       645       1093      1         2         
1      1127      961       31245     291       291       385.279   385.279   1098      1         3         
1      1127      1010      31233     291       290       411.64    411.64    1098      2         4         
2      991       593       31148     290       52        538.106   538.106   1107      2         4         
1      837       693       30535     290       280       1096      1096      1111      1         4         
1      837       693       31217     290       280       421       421       1111      2         3         
3      1090      940       31056     291       291       664.279   664.279   1113      1         3         
2      962       760       31222     291       291       456       456       1115      1         3         
1      1129      1069      30998     291       291       644.279   644.279   1120      1         2         
1      605       648       31174     189       189       346       346       1123      2         3         
3      1004      1032      31212     291       84        475.279   475.279   1127      1         2         
1      711       546       31253     131       52        223       223       1128      1         3         
2      484       421       31123     189       168       379.5     379.5     1129      1         2         
1      888       488       31103     290       199       571.8     571.8     1131      1         4         
1      971       1200      30420     290       84        1077      1077      1134      1         3         
4      842       905       30869     290       290       865       865       1136      2         3         
1      654       35        31226     189       98        312       312       1137      1         2         
3      769       646       31103     290       280       501       501       1139      1         3         
1      862       670       31249     290       280       440       440       1139      2         4         
1      556       408       31240     199       299       252       252       1140      1         4         
2      1022      1126      31014     291       291       596       596       1143      1         2         
1      1068      894       31163     291       291       514.64    514.64    1144      1         3         
2      1068      1227      31103     291       192       590.279   590.279   1144      2         4         
1      873       721       31089     291       290       511.5     511.5     1151      1         3         
2      873       602       31248     291       189       353.5     353.5     1151      2         4         
4      790       671       31157     290       280       461       461       1157      2         3         
3      690       575       31222     131       189       319       319       1158      2         4         
1      970       925       31214     290       290       496.106   496.106   1159      2         3         
1      1024      135       31265     291       286       335       335       1162      1         4         
1      789       627       31249     290       189       325       325       1170      1         3         
4      768       652       30637     290       189       985       985       1171      2         3         
3      527       441       31253     52        168       297       297       1173      1         2         
1      609       228       31058     189       266       388       388       1174      1         3         
2      646       617       31182     280       131       318       318       1175      1         3         
2      972       584       31141     290       189       522.866   522.866   1178      1         4         
1      949       814       30779     290       290       898.346   898.346   1178      2         3         
1      924       813       31281     290       290       383       383       1183      1         4         
1      945       835       31243     50        290       446       446       1183      2         3         
1      794       718       31282     290       189       380       380       1188      1         2         
3      551       766       31254     189       290       273       273       1190      1         4         
1      551       648       31261     189       189       266       266       1190      2         3         
1      582       442       31222     189       168       292       292       1191      1         3         
3      560       630       31180     189       189       356       356       1191      2         4         
3      946       815       31269     290       290       415       415       1195      2         4         
3      970       1048      31123     290       291       587.106   587.106   1198      1         2         
1      835       946       31176     290       290       434       434       1199      2         4         
4      1107      1264      31215     291       192       422.279   422.279   1201      1         2         
1      790       738       31120     290       189       466       466       1205      2         3         
1      1022      1264      31175     291       192       440       440       1208      1         4         
1      374       531       31140     119       189       398.5     398.5     1209      1         3         
3      398       48        31114     168       98        445       445       1210      1         2         
1      676       1128      31278     189       291       258       258       1211      2         5         
1      676       603       31285     189       189       252       252       1211      3         4         
2      849       1021      31042     291       291       630       630       1212      1         2         
3      805       680       31187     291       290       378       378       1213      1         3         
1      940       880       31256     291       50        422.905   422.905   1216      1         3         
1      840       723       31287     290       290       376       376       1217      1         3         
1      1011      718       30922     84        189       756.106   756.106   1222      1         4         
3      1053      859       30894     84        290       856.106   856.106   1222      2         3         
1      416       545       31284     100       52        180       180       1223      1         4         
1      1172      1044      31064     129       291       521.106   521.106   1225      1         2         
2      791       948       31277     290       290       346       346       1226      1         3         
1      252       234       31260     206       87        206       206       1227      1         2         
2      981       1003      30731     291       291       901       901       1229      1         2         
3      433       374       31073     52        119       429       429       1230      1         3         
1      455       835       31236     52        290       284       284       1230      2         4         
2      578       483       31286     189       189       199       199       1231      1         3         
1      484       698       31219     189       189       283.5     283.5     1233      1         4         
1      558       694       31278     189       189       242       242       1239      1         3         
1      554       504       31245     189       52        247       247       1242      1         3         
1      554       228       31258     189       266       232       232       1242      2         4         
1      948       1148      30964     290       291       743.5     743.5     1247      2         3         
1      1089      1218      31232     291       84        418.64    418.64    1250      2         4         
1      408       475       31246     299       52        255       255       1251      1         2         
1      748       723       31263     290       290       369       369       1254      1         3         
3      535       415       31246     189       100       276       276       1259      1         3         
1      715       719       31129     131       189       403       403       1263      1         2         
1      863       699       31067     290       290       636       636       1266      2         5         
2      863       905       30796     290       290       907       907       1266      3         4         
3      959       760       31062     291       291       595       595       1272      1         3         
1      792       718       31156     290       189       462       462       1273      1         3         
3      441       600       30896     168       280       648       648       1276      1         2         
1      501       604       31106     52        189       444       444       1277      1         2         
3      816       1068      30922     290       291       740       740       1283      1         3         
1      778       825       31221     131       291       327       327       1285      1         3         
1      311       458       31179     87        52        352       352       1293      1         2         
3      959       760       31062     291       291       595       595       1298      1         3         
2      971       791       31241     290       290       470.346   470.346   0         0         0         
2      819       971       31248     999       290       462.8     462.8     0         0         0         
3      819       971       31248     999       290       462.8     462.8     0         0         0         
2      970       793       31261     290       290       449.106   449.106   0         0         0         
1      1230      1088      31290     129       291       0         0         0         0         0         
1      551       628       31290     189       189       0         0         0         0         0         
1      884       694       31290     290       189       0         0         0         0         0         
1      354       435       31290     119       52        0         0         0         0         0         
1      594       460       31291     131       189       0         0         0         0         0         
1      618       648       31291     131       189       0         0         0         0         0         
1      1376      1286      31291     129       129       0         0         0         0         0         
1      875       1023      31291     291       291       0         0         0         0         0         
2      365       671       31291     299       280       0         0         0         0         0         
3      458       616       31291     52        131       0         0         0         0         0         
3      701       580       31291     290       189       0         0         0         0         0         
3      701       580       31291     290       189       0         0         0         0         0         
2      458       616       31291     52        131       0         0         0         0         0         
1      621       605       31291     280       189       0         0         0         0         0         
1      464       418       31292     168       168       0         0         0         0         0         
1      677       535       31292     189       189       0         0         0         0         0         
1      418       600       31292     168       280       0         0         0         0         0         
1      897       287       31293     291       299       0         0         0         0         0         
1      535       924       31293     189       290       0         0         0         0         0         
3      694       650       31293     189       189       0         0         0         0         0         
1      434       310       31293     52        127       0         0         0         0         0         
3      1023      1187      31294     291       291       0         0         0         0         0         
3      1023      1187      31294     291       291       0         0         0         0         0         
1      291       335       31294     87        119       0         0         0         0         0         
1      940       626       31294     291       189       0         0         0         0         0         
1      790       575       31294     290       189       0         0         0         0         0         
1      1248      1228      31294     129       192       0         0         0         0         0         
1      913       759       31295     291       131       0         0         0         0         0         
3      310       47        31295     127       98        0         0         0         0         0         
1      907       745       31295     290       290       0         0         0         0         0         
1      236       352       31295     87        119       0         0         0         0         0         
3      310       47        31295     127       98        0         0         0         0         0         
3      581       698       31296     189       189       0         0         0         0         0         
3      581       698       31296     189       189       0         0         0         0         0         
2      947       993       31296     290       84        0         0         0         0         0         
2      800       1088      31296     131       291       0         0         0         0         0         
1      654       582       31297     189       189       0         0         0         0         0         
1      397       651       31297     168       189       0         0         0         0         0         
1      912       1003      31297     291       291       0         0         0         0         0         
2      674       1218      31297     189       84        0         0         0         0         0         
1      757       285       31297     131       299       0         0         0         0         0         
1      193       689       31297     266       131       0         0         0         0         0         
1      248       348       31298     266       299       0         0         0         0         0         
1      817       672       31298     290       189       0         0         0         0         0         
1      466       35        31299     199       98        0         0         0         0         0         
1      198       353       31299     178       119       0         0         0         0         0         
1      623       1208      31299     280       192       0         0         0         0         0         
1      675       575       31300     189       189       0         0         0         0         0         
2      735       393       31300     131       52        0         0         0         0         0         
2      256       332       31300     87        87        0         0         0         0         0         
1      557       694       31301     189       189       0         0         0         0         0         
1      805       697       31301     291       189       0         0         0         0         0         
4      572       529       31301     131       189       0         0         0         0         0         
1      906       795       31301     290       290       0         0         0         0         0         
1      573       697       31301     189       189       0         0         0         0         0         
2      510       463       31301     199       168       0         0         0         0         0         
3      188       643       31302     286       131       0         0         0         0         0         
3      188       643       31302     286       131       0         0         0         0         0         
1      550       694       31302     189       189       0         0         0         0         0         
1      865       415       31302     290       100       0         0         0         0         0         
1      602       482       31302     189       189       0         0         0         0         0         
2      377       525       31302     168       52        0         0         0         0         0         
2      801       849       31303     291       291       0         0         0         0         0         
1      666       571       31303     131       52        0         0         0         0         0         
1      883       650       31303     290       189       0         0         0         0         0         
2      1048      772       31303     291       290       0         0         0         0         0         
1      550       557       31303     189       189       0         0         0         0         0         
1      598       416       31304     189       100       0         0         0         0         0         
1      692       46        31304     280       98        0         0         0         0         0         
1      579       61        31304     189       98        0         0         0         0         0         
1      621       603       31304     280       189       0         0         0         0         0         
2      838       671       31304     290       280       0         0         0         0         0         
3      838       671       31304     290       280       0         0         0         0         0         
1      609       887       31304     189       290       0         0         0         0         0         
1      348       395       31305     299       100       0         0         0         0         0         
3      229       578       31305     266       189       0         0         0         0         0         
1      606       333       31305     189       119       0         0         0         0         0         
3      229       578       31305     266       189       0         0         0         0         0         
1      871       755       31305     291       131       0         0         0         0         0         
2      118       498       31306     286       52        0         0         0         0         0         
1      724       606       31306     290       189       0         0         0         0         0         
1      189       393       31306     286       52        0         0         0         0         0         
1      694       463       31306     189       168       0         0         0         0         0         
1      397       558       31306     168       189       0         0         0         0         0         
1      655       651       31306     189       189       0         0         0         0         0         
2      391       582       31307     52        189       0         0         0         0         0         
1      439       627       31307     189       189       0         0         0         0         0         
1      171       247       31307     286       266       0         0         0         0         0         
1      485       393       31307     189       52        0         0         0         0         0         
1      791       749       31308     290       290       0         0         0         0         0         
2      887       1053      31308     290       84        0         0         0         0         0         
1      691       846       31309     131       291       0         0         0         0         0         
1      1250      644       31309     129       131       0         0         0         0         0         
1      434       483       31310     52        189       0         0         0         0         0         
1      924       674       31310     290       189       0         0         0         0         0         
1      748       353       31310     290       119       0         0         0         0         0         
1      624       485       31310     189       189       0         0         0         0         0         
2      395       627       31310     100       189       0         0         0         0         0         
2      557       640       31310     189       131       0         0         0         0         0         
2      882       46        31310     290       98        0         0         0         0         0         
3      882       46        31310     290       98        0         0         0         0         0         
1      527       535       31310     52        189       0         0         0         0         0         
1      478       116       31311     52        9         0         0         0         0         0         
1      747       122       31311     290       54        0         0         0         0         0         
1      554       436       31311     189       100       0         0         0         0         0         
1      723       969       31311     290       290       0         0         0         0         0         
1      579       48        31311     189       98        0         0         0         0         0         
2      594       577       31312     131       189       0         0         0         0         0         
3      594       577       31312     131       189       0         0         0         0         0         
1      669       616       31312     280       131       0         0         0         0         0         
1      628       599       31312     189       280       0         0         0         0         0         
1      137       371       31312     286       52        0         0         0         0         0         
1      330       560       31312     127       189       0         0         0         0         0         
1      715       732       31312     131       131       0         0         0         0         0         
1      938       647       31313     291       280       0         0         0         0         0         
3      350       556       31313     127       199       0         0         0         0         0         
3      350       556       31313     127       199       0         0         0         0         0         
1      434       553       31313     52        189       0         0         0         0         0         
1      549       746       31313     52        290       0         0         0         0         0         
2      1002      581       31313     291       189       0         0         0         0         0         
1      534       617       31313     199       131       0         0         0         0         0         
3      863       679       31314     290       290       0         0         0         0         0         
3      863       679       31314     290       290       0         0         0         0         0         
2      599       583       31314     280       189       0         0         0         0         0         
1      645       507       31314     280       189       0         0         0         0         0         
3      836       766       31314     290       290       0         0         0         0         0         
2      836       766       31314     290       290       0         0         0         0         0         
1      408       506       31315     299       189       0         0         0         0         0         
1      1325      881       31315     129       290       0         0         0         0         0         
1      509       696       31315     199       189       0         0         0         0         0         
1      787       782       31315     50        291       0         0         0         0         0         
3      210       117       31315     266       286       0         0         0         0         0         
3      210       117       31315     266       286       0         0         0         0         0         
1      303       417       31316     299       100       0         0         0         0         0         
1      801       627       31316     291       189       0         0         0         0         0         
2      573       720       31316     189       290       0         0         0         0         0         
3      573       720       31316     189       290       0         0         0         0         0         
1      475       265       31316     52        299       0         0         0         0         0         
1      723       630       31316     290       189       0         0         0         0         0         
1      582       577       31316     189       189       0         0         0         0         0         
1      436       874       31316     100       291       0         0         0         0         0         
3      269       505       31317     127       52        0         0         0         0         0         
2      269       505       31317     127       52        0         0         0         0         0         
1      865       923       31317     290       290       0         0         0         0         0         
2      608       702       31318     189       290       0         0         0         0         0         
1      1086      1264      31318     291       192       0         0         0         0         0         
1      715       719       31318     131       189       0         0         0         0         0         
1      367       416       31318     299       100       0         0         0         0         0         
1      627       371       31318     189       52        0         0         0         0         0         
1      133       188       31319     9         286       0         0         0         0         0         
1      781       640       31319     291       131       0         0         0         0         0         
1      1216      1094      31319     129       84        0         0         0         0         0         
1      925       865       31319     290       290       0         0         0         0         0         
1      253       332       31319     206       87        0         0         0         0         0         
3      840       863       31319     290       290       0         0         0         0         0         
3      840       863       31319     290       290       0         0         0         0         0         
1      1111      1269      31319     50        129       0         0         0         0         0         
2      780       392       31319     291       52        0         0         0         0         0         
