COLUMNS

passenger_count
pickup_ID
dropoff_ID
request_time_sec
pickup_time_sec
pickup_depart_sec
vehicle_ID
pickup_district
dropoff_district
position

REQUESTS_INFO
3      44        526       29772     29890     29920     0              98             52             1              
1      1372      580       29788     29851     29881     2              129            189            1              
1      332       216       30020     30137     30167     3              87             178            1              
3      478       48        30060     30144     30174     4              52             98             1              
3      31        135       30087     30174     30204     6              9              286            1              
1      43        284       29993     30108     30138     6              9              299            2              
1      1106      1044      30068     30147     30177     7              291            291            1              
1      1128      893       30018     30101     30131     7              291            291            2              
2      328       556       29922     30016     30046     11             299            199            1              
1      389       295       29854     29968     29998     15             299            87             1              
2      724       352       29741     29822     29852     19             290            119            1              
1      395       743       30084     30124     30154     24             100            290            1              
1      790       436       30063     30179     30209     28             290            100            1              
2      525       597       30045     30090     30120     29             52             131            1              
1      504       32        30061     30200     30230     29             52             98             2              
1      731       580       30074     30152     30182     32             131            189            1              
1      314       1000      29739     29869     29899     33             119            291            1              
2      452       692       29878     29991     30021     36             52             280            1              
1      557       789       30063     30132     30162     39             189            290            1              
1      152       265       30060     30153     30183     42             9              299            1              
2      499       870       29879     29976     30006     47             52             291            1              
1      256       598       29665     29786     29816     49             87             189            1              
1      237       915       29620     29736     29766     49             87             291            2              
1      498       199       29940     30070     30100     54             52             178            1              
2      34        557       29963     30052     30082     55             98             189            1              
3      313       188       29790     29987     30017     63             87             286            1              
1      35        694       29632     29756     29786     73             98             189            1              
3      118       722       29926     29989     30019     75             286            290            1              
1      475       1244      30038     30154     30184     79             52             192            1              
1      499       862       29968     30006     30036     80             52             290            1              
1      1089      894       30044     30168     30198     81             291            291            1              
1      354       575       30029     30102     30132     83             119            189            1              
3      749       654       29933     30039     30069     84             290            189            1              
2      287       125       29948     30063     30093     88             299            54             1              
1      307       91        29916     30012     30042     88             127            178            2              
1      328       527       29941     30075     30105     91             299            52             1              
1      455       644       30061     30126     30156     92             52             131            1              
1      410       597       30015     30135     30165     96             52             131            1              
1      499       435       29991     30092     30122     98             52             52             1              
2      499       578       30073     30122     30152     98             52             189            2              
1      925       768       29789     29852     29882     99             290            290            1              
2      814       948       29933     30030     30060     99             290            290            2              
2      118       722       29926     30055     30085     101            286            290            1              
1      240       233       30039     30158     30188     108            87             206            1              
1      239       250       30002     30089     30119     108            87             127            2              
1      258       624       30034     30132     30162     111            87             189            1              
1      769       738       29935     30025     30055     112            290            189            1              
1      792       527       29978     30069     30099     112            290            52             2              
3      1319      865       30079     30241     30271     116            129            290            1              
1      217       430       30031     30208     30238     117            87             52             1              
1      314       607       29897     30028     30058     120            119            189            1              
1      333       983       30003     30117     30147     123            119            291            1              
2      295       527       29729     29833     29863     125            87             52             1              
1      419       390       29889     29944     29974     129            168            52             1              
2      557       351       29903     29976     30006     132            189            52             1              
2      351       327       29995     30101     30131     135            52             299            1              
1      723       801       30023     30117     30147     145            290            291            1              
1      35        782       29804     29850     29880     148            98             291            1              
1      499       371       29954     30071     30101     152            52             52             1              
3      430       770       30036     30165     30195     152            52             290            2              
1      735       529       29959     30040     30070     154            131            189            1              
2      314       556       30009     30109     30139     160            119            199            1              
1      731       580       29967     30040     30070     163            131            189            1              
3      461       526       29990     30071     30101     166            189            52             1              
1      438       742       30050     30153     30183     166            100            290            2              
3      390       155       30068     30225     30255     170            52             286            1              
1      793       992       29916     30045     30075     171            290            290            1              
1      460       748       29905     30036     30066     172            189            290            1              
1      980       885       29955     30047     30077     175            291            290            1              
1      350       621       29906     30003     30033     182            127            280            1              
1      295       527       29711     29807     29837     184            87             52             1              
1      315       527       29746     29852     29882     184            277            52             2              
1      482       351       30074     30170     30200     184            189            52             3              
1      914       1170      30031     30144     30174     186            291            291            1              
1      354       307       30064     30175     30205     188            119            127            1              
3      992       1281      30044     30168     30198     190            290            192            1              
1      594       473       30026     30090     30120     193            131            52             1              
2      329       756       30082     30206     30236     194            127            131            1              
1      269       188       29944     30076     30106     197            127            286            1              
3      311       728       30008     30142     30172     200            87             290            1              
1      233       439       29798     29906     29936     204            206            189            1              
1      291       252       30047     30179     30209     212            87             206            1              
3      1233      1034      30048     30133     30163     216            129            84             1              
1      912       521       30050     30119     30149     218            291            52             1              
1      397       527       30000     30120     30150     219            168            52             1              
1      667       452       29874     29981     30011     222            131            52             1              
1      781       431       29890     29986     30016     224            291            52             1              
1      688       578       30076     30146     30176     225            131            189            1              
1      666       550       30034     30090     30120     225            131            189            2              
1      714       431       30055     30145     30175     227            131            52             1              
1      1087      673       29942     30011     30041     231            291            189            1              
1      619       45        29517     29589     29619     232            131            98             1              
1      354       457       29641     29804     29834     233            119            52             1              
2      476       265       30039     30126     30156     233            52             299            2              
2      992       527       29845     29917     29947     246            290            52             1              
1      662       79        29890     29974     30004     254            131            98             1              
1      397       605       30027     30126     30156     255            168            189            1              
2      970       1088      30077     30144     30174     262            290            291            1              
3      607       557       30074     30160     30190     263            189            189            1              
1      374       788       30047     30193     30223     264            119            290            1              
1      442       415       30043     30128     30158     267            168            100            1              
2      31        135       30087     30216     30246     271            9              286            1              
1      480       422       30082     30186     30216     272            52             168            1              
3      1208      1187      30040     30127     30157     273            192            291            2              
1      1000      1108      30036     30126     30156     283            291            291            1              
1      1000      1010      29968     30096     30126     283            291            290            2              
1      1000      836       30086     30156     30186     283            291            290            3              
2      871       804       30009     30094     30124     289            291            291            1              
1      872       665       29968     30050     30080     289            291            131            2              
1      873       79        30064     30160     30190     289            291            98             3              
1      693       482       30064     30147     30177     290            280            189            1              
1      909       947       30089     30142     30172     291            290            290            1              
2      909       1218      30038     30112     30142     291            290            84             2              
1      608       603       29874     29974     30004     292            189            189            1              
1      557       61        29902     29970     30000     293            189            98             1              
1      458       623       30050     30151     30181     294            52             280            3              
1      418       504       29979     30081     30111     299            168            52             1              
1      884       746       30072     30197     30227     300            290            290            1              
1      813       906       29999     30093     30123     300            290            290            2              
3      369       251       29956     30080     30110     302            52             127            1              
2      596       371       29951     30004     30034     307            131            52             1              
2      758       502       29973     30030     30060     312            131            52             1              
1      621       968       29891     29968     29998     320            280            290            1              
2      791       946       29978     30054     30084     323            290            290            1              
1      629       621       30003     30100     30130     329            189            280            1              
3      436       19        29969     30090     30120     330            100            98             1              
1      948       1152      30055     30158     30188     331            290            291            1              
1      366       621       29877     29955     29985     333            299            280            1              
1      366       578       29923     29985     30015     333            299            189            2              
1      557       10        29582     29640     29670     337            189            98             1              
2      296       504       29781     29921     29951     339            277            52             1              
1      292       527       30080     30135     30165     339            87             52             2              
1      338       1267      29871     29998     30028     341            277            129            1              
1      556       34        30086     30131     30161     345            199            98             1              
1      906       995       30085     30174     30204     347            290            84             1              
1      962       1208      29954     30106     30136     349            291            192            1              
3      815       727       30011     30124     30154     357            290            290            3              
3      532       1149      30075     30150     30180     362            199            291            1              
1      601       1404      29946     30000     30030     364            189            129            1              
2      676       756       30089     30153     30183     365            189            131            1              
1      1044      620       30086     30195     30225     366            291            131            1              
1      506       578       29899     29976     30006     369            189            189            1              
2      505       760       30014     30084     30114     369            52             291            2              
1      632       881       29901     29985     30015     372            189            290            1              
1      679       1032      29951     30060     30090     372            290            84             2              
1      481       850       29880     29947     29977     375            189            291            1              
1      607       355       29873     29933     29963     376            189            119            1              
1      1128      727       29916     29983     30013     381            291            290            1              
1      118       1615      29509     29607     29637     383            286            296            1              
1      647       779       29854     29971     30001     384            280            131            1              
1      669       959       29988     30093     30123     384            280            291            2              
2      530       983       29866     29973     30003     386            189            291            1              
2      287       351       30084     30197     30227     388            299            52             1              
1      652       711       30035     30151     30181     389            189            131            1              
1      1053      535       30018     30085     30115     393            84             189            1              
1      793       732       29897     30001     30031     395            290            131            1              
1      621       630       29964     30027     30057     399            280            189            1              
3      217       560       30039     30199     30229     400            87             189            1              
1      484       701       30048     30117     30147     401            189            290            1              
1      463       742       30085     30185     30215     401            168            290            2              
2      335       906       29910     30064     30094     402            119            290            1              
1      484       1140      29975     30069     30099     406            189            84             1              
1      817       973       30089     30133     30163     410            290            84             2              
1      710       948       29995     30072     30102     411            131            290            1              
1      527       555       30076     30120     30150     414            52             199            1              
2      527       278       30051     30090     30120     414            52             87             2              
1      487       480       30049     30131     30161     417            199            52             1              
1      558       415       29973     30060     30090     417            189            100            2              
1      621       771       30045     30143     30173     420            280            290            1              
3      297       527       30041     30140     30170     425            277            52             1              
2      743       1044      29971     30058     30088     430            290            291            1              
1      552       326       30067     30120     30150     432            189            299            1              
1      631       580       30012     30132     30162     433            189            189            1              
1      631       737       30066     30162     30192     433            189            189            2              
1      1431      79        29714     29865     29895     435            129            98             1              
3      250       390       29845     29941     29971     439            127            52             1              
2      719       580       29994     30082     30112     440            189            189            1              
1      675       485       29950     30053     30083     442            189            189            1              
1      1131      735       30040     30164     30194     447            291            131            1              
1      738       903       29987     30079     30109     449            189            290            1              
1      630       527       29872     29944     29974     451            189            52             1              
3      560       928       30003     30123     30153     452            189            290            1              
1      311       356       30017     30121     30151     454            87             119            1              
3      311       728       30008     30091     30121     454            87             290            2              
1      136       228       30057     30138     30168     455            286            266            1              
1      465       188       30011     30060     30090     456            199            286            1              
1      152       99        30086     30174     30204     458            9              286            1              
1      488       874       30069     30183     30213     459            199            291            1              
1      608       307       29988     30066     30096     462            189            127            1              
2      464       397       30008     30074     30104     464            168            168            1              
1      677       580       29879     29953     29983     468            189            189            1              
1      350       940       29609     29716     29746     471            127            291            1              
3      560       928       30003     30133     30163     475            189            290            1              
1      951       862       30064     30200     30230     479            290            290            1              
3      487       375       30047     30144     30174     481            199            119            1              
2      313       188       29790     29985     30015     484            87             286            1              
1      235       389       30000     30171     30201     486            87             299            1              
1      872       349       29900     29958     29988     488            291            127            1              
1      374       654       30068     30180     30210     492            119            189            1              
1      374       698       30048     30150     30180     492            119            189            2              
1      230       615       29976     30144     30174     493            266            131            1              
1      118       203       29920     30059     30089     498            286            87             1              
1      253       419       30022     30129     30159     499            206            168            1              
1      255       696       29945     30035     30065     499            87             189            2              
1      210       285       29948     30030     30060     500            266            299            1              
1      374       623       29876     30026     30056     502            119            280            1              
2      1065      749       29940     30061     30091     504            291            290            1              
1      171       621       29891     29983     30013     508            286            280            1              
1      1087      489       29816     29872     29902     510            291            199            1              
3      619       347       30076     30120     30150     511            131            299            2              
1      390       352       30019     30129     30159     513            52             119            1              
3      369       251       29956     30056     30086     513            52             127            2              
1      452       642       30043     30123     30153     515            52             131            2              
1      760       895       29907     30019     30049     521            291            291            1              
3      530       983       29866     29977     30007     525            189            291            1              
3      817       393       29807     29907     29937     529            290            52             1              
1      433       697       29932     30025     30055     531            52             189            1              
1      600       960       29804     29901     29931     532            280            291            1              
1      725       580       29958     30065     30095     539            290            189            1              
2      210       481       29701     29811     29841     547            266            189            1              
1      745       905       30046     30153     30183     551            290            290            1              
2      860       908       30073     30209     30239     559            290            290            1              
2      1208      1187      30040     30158     30188     563            192            291            2              
1      864       675       30052     30111     30141     564            290            189            1              
1      861       605       30070     30188     30218     564            290            189            2              
1      861       551       30078     30218     30248     564            290            189            3              
1      748       927       30049     30151     30181     569            290            290            1              
1      748       720       29979     30121     30151     569            290            290            2              
2      651       527       30055     30144     30174     570            189            52             1              
1      99        211       30089     30172     30202     572            286            266            1              
1      253       278       30028     30143     30173     573            206            87             2              
1      736       531       29946     30072     30102     574            131            189            1              
1      860       881       30067     30209     30239     575            290            290            1              
1      770       923       29875     29980     30010     576            290            290            1              
3      795       210       29868     30005     30035     578            290            266            1              
1      971       153       29627     29733     29763     579            290            286            1              
2      1140      938       30080     30193     30223     580            84             291            1              
1      795       721       29777     29870     29900     581            290            290            1              
1      593       136       29963     30018     30048     584            52             286            1              
2      746       905       30062     30183     30213     586            290            290            1              
1      715       377       29953     30026     30056     587            131            168            1              
2      768       923       29876     29910     29940     588            290            290            1              
1      791       859       29910     30022     30052     588            290            290            2              
1      621       116       30054     30127     30157     589            280            9              1              
1      905       836       29960     30035     30065     592            290            290            1              
1      905       484       30022     30065     30095     592            290            189            2              
1      748       1568      29871     29964     29994     594            290            296            1              
1      888       925       29907     29959     29989     599            290            290            1              
1      888       923       29873     29929     29959     599            290            290            2              
1      903       1530      30015     30123     30153     599            290            296            3              
1      914       571       29872     29954     29984     609            291            52             1              
1      675       914       30086     30149     30179     615            189            291            1              
2      926       894       29905     29958     29988     616            290            291            1              
1      937       1267      30070     30154     30184     620            291            129            1              
1      479       32        29917     30068     30098     621            52             98             1              
3      772       928       30061     30168     30198     623            290            290            1              
1      1417      1186      30024     30291     30321     624            129            291            1              
1      655       1220      30006     30150     30180     626            189            84             1              
2      817       393       29807     29900     29930     629            290            52             1              
1      818       621       30058     30121     30151     633            290            280            1              
1      841       527       29975     30061     30091     633            290            52             2              
1      772       1284      29685     29791     29821     638            290            129            1              
1      679       816       29984     30076     30106     642            290            290            1              
1      655       580       30048     30161     30191     642            189            189            2              
1      713       191       29784     29880     29910     645            131            266            1              
1      884       990       30007     30060     30090     647            290            290            1              
1      923       929       30032     30135     30165     647            290            290            2              
3      1096      145       29581     29734     29764     649            84             178            1              
1      1003      979       29990     30111     30141     650            291            291            1              
1      1003      905       30081     30171     30201     650            291            290            2              
1      1003      232       30066     30141     30171     650            291            266            3              
2      939       746       29926     30037     30067     653            291            290            1              
3      746       905       30062     30189     30219     659            290            290            1              
1      768       861       29970     30095     30125     660            290            290            1              
1      772       909       30017     30073     30103     664            290            290            1              
1      771       742       30029     30104     30134     664            290            290            2              
1      817       721       30080     30160     30190     664            290            290            3              
1      838       593       29891     29965     29995     665            290            52             1              
1      458       654       29946     30103     30133     668            52             189            1              
3      814       744       29974     30078     30108     670            290            290            1              
1      838       398       30001     30138     30168     670            290            168            2              
3      607       557       30074     30181     30211     673            189            189            1              
1      1068      289       29997     30092     30122     678            291            127            1              
3      772       928       30061     30170     30200     679            290            290            1              
1      793       906       29985     30100     30130     679            290            290            2              
2      436       19        29969     30069     30099     682            100            98             1              
1      1094      335       29856     30013     30043     684            84             119            3              
1      914       595       29975     30096     30126     685            291            131            1              
1      874       387       30085     30161     30191     685            291            299            2              
1      310       371       29913     29989     30019     686            127            52             1              
1      330       372       30059     30136     30166     686            127            119            2              
2      330       648       29946     30106     30136     686            127            189            3              
1      887       350       29464     29561     29591     688            290            127            1              
1      413       462       30018     30146     30176     688            52             189            2              
1      118       462       30016     30124     30154     694            286            189            3              
1      848       913       30087     30225     30255     697            291            291            1              
1      1128      619       30004     30123     30153     698            291            131            1              
1      981       117       29866     30001     30031     699            291            286            1              
1      1088      368       30042     30140     30170     702            291            299            1              
1      621       835       29861     29966     29996     709            280            290            1              
2      208       755       29958     30064     30094     710            286            131            1              
1      1096      883       30029     30127     30157     711            84             290            1              
1      720       858       30066     30120     30150     714            290            290            1              
1      1091      1217      30067     30183     30213     715            291            84             1              
1      373       652       30002     30129     30159     717            119            189            1              
3      939       746       29926     30077     30107     722            291            290            1              
1      738       602       29833     29893     29923     724            189            189            1              
3      651       527       30055     30131     30161     724            189            52             2              
3      981       732       30069     30181     30211     729            291            131            1              
2      217       560       30039     30150     30180     730            87             189            1              
1      218       557       29948     30082     30112     730            87             189            2              
3      912       394       29900     30020     30050     736            291            100            1              
3      668       526       30048     30149     30179     737            280            52             1              
1      893       574       30017     30110     30140     738            291            189            1              
1      893       906       29859     30012     30042     739            291            290            1              
2      619       347       30076     30130     30160     741            131            299            1              
1      947       680       29962     30030     30060     744            290            290            1              
1      948       435       30005     30116     30146     744            290            52             2              
1      735       345       29859     29957     29987     750            131            299            1              
1      621       1034      30082     30148     30178     751            280            84             1              
2      893       557       29881     29974     30004     753            291            189            1              
1      875       718       29830     29963     29993     755            291            189            1              
1      894       781       30018     30131     30161     757            291            291            1              
1      894       1126      30009     30101     30131     757            291            291            2              
2      782       981       29855     29941     29971     758            291            291            2              
1      312       621       29681     29843     29873     759            87             280            1              
1      984       1706      29857     30008     30038     761            291            142            1              
1      874       739       30019     30086     30116     763            291            189            1              
1      1168      558       29928     29970     30000     764            291            189            1              
3      369       718       29878     29998     30028     768            52             189            1              
1      304       288       29866     30021     30051     769            299            127            1              
1      984       906       30005     30145     30175     781            291            290            1              
1      556       827       30050     30090     30120     786            199            291            1              
3      532       1149      30075     30145     30175     786            199            291            2              
1      387       721       30073     30204     30234     797            299            290            1              
2      329       392       30041     30165     30195     799            127            52             1              
1      329       505       30038     30135     30165     799            127            52             2              
1      348       698       29863     30065     30095     799            299            189            3              
