COLUMNS

passenger_count
pickup_ID
dropoff_ID
request_time_sec
pickup_time_sec
pickup_depart_sec
vehicle_ID
pickup_district
dropoff_district
position

REQUESTS_INFO
1      529       19        30656     30758     30788     0              189            98             1              
1      671       760       30924     31023     31053     1              280            291            1              
2      719       848       31009     31081     31111     1              189            291            2              
1      118       473       31004     31126     31156     2              286            52             1              
1      46        289       30537     30679     30709     9              98             127            1              
1      46        289       30554     30709     30739     9              98             127            2              
2      211       859       30757     30923     30953     12             266            290            1              
1      841       621       30755     30835     30865     19             290            280            1              
1      904       439       30815     31013     31043     19             290            189            2              
1      500       458       30966     31110     31140     26             52             52             1              
1      256       573       30837     30933     30963     27             87             189            1              
1      34        504       30988     31044     31074     29             98             52             1              
1      779       476       31040     31158     31188     30             131            52             1              
1      546       781       30890     30930     30960     35             52             291            1              
1      478       309       30980     31061     31091     36             52             127            1              
1      501       215       31032     31149     31179     36             52             178            2              
1      535       399       30888     30985     31015     39             189            168            1              
1      630       330       31014     31087     31117     39             189            127            2              
1      533       527       30899     30945     30975     42             199            52             1              
1      814       557       30929     31017     31047     43             290            189            1              
1      461       923       30648     30755     30785     46             189            290            1              
1      581       744       30926     31001     31031     48             189            290            1              
1      629       747       30946     31070     31100     48             189            290            2              
1      629       700       31035     31100     31130     48             189            290            3              
1      415       527       30948     31089     31119     49             100            52             1              
2      370       556       30678     30776     30806     52             52             199            1              
1      484       352       30860     30949     30979     55             189            119            1              
3      551       116       31038     31099     31129     55             189            9              2              
1      234       372       31001     31089     31119     59             87             119            1              
1      199       556       30838     30922     30952     59             178            199            2              
2      216       838       30890     31026     31056     59             178            290            3              
1      466       560       30969     31033     31063     61             199            189            1              
1      599       827       30913     31042     31072     66             280            291            1              
1      1078      593       30793     30991     31021     67             84             52             1              
1      248       573       30905     31030     31060     70             266            189            1              
1      882       604       30850     30930     30960     72             290            189            1              
2      743       882       31037     31157     31187     72             290            290            2              
1      688       1044      30976     31142     31172     73             131            291            1              
1      452       627       30873     30930     30960     74             52             189            1              
1      410       896       30929     31031     31061     74             52             291            2              
1      412       1065      30970     31112     31142     74             52             291            3              
1      1149      550       30880     30976     31006     79             291            189            2              
1      1386      1066      30737     30912     30942     81             129            291            1              
1      1306      891       30611     30786     30816     81             129            291            2              
1      458       983       30726     30842     30872     82             52             291            1              
1      191       668       30739     30833     30863     87             266            280            1              
1      1149      968       30925     31032     31062     92             291            290            1              
1      310       170       30836     30912     30942     93             127            286            1              
3      959       79        30941     31096     31126     102            291            98             3              
3      654       575       30818     30951     30981     103            189            189            1              
1      908       527       30811     30984     31014     104            290            52             1              
1      1078      442       30512     30658     30688     106            84             168            1              
1      1319      647       30853     30989     31019     110            129            280            1              
3      1370      135       30945     31097     31127     110            129            286            2              
1      643       1281      30838     30936     30966     112            131            192            1              
1      527       767       30913     30960     30990     115            52             290            1              
2      1139      699       31000     31138     31168     116            84             290            1              
1      306       670       30930     31084     31114     117            299            280            1              
1      275       213       30959     31104     31134     119            87             266            1              
1      441       524       30978     31086     31116     128            168            52             1              
1      884       928       30965     31085     31115     131            290            290            1              
2      839       713       30869     31012     31042     131            290            131            2              
1      314       623       30787     30840     30870     132            119            280            1              
1      19        507       31026     31161     31191     133            98             189            1              
1      315       603       30751     30860     30890     134            277            189            1              
1      527       558       31021     31115     31145     137            52             189            1              
2      9         826       30786     30847     30877     139            98             291            1              
3      907       294       30844     30969     30999     141            290            87             1              
1      398       486       31024     31130     31160     144            168            199            1              
2      397       298       30950     31078     31108     144            168            277            2              
1      598       289       30990     31098     31128     146            189            127            1              
1      34        883       30761     30891     30921     147            98             290            1              
1      1024      526       30577     30769     30799     149            291            52             1              
2      959       432       30746     30868     30898     149            291            52             2              
1      527       90        30653     30690     30720     150            52             178            1              
1      233       143       31021     31147     31177     150            206            54             2              
1      745       814       30897     31078     31108     152            290            290            1              
1      745       527       31019     31108     31138     152            290            52             2              
1      162       570       30893     30977     31007     154            178            52             1              
2      35        432       30978     31089     31119     155            98             52             1              
1      904       438       31026     31090     31120     160            290            100            3              
3      457       531       30977     31085     31115     161            52             189            1              
1      458       619       30899     31001     31031     161            52             131            2              
1      817       909       31015     31109     31139     162            290            290            1              
1      838       333       30982     31043     31073     162            290            119            2              
1      743       1032      30684     30767     30797     166            290            84             1              
1      990       670       30972     31115     31145     166            290            280            2              
2      191       597       30680     30798     30828     170            266            131            1              
2      621       232       31016     31063     31093     171            280            266            1              
1      1010      904       31017     31172     31202     172            290            290            1              
3      1036      771       30788     31034     31064     172            84             290            2              
1      415       229       30942     31097     31127     173            100            266            1              
2      557       923       30913     31024     31054     175            189            290            1              
1      533       1032      30981     31069     31099     175            199            84             2              
1      488       1065      31027     31180     31210     175            199            291            3              
1      848       549       30994     31169     31199     177            291            52             1              
1      336       974       30673     30812     30842     178            277            84             1              
1      373       526       30929     30977     31007     181            119            52             1              
1      644       720       30983     31111     31141     184            131            290            1              
1      597       652       30934     30994     31024     184            131            189            2              
1      645       32        30976     31071     31101     187            280            98             1              
1      672       550       31009     31050     31080     188            189            189            1              
1      719       421       31043     31127     31157     188            189            168            2              
2      873       847       30987     31143     31173     190            291            291            1              
1      420       454       30600     30841     30871     191            168            52             1              
1      334       598       30997     31135     31165     191            119            189            2              
1      250       31        30824     30946     30976     193            127            9              1              
1      179       1210      30874     30952     30982     195            178            129            1              
3      211       859       30757     30884     30914     196            266            290            1              
2      857       527       30838     30928     30958     200            290            52             1              
2      312       676       30766     30892     30922     201            87             189            1              
1      255       834       30645     30785     30815     201            87             290            2              
1      238       511       30963     31034     31064     202            87             199            1              
1      236       398       30967     31112     31142     202            87             168            2              
1      749       717       31029     31134     31164     203            290            189            1              
2      269       419       31028     31134     31164     204            127            168            1              
1      309       267       31027     31167     31197     206            127            266            1              
1      43        924       30837     30954     30984     210            9              290            1              
1      643       504       30874     31042     31072     212            131            52             1              
1      782       408       30949     31072     31102     213            291            299            1              
1      1048      960       30862     30996     31026     216            291            291            1              
1      1025      526       30751     30879     30909     216            291            52             2              
3      731       526       30909     31034     31064     221            131            52             1              
1      666       454       30997     31127     31157     221            131            52             2              
1      781       607       30876     31002     31032     222            291            189            1              
3      735       619       30803     30890     30920     224            131            131            1              
1      827       551       30956     31085     31115     224            291            189            2              
1      511       1044      30609     30719     30749     225            199            291            1              
2      852       968       30955     31098     31128     225            291            290            2              
1      505       733       31024     31159     31189     230            52             131            1              
1      397       627       30977     31039     31069     232            168            189            1              
1      643       367       30904     31016     31046     234            131            299            1              
1      645       10        30836     30923     30953     234            280            98             2              
2      885       881       30825     30958     30988     235            290            290            1              
2      905       504       30993     31109     31139     235            290            52             2              
1      687       673       31027     31122     31152     237            131            189            2              
1      559       623       31003     31103     31133     239            189            280            1              
1      535       824       30984     31031     31061     239            189            291            2              
1      598       19        30838     30910     30940     241            189            98             1              
2      759       970       30891     31040     31070     243            131            290            1              
1      663       1002      30994     31156     31186     244            131            291            1              
1      731       527       31027     31162     31192     245            131            52             1              
3      670       769       30911     31032     31062     246            280            290            1              
1      673       272       31004     31106     31136     246            189            127            2              
1      177       597       30849     30991     31021     247            207            131            1              
1      983       1067      31032     31126     31156     248            291            291            2              
2      915       1168      30901     31017     31047     248            291            291            3              
2      689       526       30925     31010     31040     250            131            52             1              
1      621       66        30912     30978     31008     251            280            98             1              
2      946       858       30998     31169     31199     255            290            290            1              
2      946       909       30962     31139     31169     255            290            290            2              
3      887       738       30818     30945     30975     256            290            189            1              
1      1010      551       31014     31163     31193     256            290            189            2              
1      466       676       31036     31134     31164     257            199            189            1              
3      655       858       30900     30991     31021     259            189            290            1              
1      699       628       31042     31127     31157     259            290            189            2              
2      396       557       30911     31024     31054     261            119            189            1              
2      395       747       30964     31114     31144     261            100            290            2              
1      913       421       30869     30924     30954     262            291            168            1              
3      937       973       30896     30945     30975     263            291            84             1              
1      981       859       30990     31094     31124     263            291            290            2              
1      812       1208      30787     30882     30912     264            290            192            1              
1      398       696       31030     31155     31185     266            168            189            1              
2      778       894       31037     31186     31216     267            131            291            1              
3      714       781       30953     31046     31076     268            131            291            1              
1      777       129       30972     31145     31175     268            131            178            2              
1      336       437       30905     31101     31131     271            277            100            2              
1      372       551       30872     30972     31002     272            119            189            1              
2      412       760       30952     31121     31151     272            52             291            2              
2      860       743       30891     30990     31020     276            290            290            1              
1      860       724       30818     30960     30990     276            290            290            2              
2      46        1201      30767     30930     30960     279            98             84             1              
1      391       835       30734     30813     30843     280            52             290            1              
1      413       696       31002     31125     31155     280            52             189            2              
3      1023      527       30929     31050     31080     283            291            52             1              
3      369       738       30975     31054     31084     288            52             189            1              
4      1011      873       31009     31125     31155     292            84             291            1              
2      1128      760       30697     30841     30871     295            291            291            1              
1      1106      578       30843     31091     31121     295            291            189            2              
1      1225      413       30881     30973     31003     295            192            52             3              
2      992       925       31013     31141     31171     296            290            290            1              
1      992       925       30907     31111     31141     296            290            290            2              
1      351       697       30883     30935     30965     297            52             189            1              
1      720       31        30886     30930     30960     298            290            9              1              
1      297       717       30961     31114     31144     299            277            189            2              
1      506       394       30980     31047     31077     301            189            100            1              
1      505       555       31010     31125     31155     301            52             199            2              
2      793       1218      30825     31000     31030     305            290            84             1              
1      840       1143      30960     31100     31130     305            290            84             2              
3      675       332       30817     30898     30928     309            189            87             1              
1      1109      1047      30993     31170     31200     313            291            291            2              
1      669       31        30515     30645     30675     315            280            9              1              
2      551       116       31038     31094     31124     316            189            9              1              
1      551       62        30939     31064     31094     316            189            98             2              
1      335       527       30740     30935     30965     318            119            52             1              
1      583       738       31047     31155     31185     319            189            189            1              
1      368       390       31038     31154     31184     321            299            52             1              
1      387       501       30917     31056     31086     321            299            52             2              
1      1011      412       30526     30685     30715     323            84             52             1              
1      717       31        30545     30660     30690     325            189            9              1              
1      959       605       30748     30828     30858     328            291            189            1              
1      981       352       30654     30758     30788     328            291            119            2              
1      666       397       30924     31041     31071     329            131            168            1              
1      666       415       30935     31071     31101     329            131            100            2              
1      618       252       30888     31012     31042     331            131            206            1              
1      60        826       30642     30720     30750     332            9              291            1              
1      333       357       30952     31097     31127     333            119            277            2              
3      851       720       30899     31046     31076     334            291            290            1              
1      180       129       30885     31023     31053     338            178            178            1              
1      199       674       30990     31110     31140     338            178            189            2              
1      418       727       30976     31088     31118     339            168            290            1              
1      440       1054      30950     31029     31059     339            168            84             2              
1      1193      554       30742     30842     30872     341            129            189            1              
3      34        1603      30615     30747     30777     343            98             296            1              
1      1011      1209      30877     31041     31071     348            84             192            1              
1      632       875       30935     31060     31090     352            189            291            1              
1      419       91        30997     31120     31150     353            168            178            1              
1      690       408       30990     31122     31152     354            131            299            1              
4      923       649       31014     31211     31241     356            290            189            1              
2      627       699       31044     31120     31150     359            189            290            1              
2      1026      573       30954     31084     31114     361            291            189            1              
2      1048      481       30753     30985     31015     361            291            189            2              
1      1067      1218      30877     31055     31085     362            291            84             1              
1      1025      1218      30810     30974     31004     362            291            84             2              
1      723       795       30852     30956     30986     367            290            290            1              
2      608       314       31043     31140     31170     367            189            119            2              
2      721       1129      30711     30796     30826     369            290            291            1              
1      607       313       30941     31011     31041     373            189            87             1              
1      607       308       30886     30981     31011     373            189            127            2              
1      314       597       30875     30958     30988     374            119            131            1              
1      1168      813       30673     30917     30947     378            291            290            1              
1      1173      1244      30888     31042     31072     379            129            192            1              
1      1171      982       31001     31154     31184     379            192            291            2              
3      1044      992       30919     31054     31084     380            291            290            1              
1      699       462       30761     30848     30878     385            290            189            1              
1      630       557       31039     31137     31167     385            189            189            2              
2      118       597       30949     31004     31034     388            286            131            1              
2      369       738       30975     31033     31063     389            52             189            1              
1      369       915       30897     30973     31003     389            52             291            2              
2      737       412       30772     30876     30906     390            189            52             1              
1      572       558       30988     31086     31116     392            131            189            1              
1      971       527       30769     30843     30873     394            290            52             1              
2      1370      135       30945     31018     31048     395            129            286            1              
1      937       992       30675     30806     30836     396            291            290            1              
1      1370      642       31021     31192     31222     398            129            131            1              
1      288       464       31020     31151     31181     399            127            168            1              
1      486       436       30948     31049     31079     400            199            100            1              
1      961       959       30750     30895     30925     401            291            291            1              
3      1003      738       30945     31115     31145     401            291            189            2              
1      990       814       30718     30835     30865     402            290            290            1              
1      857       655       30986     31065     31095     402            290            189            2              
1      771       328       30685     30805     30835     404            290            299            1              
1      724       372       30900     30974     31004     405            290            119            1              
1      811       395       30990     31130     31160     405            290            100            2              
2      1045      1320      30958     31100     31130     406            291            129            3              
2      859       696       30750     30883     30913     408            290            189            1              
1      840       574       30843     30965     30995     408            290            189            2              
1      609       838       30849     30941     30971     409            189            290            1              
3      969       815       30702     30835     30865     413            290            290            1              
1      885       106       30964     31082     31112     413            290            178            2              
1      1115      1267      30840     31155     31185     415            84             129            1              
1      477       9         30824     30944     30974     417            52             98             1              
1      603       79        30858     30945     30975     426            189            98             1              
1      984       1068      31025     31236     31266     429            291            291            1              
1      914       1087      30937     31116     31146     430            291            291            2              
1      505       621       30929     30984     31014     434            52             280            1              
1      48        215       30977     31102     31132     435            98             178            1              
2      646       116       30892     30968     30998     437            280            9              1              
1      284       269       30935     31026     31056     438            299            127            1              
3      325       615       31001     31092     31122     438            299            131            2              
1      710       198       30668     30750     30780     440            131            178            1              
1      597       595       30946     31011     31041     441            131            131            1              
2      597       800       30878     30981     31011     441            131            131            2              
1      642       858       30976     31097     31127     441            131            290            3              
3      235       463       30883     31090     31120     443            87             168            1              
1      328       277       30839     30922     30952     445            299            87             1              
2      795       881       30955     31048     31078     448            290            290            1              
2      663       266       30854     30984     31014     449            131            266            1              
1      1014      992       30872     31024     31054     450            84             290            1              
1      894       884       30613     30721     30751     451            291            290            1              
3      924       812       30985     31131     31161     451            290            290            2              
1      895       760       31028     31146     31176     453            291            291            1              
1      850       745       30930     31077     31107     453            291            290            2              
1      550       779       30969     31054     31084     454            189            131            1              
1      549       760       31039     31089     31119     454            52             291            2              
1      554       712       30960     31064     31094     455            189            131            1              
2      507       31        30822     30904     30934     457            189            9              1              
1      927       675       31008     31171     31201     459            290            189            1              
1      970       580       30810     30958     30988     459            290            189            2              
2      993       438       30989     31074     31104     459            84             100            3              
2      486       551       31044     31131     31161     460            199            189            1              
1      486       432       31002     31101     31131     460            199            52             2              
1      1078      1013      30993     31123     31153     464            84             84             1              
3      1058      983       30845     31044     31074     464            84             291            2              
3      530       1263      30986     31096     31126     465            189            192            1              
1      814       812       30889     31027     31057     466            290            290            2              
1      479       605       31006     31147     31177     468            52             189            1              
1      699       511       31047     31140     31170     469            290            199            1              
2      273       669       30634     30738     30768     470            206            280            1              
1      861       768       30894     31078     31108     471            290            290            1              
1      791       504       30938     31033     31063     477            290            52             1              
1      983       1579      30719     30912     30942     478            291            296            1              
1      1001      835       30737     30891     30921     479            291            290            1              
1      252       834       30546     30671     30701     482            206            290            1              
1      950       724       30920     31009     31039     483            290            290            1              
1      950       557       30969     31069     31099     483            290            189            2              
1      368       781       30450     30562     30592     486            299            291            1              
3      915       1168      30901     31081     31111     486            291            291            2              
3      715       394       30872     30991     31021     487            131            100            1              
3      484       718       30915     30987     31017     488            189            189            1              
1      781       527       30957     31024     31054     490            291            52             1              
2      737       129       30966     31092     31122     490            189            178            2              
1      558       278       30997     31063     31093     492            189            87             1              
1      597       755       30994     31132     31162     493            131            131            1              
1      96        716       30984     31039     31069     496            9              189            1              
1      232       266       31044     31080     31110     500            266            266            1              
1      897       904       30898     31031     31061     504            291            290            1              
1      1025      1032      30997     31181     31211     504            291            84             2              
1      476       417       31037     31080     31110     505            52             100            1              
2      213       287       30972     31092     31122     506            266            299            1              
1      296       350       30957     31092     31122     509            277            127            1              
3      314       134       30910     31024     31054     509            119            9              2              
1      237       413       30849     30941     30971     511            87             52             1              
1      236       458       30790     30906     30936     511            87             52             2              
1      510       664       31030     31160     31190     512            199            131            1              
1      770       669       31028     31124     31154     513            290            280            1              
1      771       454       31011     31062     31092     513            290            52             2              
1      690       842       30843     30984     31014     514            131            290            1              
1      792       719       30833     30922     30952     515            290            189            1              
2      675       310       30997     31106     31136     515            189            127            2              
1      727       597       30704     30835     30865     516            290            131            1              
1      771       666       30925     31000     31030     516            290            131            2              
1      645       278       30857     31020     31050     517            280            87             1              
1      859       373       31031     31097     31127     520            290            119            3              
3      1172      1079      30827     30985     31015     521            129            84             1              
1      739       782       30947     31033     31063     522            189            291            1              
2      739       575       30975     31063     31093     522            189            189            2              
2      499       182       30882     30957     30987     523            52             178            1              
3      701       558       31004     31116     31146     525            290            189            1              
1      679       881       30926     31051     31081     525            290            290            2              
1      908       1046      30756     30876     30906     526            290            291            1              
3      971       782       31028     31171     31201     526            290            291            2              
1      722       874       30891     30995     31025     527            290            291            2              
1      814       1086      30980     31100     31130     527            290            291            3              
3      693       555       31002     31136     31166     529            280            199            1              
1      692       646       30853     30930     30960     530            280            280            1              
1      690       873       30886     31012     31042     530            131            291            2              
1      665       825       30981     31116     31146     530            131            291            3              
1      849       673       30668     30911     30941     531            291            189            2              
1      622       351       30879     30934     30964     533            280            52             1              
3      511       44        31042     31149     31179     533            199            98             2              
1      276       373       30940     31010     31040     535            87             119            1              
1      737       664       30786     30874     30904     536            189            131            2              
1      523       372       30789     30862     30892     538            52             119            2              
1      43        485       30573     30658     30688     540            9              189            1              
1      370       368       31004     31064     31094     542            52             299            1              
1      390       21        31036     31132     31162     542            52             98             2              
1      293       556       31004     31108     31138     544            87             199            3              
1      254       903       30927     31035     31065     544            87             290            4              
1      874       373       30715     30818     30848     551            291            119            1              
1      905       889       30961     31080     31110     552            290            290            1              
1      884       1026      30951     31046     31076     552            290            291            2              
2      154       526       30808     30912     30942     554            286            52             1              
1      193       504       30827     30931     30961     557            266            52             1              
1      576       666       30966     31097     31127     558            189            131            1              
1      576       703       30993     31127     31157     558            189            290            2              
1      795       188       30527     30590     30620     559            290            286            1              
1      886       1517      30812     30877     30907     560            290            296            1              
1      1053      859       30899     30997     31027     561            84             290            2              
2      629       198       30932     31046     31076     562            189            178            1              
2      883       254       30969     31147     31177     565            290            87             1              
4      498       1087      31037     31096     31126     571            52             291            1              
1      735       392       31030     31159     31189     573            131            52             1              
1      739       392       30964     31060     31090     573            189            52             2              
2      909       551       30859     30927     30957     574            290            189            1              
1      818       350       30949     31061     31091     574            290            127            2              
1      836       465       30775     30882     30912     576            290            199            1              
1      269       437       30840     30990     31020     578            127            100            1              
2      100       474       30804     30949     30979     579            57             52             1              
2      1187      1233      30818     30963     30993     580            291            129            1              
2      766       1044      30866     30948     30978     581            290            291            1              
2      530       1263      30986     31080     31110     582            189            192            1              
1      337       19        30874     30972     31002     585            277            98             1              
2      375       19        30769     30880     30910     587            119            98             1              
1      862       557       30973     31126     31156     588            290            189            1              
1      816       527       30961     31043     31073     588            290            52             2              
1      46        370       30725     30908     30938     589            98             52             1              
3      909       970       30965     31050     31080     590            290            290            1              
1      909       768       30987     31080     31110     590            290            290            2              
1      463       717       30774     30859     30889     591            168            189            1              
1      652       621       30984     31071     31101     591            189            280            2              
1      650       288       31036     31136     31166     591            189            127            3              
1      557       676       30907     30997     31027     592            189            189            1              
1      757       63        30792     30920     30950     595            131            98             1              
1      861       699       30721     30799     30829     596            290            290            1              
2      717       1023      30964     31088     31118     596            189            291            2              
1      847       527       30689     30785     30815     597            291            52             1              
1      333       817       30590     30645     30675     605            119            290            1              
2      864       770       30977     31098     31128     607            290            290            2              
2      970       527       30867     30973     31003     608            290            52             1              
1      9         436       30658     30832     30862     611            98             100            1              
1      818       63        31019     31126     31156     612            290            98             1              
1      992       599       30662     30737     30767     618            290            280            1              
1      1012      436       30749     30864     30894     618            84             100            2              
2      991       481       30590     30688     30718     619            290            189            1              
1      939       527       30829     30949     30979     622            291            52             1              
1      884       1002      30780     30872     30902     623            290            291            1              
2      984       349       30729     30862     30892     625            291            127            1              
1      723       925       30912     31039     31069     626            290            290            1              
1      1187      599       30707     30788     30818     627            291            280            1              
1      914       351       30982     31079     31109     627            291            52             2              
3      959       432       30746     30862     30892     628            291            52             1              
1      723       1010      30742     30833     30863     630            290            290            1              
1      886       230       30135     30274     30304     631            290            266            1              
1      842       770       31038     31109     31139     633            290            290            3              
3      793       1218      30825     31149     31179     639            290            84             1              
3      839       713       30869     31003     31033     640            290            131            2              
1      884       696       30917     31023     31053     641            290            189            2              
1      746       695       30826     30990     31020     642            290            189            1              
2      772       551       30743     30857     30887     644            290            189            1              
1      61        526       30894     30989     31019     645            98             52             1              
1      687       335       30860     30900     30930     648            131            119            1              
1      642       176       30932     31059     31089     648            131            174            2              
1      314       652       30909     31069     31099     651            119            189            1              
1      556       811       31016     31109     31139     653            199            290            1              
1      627       1107      30939     31025     31055     653            189            291            2              
2      727       950       30838     30965     30995     654            290            290            1              
1      233       488       30798     30894     30924     656            206            199            1              
1      847       372       30983     31077     31107     657            291            119            1              
1      724       209       30699     30793     30823     659            290            266            1              
1      628       33        31015     31101     31131     659            189            98             2              
2      599       826       30910     31018     31048     661            280            291            1              
1      835       372       30747     30860     30890     662            290            119            1              
1      794       580       30895     30958     30988     664            290            189            1              
1      817       627       30980     31087     31117     664            290            189            2              
1      795       714       30924     31033     31063     664            290            131            3              
1      795       134       30908     31003     31033     664            290            9              4              
1      836       356       30624     30711     30741     671            290            119            1              
1      535       476       30809     30868     30898     672            189            52             1              
1      990       616       30488     30596     30626     674            290            131            1              
1      882       116       30577     30676     30706     675            290            9              1              
2      1023      527       30929     31045     31075     676            291            52             1              
1      680       582       31019     31156     31186     677            290            189            1              
3      747       557       30939     31061     31091     677            290            189            2              
2      722       1002      30801     30871     30901     680            290            291            1              
3      840       1320      30837     30957     30987     681            290            129            1              
3      35        293       30790     30963     30993     682            98             87             1              
2      1087      739       30926     31005     31035     683            291            189            1              
1      1106      480       30906     31047     31077     683            291            52             2              
1      1044      329       30991     31119     31149     683            291            127            3              
1      295       593       30639     30745     30775     684            87             52             1              
1      350       749       30872     30930     30960     685            127            290            1              
2      929       413       30681     30816     30846     689            290            52             1              
1      841       119       30868     30937     30967     689            290            286            2              
1      718       1149      30746     30786     30816     690            189            291            1              
2      936       571       30698     30766     30796     691            291            52             1              
1      643       478       30756     30814     30844     695            131            52             1              
2      669       526       30786     30917     30947     695            280            52             2              
1      1001      1149      31028     31086     31116     700            291            291            1              
1      1001      848       30947     31056     31086     700            291            291            2              
1      420       119       30690     30841     30871     707            168            286            1              
1      1160      992       30865     30933     30963     711            84             290            1              
1      1160      615       30804     30903     30933     711            84             131            2              
2      1044      992       30919     31128     31158     713            291            290            3              
3      1048      481       30753     30902     30932     714            291            189            1              
1      861       488       30988     31159     31189     714            290            199            2              
3      1172      1079      30827     31003     31033     715            129            84             1              
1      1154      596       30931     31097     31127     715            129            131            2              
1      60        535       30552     30700     30730     716            9              189            1              
1      894       674       31020     31110     31140     718            291            189            2              
1      744       461       31018     31068     31098     719            290            189            1              
1      771       1107      30799     30892     30922     721            290            291            1              
1      440       527       30903     31023     31053     723            168            52             1              
1      418       593       30964     31082     31112     723            168            52             2              
3      746       527       30645     30786     30816     725            290            52             1              
1      581       209       31034     31123     31153     725            189            266            2              
1      817       671       30737     30896     30926     727            290            280            1              
1      482       266       30808     30913     30943     730            189            266            1              
1      600       758       30964     31109     31139     734            280            131            1              
1      600       325       31032     31139     31169     734            280            299            2              
1      440       173       30761     30868     30898     736            168            286            1              
2      377       990       30613     30772     30802     737            168            290            1              
1      887       836       30894     31005     31035     740            290            290            1              
2      887       738       30818     30975     31005     740            290            189            2              
1      600       826       30964     31091     31121     741            280            291            1              
1      654       378       31035     31124     31154     743            189            168            1              
2      961       238       30567     30663     30693     743            291            87             2              
1      873       1282      30831     30924     30954     745            291            192            1              
1      891       526       30890     30960     30990     746            291            52             1              
3      1022      526       30985     31081     31111     747            291            52             1              
1      1022      461       30994     31111     31141     747            291            189            2              
3      654       575       30818     30939     30969     748            189            189            1              
1      679       464       31028     31133     31163     748            290            168            2              
1      749       888       30982     31103     31133     750            290            290            1              
2      749       720       31007     31133     31163     750            290            290            2              
1      1056      1218      30872     31059     31089     751            84             84             1              
1      813       176       30860     30929     30959     752            290            174            1              
1      1069      1390      30887     31033     31063     753            291            129            1              
1      1066      743       31038     31278     31308     754            291            290            1              
1      1132      394       30636     30799     30829     756            291            100            1              
2      1058      983       30845     31041     31071     757            84             291            1              
2      436       604       31042     31100     31130     758            100            189            1              
2      269       351       31047     31143     31173     759            127            52             1              
1      603       718       30805     30904     30934     763            189            189            1              
3      693       555       31002     31173     31203     763            280            199            2              
2      1022      527       30660     30748     30778     767            291            52             1              
1      737       526       30999     31096     31126     767            189            52             2              
3      284       1001      30825     30977     31007     770            299            291            1              
1      1034      484       30954     31087     31117     772            84             189            1              
3      970       527       30867     30976     31006     772            290            52             2              
1      328       138       30909     31048     31078     773            299            57             1              
2      486       674       31040     31133     31163     779            199            189            1              
3      64        352       31045     31138     31168     780            98             119            1              
1      884       993       30994     31147     31177     782            290            84             1              
2      857       947       30865     31008     31038     782            290            290            2              
1      858       1025      30923     31067     31097     782            290            291            3              
1      306       721       30825     30913     30943     783            299            290            1              
1      388       535       31015     31056     31086     789            299            189            1              
3      316       444       30924     31104     31134     792            277            168            1              
1      356       836       30832     30971     31001     792            119            290            2              
1      304       573       30758     30845     30875     793            299            189            1              
1      304       653       30780     30875     30905     793            299            189            2              
3      213       287       30972     31103     31133     794            266            299            1              
1      345       123       30892     31030     31060     796            299            54             1              
1      699       621       30736     30840     30870     799            290            280            1              
