COLUMNS

passenger_count
pickup_ID
dropoff_ID
request_time_sec
pickup_district
dropoff_district

REQUESTS_INFO
1      229       461       32040     266       189       
1      96        170       32040     9         286       
1      371       513       32040     52        199       
1      556       212       32040     199       266       
1      549       616       32041     52        131       
2      328       371       32041     299       52        
2      527       616       32041     52        131       
1      398       310       32041     168       127       
1      1377      1434      32041     129       129       
1      740       1263      32041     50        192       
1      307       394       32041     127       100       
1      86        451       32041     287       999       
2      947       116       32041     290       9         
2      601       527       32041     189       52        
1      551       553       32041     189       189       
1      100       842       32042     57        290       
1      388       478       32042     299       52        
1      551       648       32042     189       189       
1      749       699       32042     290       290       
1      698       858       32042     189       290       
1      760       674       32043     291       189       
1      533       488       32043     199       199       
3      1089      1065      32043     291       291       
2      1089      1065      32043     291       291       
1      894       719       32044     291       189       
2      576       532       32044     189       199       
1      700       629       32044     290       189       
1      608       836       32044     189       290       
2      416       522       32045     100       52        
1      604       82        32045     189       98        
1      229       116       32045     266       9         
1      19        116       32045     98        9         
2      328       331       32045     299       127       
1      532       698       32046     199       189       
1      662       604       32046     131       189       
1      502       459       32046     52        189       
1      627       651       32046     189       189       
1      597       212       32046     131       266       
1      609       671       32046     189       280       
1      474       618       32046     52        131       
1      881       627       32046     290       189       
1      386       556       32046     299       199       
1      532       438       32046     199       100       
1      1128      937       32047     291       291       
1      669       536       32047     280       189       
1      693       550       32047     280       189       
1      771       828       32047     290       291       
1      232       229       32047     266       266       
1      990       1265      32047     290       192       
3      837       1211      32047     290       129       
3      837       1211      32047     290       129       
1      838       722       32047     290       290       
2      398       312       32048     168       87        
1      669       498       32048     280       52        
3      572       627       32048     131       189       
3      523       436       32049     52        100       
2      523       436       32049     52        100       
3      532       766       32049     199       290       
3      532       766       32049     199       290       
1      645       622       32049     280       280       
2      345       603       32049     299       189       
1      696       675       32049     189       189       
1      479       436       32050     52        100       
1      393       289       32050     52        127       
1      1151      938       32051     291       291       
1      489       739       32051     199       189       
1      479       545       32051     52        52        
2      811       924       32052     290       290       
3      811       924       32052     290       290       
1      523       653       32052     52        189       
1      391       272       32052     52        127       
1      946       883       32052     290       290       
1      642       719       32052     131       189       
1      608       697       32052     189       189       
2      813       674       32053     290       189       
1      556       557       32053     199       189       
2      654       535       32053     189       189       
2      858       551       32053     290       189       
1      171       574       32053     286       189       
1      645       349       32053     280       127       
3      770       903       32053     290       290       
4      623       606       32054     280       189       
1      745       629       32054     290       189       
3      328       873       32054     299       291       
2      328       873       32054     299       291       
2      628       617       32055     189       131       
2      961       914       32055     291       291       
1      349       313       32055     127       87        
3      961       914       32055     291       291       
1      605       616       32055     189       131       
1      142       596       32055     54        131       
1      598       692       32055     189       280       
2      631       698       32056     189       189       
2      1225      904       32056     192       290       
1      771       761       32057     290       50        
1      1022      666       32057     291       131       
1      455       430       32058     52        52        
1      737       602       32058     189       189       
1      795       582       32058     290       189       
2      721       769       32058     290       290       
2      802       828       32058     291       291       
1      656       698       32059     290       189       
1      531       721       32059     189       290       
1      558       531       32059     189       189       
3      548       118       32059     52        286       
3      462       551       32059     189       189       
3      462       551       32059     189       189       
3      548       118       32059     52        286       
1      253       441       32060     206       168       
1      462       290       32060     189       127       
1      348       482       32060     299       189       
1      415       413       32060     100       52        
1      745       675       32061     290       189       
1      1032      749       32061     84        290       
1      527       398       32061     52        168       
3      644       272       32061     131       127       
2      1225      1002      32061     192       291       
2      171       174       32061     286       266       
3      171       174       32061     286       266       
1      328       648       32061     299       189       
3      1225      1002      32061     192       291       
1      598       651       32061     189       189       
1      973       378       32062     84        168       
2      479       461       32062     52        189       
1      513       532       32063     199       199       
1      1199      1323      32063     84        129       
1      1044      824       32063     291       291       
1      284       327       32063     299       299       
2      850       735       32063     291       131       
1      743       814       32063     290       290       
2      812       672       32063     290       189       
1      721       881       32064     290       290       
1      693       673       32064     280       189       
1      43        21        32064     9         98        
1      171       22        32064     286       98        
1      1211      1053      32064     129       84        
1      669       627       32064     280       189       
1      678       727       32064     290       290       
1      584       749       32065     189       290       
1      860       134       32065     290       9         
4      621       686       32065     280       131       
1      285       555       32065     299       199       
1      34        676       32065     98        189       
1      604       65        32065     189       98        
1      328       458       32065     299       52        
1      767       673       32065     290       189       
1      875       649       32066     291       189       
1      417       209       32066     100       266       
1      313       350       32066     87        127       
2      311       508       32066     87        199       
2      599       505       32067     280       52        
1      782       527       32067     291       52        
1      678       749       32067     290       290       
1      737       626       32067     189       189       
2      881       794       32067     290       290       
1      936       672       32067     291       189       
2      669       848       32067     280       291       
3      654       581       32067     189       189       
2      717       923       32067     189       290       
3      654       581       32067     189       189       
1      452       350       32068     52        127       
2      560       484       32068     189       189       
1      781       421       32068     291       168       
1      269       227       32068     127       266       
1      702       371       32068     290       52        
1      936       593       32068     291       52        
3      500       816       32068     52        290       
2      500       816       32068     52        290       
1      228       154       32069     266       286       
1      371       229       32069     52        266       
2      702       652       32069     290       189       
1      882       970       32070     290       290       
