COLUMNS

passenger_count
pickup_ID
dropoff_ID
request_time_sec
pickup_district
dropoff_district
LDuals
IDuals
vehicle_ID
pick_position
drop_position

REQUESTS_INFO
3      328       558       30427     299       189       133       133       329       1         2         
1      499       571       30416     52        52        106       106       1149      1         3         
3      295       134       30450     87        9         0         0         0         0         0         
1      462       527       30450     189       52        0         0         0         0         0         
1      725       766       30450     290       290       0         0         0         0         0         
1      789       604       30450     290       189       0         0         0         0         0         
2      479       116       30450     52        9         0         0         0         0         0         
1      655       908       30450     189       290       0         0         0         0         0         
3      60        285       30450     9         299       0         0         0         0         0         
1      1267      772       30451     129       290       0         0         0         0         0         
1      328       421       30452     299       168       0         0         0         0         0         
1      389       217       30453     299       87        0         0         0         0         0         
1      695       581       30453     189       189       0         0         0         0         0         
3      781       458       30453     291       52        0         0         0         0         0         
1      829       34        30453     50        98        0         0         0         0         0         
1      133       189       30453     9         286       0         0         0         0         0         
3      781       458       30453     291       52        0         0         0         0         0         
1      1091      727       30454     291       290       0         0         0         0         0         
2      158       295       30454     174       87        0         0         0         0         0         
2      551       836       30455     189       290       0         0         0         0         0         
1      1078      499       30455     84        52        0         0         0         0         0         
1      1001      875       30455     291       291       0         0         0         0         0         
1      377       488       30455     168       199       0         0         0         0         0         
1      769       698       30455     290       189       0         0         0         0         0         
1      549       778       30456     52        131       0         0         0         0         0         
2      443       552       30456     168       189       0         0         0         0         0         
2      760       720       30457     291       290       0         0         0         0         0         
3      760       720       30457     291       290       0         0         0         0         0         
3      723       738       30457     290       189       0         0         0         0         0         
2      912       875       30457     291       291       0         0         0         0         0         
1      376       485       30457     168       189       0         0         0         0         0         
1      691       880       30457     131       50        0         0         0         0         0         
1      199       463       30457     178       168       0         0         0         0         0         
1      627       251       30457     189       127       0         0         0         0         0         
1      676       737       30458     189       189       0         0         0         0         0         
1      949       574       30459     290       189       0         0         0         0         0         
1      452       651       30459     52        189       0         0         0         0         0         
1      392       371       30459     52        52        0         0         0         0         0         
3      884       728       30459     290       290       0         0         0         0         0         
3      884       728       30459     290       290       0         0         0         0         0         
1      557       653       30459     189       189       0         0         0         0         0         
1      783       673       30459     50        189       0         0         0         0         0         
1      742       624       30459     290       189       0         0         0         0         0         
1      788       674       30461     290       189       0         0         0         0         0         
1      455       235       30461     52        87        0         0         0         0         0         
2      179       513       30461     178       199       0         0         0         0         0         
1      768       747       30462     290       290       0         0         0         0         0         
2      827       1090      30463     291       291       0         0         0         0         0         
1      596       1010      30463     131       290       0         0         0         0         0         
2      700       604       30463     290       189       0         0         0         0         0         
3      700       604       30463     290       189       0         0         0         0         0         
1      645       647       30464     280       280       0         0         0         0         0         
1      864       651       30464     290       189       0         0         0         0         0         
3      758       438       30464     131       100       0         0         0         0         0         
3      180       64        30465     178       98        0         0         0         0         0         
2      936       1068      30465     291       291       0         0         0         0         0         
1      81        10        30465     98        98        0         0         0         0         0         
2      838       675       30465     290       189       0         0         0         0         0         
2      691       31        30465     131       9         0         0         0         0         0         
1      344       101       30466     299       57        0         0         0         0         0         
1      578       189       30467     189       286       0         0         0         0         0         
1      480       291       30467     52        87        0         0         0         0         0         
1      274       580       30468     87        189       0         0         0         0         0         
1      170       960       30468     286       291       0         0         0         0         0         
1      153       536       30468     286       189       0         0         0         0         0         
1      481       644       30469     189       131       0         0         0         0         0         
1      1025      850       30469     291       291       0         0         0         0         0         
1      78        189       30469     9         286       0         0         0         0         0         
1      939       662       30469     291       131       0         0         0         0         0         
1      842       906       30470     290       290       0         0         0         0         0         
1      252       82        30470     206       98        0         0         0         0         0         
3      458       673       30471     52        189       0         0         0         0         0         
1      1010      810       30471     290       290       0         0         0         0         0         
2      870       365       30472     291       299       0         0         0         0         0         
1      580       394       30472     189       100       0         0         0         0         0         
2      693       116       30472     280       9         0         0         0         0         0         
1      668       31        30472     280       9         0         0         0         0         0         
3      377       576       30472     168       189       0         0         0         0         0         
1      621       647       30472     280       280       0         0         0         0         0         
1      255       358       30473     87        168       0         0         0         0         0         
1      907       628       30473     290       189       0         0         0         0         0         
1      1067      1067      30474     291       291       0         0         0         0         0         
2      850       882       30475     291       290       0         0         0         0         0         
1      629       608       30475     189       189       0         0         0         0         0         
1      791       962       30475     290       291       0         0         0         0         0         
1      376       20        30475     168       98        0         0         0         0         0         
1      738       443       30475     189       168       0         0         0         0         0         
1      971       1556      30476     290       296       0         0         0         0         0         
1      345       674       30477     299       189       0         0         0         0         0         
1      827       767       30477     291       290       0         0         0         0         0         
1      64        10        30478     98        98        0         0         0         0         0         
1      379       47        30478     999       98        0         0         0         0         0         
1      805       696       30478     291       189       0         0         0         0         0         
2      693       416       30479     280       100       0         0         0         0         0         
1      1003      914       30479     291       291       0         0         0         0         0         
1      744       834       30479     290       290       0         0         0         0         0         
