COLUMNS

passenger_count
pickup_ID
dropoff_ID
request_time_sec
pickup_district
dropoff_district
LDuals
IDuals
vehicle_ID
pick_position
drop_position

REQUESTS_INFO
1      771       551       30278     290       189       260       260       0         2         4         
2      1168      1318      30317     291       192       248       248       3         1         3         
2      1149      1206      30159     291       192       412       412       3         2         4         
3      464       376       30317     168       168       153       153       7         1         2         
1      1044      693       30151     291       280       447       447       8         1         4         
1      791       760       30173     290       291       370       370       13        2         4         
1      929       885       30302     290       290       300       300       15        2         5         
1      974       927       30246     84        290       380       380       15        3         4         
3      927       769       29846     290       290       770       770       36        1         2         
3      749       924       30246     290       290       282       282       42        1         3         
1      750       743       30298     999       290       262       262       42        2         4         
1      702       422       30316     290       168       198       198       44        1         3         
1      813       720       30311     290       290       257       257       54        1         3         
2      527       716       30328     52        189       157       157       62        1         4         
1      483       297       30299     189       277       154       154       65        1         4         
1      838       20        30136     290       98        415       415       71        2         5         
1      835       905       30307     290       290       225       225       78        1         3         
1      905       116       30309     290       9         277       277       81        1         5         
2      735       304       30268     131       299       181       181       86        1         4         
2      598       668       30313     189       280       154       154       87        1         2         
1      326       527       30329     299       52        175       175       90        1         2         
3      970       11        30149     290       999       480       480       91        1         4         
1      970       744       30281     290       290       342       342       91        2         3         
1      349       724       30320     127       290       156       156       104       1         5         
3      947       790       30273     290       290       358       358       115       1         3         
1      1090      851       30324     291       291       325       325       120       1         3         
1      528       578       30283     52        189       172       172       139       1         3         
2      884       605       30328     290       189       254       254       144       1         4         
2      817       940       29940     290       291       624       624       150       2         5         
1      864       749       30253     290       290       330       330       150       3         4         
1      1517      1069      30321     296       291       256       256       158       1         4         
3      1503      1389      30318     296       129       276       276       158       2         3         
1      313       291       30307     87        87        262       262       166       1         2         
1      937       1229      30124     291       129       381       381       169       1         3         
3      582       554       30257     189       189       173       173       171       1         3         
1      886       695       30319     290       189       232       232       205       2         4         
1      884       838       30257     290       290       328       328       219       1         3         
1      883       461       30285     290       189       304       304       227       1         3         
2      884       968       30148     290       290       442       442       230       1         3         
3      972       940       30218     290       291       421       421       231       1         4         
1      993       837       30289     84        290       336       336       231       2         3         
2      527       415       30306     52        100       165       165       234       1         3         
1      836       759       30304     290       131       242       242       235       1         3         
3      771       863       30300     290       290       238       238       238       1         4         
1      794       791       30227     290       290       331       331       238       2         3         
1      813       477       30278     290       52        290       290       245       1         3         
3      692       431       30275     280       52        180       180       267       1         3         
1      1048      1032      30211     291       84        349       349       271       1         3         
1      1048      1207      30328     291       192       306       306       271       2         4         
3      835       897       30126     290       291       406       406       278       1         3         
3      780       1245      30303     291       192       241       241       279       1         2         
1      924       789       30290     290       290       252       252       288       1         3         
1      924       627       30321     290       189       238       238       288       2         4         
1      475       604       30324     52        189       122       122       303       1         3         
2      1002      740       29912     291       50        699       699       311       1         2         
1      458       719       30293     52        189       190       190       317       1         4         
3      947       674       30310     290       189       321       321       320       2         4         
1      714       719       30247     131       189       269       269       326       1         3         
1      916       647       30151     291       280       434       434       328       1         4         
1      925       628       30294     290       189       313       313       329       2         3         
3      364       78        30322     299       9         173       173       336       1         2         
2      333       456       30302     119       52        225.5     225.5     350       1         2         
1      680       484       30188     290       189       357       357       352       1         4         
1      1012      1074      30028     84        84        612       612       359       1         2         
1      768       838       30267     290       290       258       258       360       1         3         
3      527       716       30328     52        189       159       159       361       1         2         
2      332       355       30283     87        119       231.5     231.5     363       1         2         
1      1027      937       30256     50        291       263       263       366       1         4         
1      916       894       30307     291       291       278       278       370       2         3         
1      884       888       30166     290       290       424       424       373       2         3         
1      1578      1073      30295     296       50        261       261       386       1         3         
2      712       578       30292     131       189       213       213       409       1         4         
1      779       670       30326     131       280       228       228       409       2         3         
3      1231      1355      30212     129       129       340       340       415       1         3         
3      309       462       30305     127       189       242       242       417       1         2         
1      1023      805       30158     291       291       424       424       420       1         2         
3      510       560       30295     199       189       162       162       430       1         3         
1      549       675       30305     52        189       139       139       434       1         3         
2      466       601       30322     199       189       156       156       437       1         2         
3      947       674       30310     290       189       321       321       438       1         3         
1      884       1263      30308     290       192       282       282       443       2         5         
1      983       804       30290     291       291       282       282       451       1         2         
3      1114      836       30075     50        290       494       494       456       1         3         
1      902       574       30325     50        189       267       267       463       1         3         
1      929       584       30210     290       189       389       389       464       1         3         
1      913       1025      30270     291       291       316       316       469       1         2         
3      680       378       30304     290       168       241       241       470       1         3         
1      1253      1073      30154     129       50        448       448       482       1         2         
1      887       925       30285     290       290       277       277       490       1         3         
1      970       633       30314     290       189       309       309       513       1         4         
3      947       1010      30224     290       290       407       407       517       1         2         
1      143       304       30323     54        299       154       154       531       1         2         
1      397       558       30320     168       189       139       139       540       1         3         
3      291       176       30310     87        174       242       242       549       1         2         
1      1066      1043      30282     291       291       285       285       551       1         2         
3      1190      738       30283     192       189       262       262       552       1         2         
1      882       648       30274     290       189       292       292       555       1         3         
3      946       605       30298     290       189       313       313       555       2         4         
2      748       489       30290     290       199       238       238       561       1         2         
2      513       557       30293     199       189       163       163       583       1         2         
1      836       116       30273     290       9         181       181       584       1         5         
1      436       650       30315     100       189       150       150       589       1         3         
1      897       431       30298     291       52        286       286       612       1         3         
1      1455      1350      30326     999       999       382       382       617       1         3         
2      993       1217      30129     84        84        504       504       621       1         2         
1      859       485       30304     290       189       254       254       635       1         4         
3      904       556       30203     290       199       393       393       635       2         3         
1      700       726       30315     290       290       179       179       648       1         4         
3      215       372       30310     178       119       199       199       662       1         2         
3      1065      871       30231     291       291       397       397       672       1         3         
2      902       846       30285     50        291       308       308       692       1         3         
3      480       990       30323     52        290       183       183       697       1         3         
2      804       982       30318     291       291       214       214       702       1         3         
1      861       618       30252     290       131       351       351       703       1         2         
1      782       872       30328     291       291       190       190       704       1         3         
4      1014      791       29455     84        290       1181      1181      709       2         3         
2      668       670       30307     280       280       188       188       730       1         2         
3      1078      420       30168     84        168       454       454       731       1         3         
1      1282      484       30226     192       189       300       300       737       1         3         
1      827       671       30323     291       280       212       212       738       1         3         
3      961       568       30266     291       52        362       362       738       2         4         
1      963       871       30247     50        291       309       309       740       1         2         
1      458       555       30306     52        199       168       168       741       1         2         
3      904       556       30203     290       199       393       393       747       1         2         
1      332       335       30297     87        119       217.5     217.5     748       1         2         
1      291       556       30261     87        199       289       289       749       1         2         
1      158       209       30318     174       266       161       161       750       1         4         
2      810       724       30311     290       290       213       213       759       1         2         
1      768       626       30297     290       189       228       228       786       1         4         
1      509       648       30326     199       189       128       128       789       1         4         
1      461       881       30302     189       290       156       156       791       1         3         
1      622       828       30300     280       291       124       124       793       1         2         
1      760       727       30306     291       290       198       198       802       1         2         
1      710       416       30282     131       100       199       199       810       1         3         
3      527       415       30306     52        100       181       181       818       1         3         
1      527       534       30314     52        199       173       173       818       2         4         
1      759       594       30324     131       131       201       201       825       1         3         
1      909       557       30321     290       189       265       265       834       1         4         
1      968       1026      30047     290       291       501       501       850       1         2         
1      1066      789       30194     291       290       334       334       853       1         3         
3      250       727       30269     127       290       205       205       872       1         3         
2      794       580       30164     290       189       394       394       878       1         4         
1      794       649       30319     290       189       239       239       878       2         3         
3      466       601       30322     199       189       156       156       880       1         2         
2      795       834       29948     290       290       609       609       881       1         4         
3      946       605       30298     290       189       313       313       889       2         4         
1      991       791       30263     290       290       293       293       892       1         3         
1      904       606       30318     290       189       265       265       906       1         3         
2      937       1025      30326     291       291       264       264       909       1         2         
1      1111      1002      30293     50        291       234       234       910       1         3         
1      198       463       30304     178       168       187       187       916       1         3         
1      441       624       30307     168       189       199       199       920       1         2         
3      780       1245      30303     291       192       241       241       946       1         3         
3      1034      720       30143     84        290       537       537       963       1         2         
1      813       626       30281     290       189       287       287       966       1         3         
3      1149      894       30111     291       291       460       460       967       1         3         
2      458       651       30251     52        189       232       232       968       1         5         
1      458       603       30302     52        189       181       181       968       2         4         
1      1107      1225      30241     291       192       337       337       979       1         3         
3      1068      1218      30052     291       84        591       591       979       2         4         
2      741       156       30247     50        286       195       195       984       1         3         
3      291       176       30310     87        174       242       242       988       1         2         
1      782       605       30176     291       189       342       342       991       1         3         
1      598       779       30301     189       131       166       166       992       1         2         
1      295       694       30305     87        189       143       143       994       1         3         
1      858       923       30317     290       290       232       232       1004      1         3         
1      1132      984       30217     291       291       295       295       1005      1         3         
1      771       627       30327     290       189       211       211       1008      1         2         
1      950       554       30175     290       189       419       419       1009      1         3         
1      690       1065      30320     131       291       175       175       1012      1         3         
2      723       837       30314     290       290       182       182       1028      1         3         
3      884       605       30328     290       189       263       263       1038      1         2         
3      697       963       30325     189       50        111       111       1039      1         3         
1      794       651       30211     290       189       347       347       1050      1         3         
1      608       668       30277     189       280       213       213       1069      1         3         
1      928       971       30040     290       290       601       601       1071      2         3         
2      1135      819       30293     50        999       263       263       1072      1         3         
1      1106      1263      30293     291       192       287       287       1074      1         5         
1      914       847       30153     291       291       422       422       1078      1         3         
1      794       748       30272     290       290       270       270       1083      1         2         
3      840       749       30286     290       290       278       278       1097      2         4         
1      863       627       30324     290       189       275       275       1097      3         5         
3      937       1025      30326     291       291       264       264       1116      1         3         
1      959       1032      30302     291       84        306       306       1116      2         4         
3      991       744       30291     290       290       310       310       1118      1         3         
1      794       535       30270     290       189       272       272       1133      1         3         
1      1044      916       30312     291       291       286       286       1143      1         4         
3      1065      871       30231     291       291       397       397       1143      2         3         
1      633       812       30319     189       290       185       185       1147      1         3         
3      852       698       30297     291       189       223       223       1154      2         4         
1      889       466       30234     290       199       365       365       1167      1         3         
1      794       717       30325     290       189       233       233       1174      1         3         
3      1002      980       30309     291       291       316       316       1180      1         2         
1      152       484       30302     9         189       116       116       1182      1         3         
2      1140      1209      30325     84        192       291       291       1200      1         4         
1      1099      1036      30306     84        84        294       294       1200      2         3         
3      914       699       30222     291       290       353       353       1210      2         4         
2      948       619       30316     290       131       327       327       1217      1         3         
1      731       650       30284     131       189       206       206       1222      1         2         
1      456       337       30292     52        277       131       131       1226      1         3         
1      874       433       30270     291       52        270       270       1231      1         2         
1      992       672       30197     290       189       443       443       1235      2         4         
3      992       490       29713     290       999       931       931       1235      3         5         
2      215       372       30310     178       119       199       199       1240      1         2         
1      1286      1131      30321     129       291       274       274       1254      1         2         
1      864       335       30306     290       119       282       282       1255      1         3         
1      884       794       30255     290       290       335       335       1271      1         2         
1      989       742       30315     50        290       311       311       1273      1         3         
3      948       619       30316     290       131       331       331       1280      1         3         
1      1683      1149      30321     142       291       137       137       1285      1         2         
1      668       679       30270     280       290       225       225       1292      1         2         
1      527       556       30325     52        199       162       162       1296      1         3         
2      1001      415       30308     291       100       312       312       1300      1         4         
1      1048      1005      30329     291       50        205       205       1310      1         2         
1      915       415       30292     291       100       218       218       1318      1         3         
1      1214      1245      30316     129       192       238       238       1322      1         3         
3      1001      781       30135     291       291       498       498       1328      1         2         
1      674       716       30287     189       189       132       132       1334      1         3         
1      926       393       30054     290       52        527       527       1348      2         5         
4      804       673       30039     291       189       495       495       1349      1         2         
2      743       695       30290     290       189       190       190       1352      1         3         
1      609       552       30290     189       189       191       191       1353      1         3         
3      947       790       30273     290       290       358       358       1357      1         3         
4      968       116       30232     290       9         402       402       1367      1         2         
1      1150      1140      30318     291       84        231       231       1372      1         2         
1      939       421       30203     291       168       413       413       1374      1         3         
1      1283      748       30264     192       290       251       251       1394      1         3         
2      1073      622       30238     50        280       423       423       1396      1         3         
3      504       395       30259     52        100       212       212       1402      1         3         
1      417       648       30306     100       189       121       121       1403      1         4         
4      749       945       30189     290       50        409       409       1408      1         2         
1      354       436       30240     119       100       253       253       1409      1         2         
1      1030      840       30172     50        290       445       445       1415      2         5         
1      902       780       30226     50        291       366       366       1417      1         3         
3      972       940       30218     290       291       421       421       1440      1         4         
1      992       1057      30250     290       84        390       390       1440      2         3         
2      749       924       30246     290       290       282       282       1460      1         3         
1      746       331       30320     290       127       119       119       1473      1         4         
1      793       1069      30304     290       291       267       267       1476      1         3         
2      480       990       30323     52        290       183       183       1477      1         2         
3      1001      781       30135     291       291       498       498       1480      1         2         
1      509       393       30301     199       52        147       147       1485      1         2         
2      1034      720       30143     84        290       537       537       1490      1         3         
1      771       1218      30285     290       84        253       253       1491      1         4         
3      816       857       30225     290       290       334       334       1491      2         3         
2      936       980       30292     291       291       272       272       1495      1         2         
3      662       439       30330     131       189       0         0         0         0         0         
2      722       193       30330     290       266       0         0         0         0         0         
3      722       193       30330     290       266       0         0         0         0         0         
1      629       585       30330     189       999       0         0         0         0         0         
1      527       578       30330     52        189       0         0         0         0         0         
1      621       747       30330     280       290       0         0         0         0         0         
1      557       116       30330     189       9         0         0         0         0         0         
1      527       530       30330     52        189       0         0         0         0         0         
3      662       439       30330     131       189       0         0         0         0         0         
1      884       767       30331     290       290       0         0         0         0         0         
1      626       718       30331     189       189       0         0         0         0         0         
1      688       914       30331     131       291       0         0         0         0         0         
1      133       556       30331     9         199       0         0         0         0         0         
1      183       535       30331     178       189       0         0         0         0         0         
1      685       671       30331     999       280       0         0         0         0         0         
2      896       697       30331     291       189       0         0         0         0         0         
1      135       631       30332     286       189       0         0         0         0         0         
1      571       665       30332     52        131       0         0         0         0         0         
1      556       670       30332     199       280       0         0         0         0         0         
1      848       980       30332     291       291       0         0         0         0         0         
1      715       870       30332     131       291       0         0         0         0         0         
1      608       747       30333     189       290       0         0         0         0         0         
1      1031      885       30333     50        290       0         0         0         0         0         
1      768       627       30333     290       189       0         0         0         0         0         
2      863       695       30333     290       189       0         0         0         0         0         
3      863       695       30333     290       189       0         0         0         0         0         
1      207       413       30334     286       52        0         0         0         0         0         
2      438       673       30334     100       189       0         0         0         0         0         
1      365       858       30334     299       290       0         0         0         0         0         
1      766       859       30334     290       290       0         0         0         0         0         
2      757       980       30334     131       291       0         0         0         0         0         
3      438       673       30334     100       189       0         0         0         0         0         
2      254       556       30334     87        199       0         0         0         0         0         
1      455       481       30334     52        189       0         0         0         0         0         
1      791       948       30334     290       290       0         0         0         0         0         
1      609       79        30335     189       98        0         0         0         0         0         
1      677       629       30335     189       189       0         0         0         0         0         
2      294       504       30335     87        52        0         0         0         0         0         
1      693       1011      30335     280       84        0         0         0         0         0         
1      693       917       30335     280       291       0         0         0         0         0         
1      930       1154      30335     999       129       0         0         0         0         0         
1      485       417       30335     189       100       0         0         0         0         0         
1      655       350       30336     189       127       0         0         0         0         0         
1      1149      1300      30336     291       192       0         0         0         0         0         
1      652       627       30336     189       189       0         0         0         0         0         
1      839       968       30336     290       290       0         0         0         0         0         
1      864       882       30336     290       290       0         0         0         0         0         
1      390       438       30336     52        100       0         0         0         0         0         
1      272       137       30336     127       286       0         0         0         0         0         
1      990       795       30336     290       290       0         0         0         0         0         
1      981       79        30336     291       98        0         0         0         0         0         
1      304       600       30336     299       280       0         0         0         0         0         
2      458       650       30337     52        189       0         0         0         0         0         
1      1022      1542      30337     291       296       0         0         0         0         0         
1      485       651       30337     189       189       0         0         0         0         0         
1      756       602       30338     131       189       0         0         0         0         0         
2      745       64        30338     290       98        0         0         0         0         0         
3      745       64        30338     290       98        0         0         0         0         0         
1      1231      738       30338     129       189       0         0         0         0         0         
1      945       152       30338     50        9         0         0         0         0         0         
1      720       651       30338     290       189       0         0         0         0         0         
1      328       303       30338     299       299       0         0         0         0         0         
1      923       850       30338     290       291       0         0         0         0         0         
1      621       697       30339     280       189       0         0         0         0         0         
1      756       690       30339     131       131       0         0         0         0         0         
1      532       627       30339     199       189       0         0         0         0         0         
1      884       670       30339     290       280       0         0         0         0         0         
1      1171      1218      30339     192       84        0         0         0         0         0         
1      304       116       30339     299       9         0         0         0         0         0         
3      148       272       30340     178       127       0         0         0         0         0         
2      148       272       30340     178       127       0         0         0         0         0         
1      991       11        30340     290       999       0         0         0         0         0         
1      348       605       30340     299       189       0         0         0         0         0         
1      726       685       30340     290       999       0         0         0         0         0         
1      718       743       30341     189       290       0         0         0         0         0         
1      897       805       30341     291       291       0         0         0         0         0         
1      312       441       30341     87        168       0         0         0         0         0         
1      883       1025      30341     290       291       0         0         0         0         0         
3      608       153       30341     189       286       0         0         0         0         0         
3      608       153       30341     189       286       0         0         0         0         0         
1      247       600       30341     266       280       0         0         0         0         0         
1      461       604       30342     189       189       0         0         0         0         0         
1      874       696       30342     291       189       0         0         0         0         0         
1      768       884       30342     290       290       0         0         0         0         0         
3      810       1304      30342     290       129       0         0         0         0         0         
3      255       32        30342     87        98        0         0         0         0         0         
1      887       1002      30342     290       291       0         0         0         0         0         
1      632       626       30342     189       189       0         0         0         0         0         
2      924       1078      30342     290       84        0         0         0         0         0         
3      1044      827       30342     291       291       0         0         0         0         0         
3      924       1078      30342     290       84        0         0         0         0         0         
3      511       593       30342     199       52        0         0         0         0         0         
2      511       593       30342     199       52        0         0         0         0         0         
2      1044      827       30342     291       291       0         0         0         0         0         
1      789       769       30343     290       290       0         0         0         0         0         
1      981       549       30343     291       52        0         0         0         0         0         
1      375       599       30343     119       280       0         0         0         0         0         
1      397       604       30343     168       189       0         0         0         0         0         
1      152       480       30343     9         52        0         0         0         0         0         
1      532       618       30343     199       131       0         0         0         0         0         
1      415       352       30343     100       119       0         0         0         0         0         
3      848       829       30344     291       50        0         0         0         0         0         
1      860       789       30344     290       290       0         0         0         0         0         
1      439       479       30344     189       52        0         0         0         0         0         
1      578       626       30344     189       189       0         0         0         0         0         
1      571       579       30344     52        189       0         0         0         0         0         
1      549       622       30344     52        280       0         0         0         0         0         
1      549       649       30344     52        189       0         0         0         0         0         
2      848       829       30344     291       50        0         0         0         0         0         
1      1088      1187      30344     291       291       0         0         0         0         0         
1      991       881       30344     290       290       0         0         0         0         0         
1      217       507       30345     87        189       0         0         0         0         0         
1      582       461       30345     189       189       0         0         0         0         0         
1      960       1207      30346     291       192       0         0         0         0         0         
2      1023      687       30346     291       131       0         0         0         0         0         
1      430       498       30346     52        52        0         0         0         0         0         
1      726       579       30347     290       189       0         0         0         0         0         
1      500       436       30347     52        100       0         0         0         0         0         
1      789       629       30347     290       189       0         0         0         0         0         
3      134       673       30347     9         189       0         0         0         0         0         
2      134       673       30347     9         189       0         0         0         0         0         
1      947       627       30348     290       189       0         0         0         0         0         
1      556       310       30348     199       127       0         0         0         0         0         
1      484       627       30348     189       189       0         0         0         0         0         
1      328       330       30348     299       127       0         0         0         0         0         
3      432       366       30348     52        299       0         0         0         0         0         
1      824       386       30349     291       299       0         0         0         0         0         
1      338       478       30349     277       52        0         0         0         0         0         
1      772       504       30349     290       52        0         0         0         0         0         
1      870       116       30350     291       9         0         0         0         0         0         
2      985       698       30350     50        189       0         0         0         0         0         
3      240       252       30351     87        206       0         0         0         0         0         
1      726       794       30351     290       290       0         0         0         0         0         
1      947       812       30351     290       290       0         0         0         0         0         
1      924       1054      30351     290       84        0         0         0         0         0         
1      396       372       30351     119       119       0         0         0         0         0         
1      604       698       30351     189       189       0         0         0         0         0         
1      526       689       30351     52        131       0         0         0         0         0         
3      240       252       30351     87        206       0         0         0         0         0         
1      231       556       30352     266       199       0         0         0         0         0         
2      692       10        30352     280       98        0         0         0         0         0         
3      692       10        30352     280       98        0         0         0         0         0         
1      457       416       30352     52        100       0         0         0         0         0         
1      304       460       30352     299       189       0         0         0         0         0         
1      863       48        30352     290       98        0         0         0         0         0         
1      783       1069      30352     50        291       0         0         0         0         0         
1      523       48        30352     52        98        0         0         0         0         0         
1      726       721       30352     290       290       0         0         0         0         0         
1      462       47        30352     189       98        0         0         0         0         0         
2      665       535       30353     131       189       0         0         0         0         0         
3      665       535       30353     131       189       0         0         0         0         0         
1      440       598       30353     168       189       0         0         0         0         0         
1      256       409       30353     87        52        0         0         0         0         0         
1      621       232       30353     280       266       0         0         0         0         0         
1      374       726       30354     119       290       0         0         0         0         0         
1      745       504       30354     290       52        0         0         0         0         0         
1      598       625       30354     189       189       0         0         0         0         0         
1      744       679       30354     290       290       0         0         0         0         0         
3      581       694       30354     189       189       0         0         0         0         0         
3      581       694       30354     189       189       0         0         0         0         0         
3      839       35        30355     290       98        0         0         0         0         0         
3      179       49        30355     178       98        0         0         0         0         0         
2      839       35        30355     290       98        0         0         0         0         0         
3      739       739       30355     189       189       0         0         0         0         0         
1      760       720       30355     291       290       0         0         0         0         0         
2      556       1208      30355     199       192       0         0         0         0         0         
1      679       720       30356     290       290       0         0         0         0         0         
1      816       885       30357     290       290       0         0         0         0         0         
1      173       780       30357     286       291       0         0         0         0         0         
2      35        593       30357     98        52        0         0         0         0         0         
1      621       600       30357     280       280       0         0         0         0         0         
2      438       697       30357     100       189       0         0         0         0         0         
1      489       695       30357     199       189       0         0         0         0         0         
1      663       1693      30357     131       142       0         0         0         0         0         
3      904       696       30358     290       189       0         0         0         0         0         
3      618       526       30358     131       52        0         0         0         0         0         
1      883       1032      30359     290       84        0         0         0         0         0         
1      441       603       30359     168       189       0         0         0         0         0         
1      532       721       30359     199       290       0         0         0         0         0         
1      347       267       30359     299       266       0         0         0         0         0         
1      983       574       30359     291       189       0         0         0         0         0         
1      628       646       30359     189       280       0         0         0         0         0         
