COLUMNS

passenger_count
pickup_ID
dropoff_ID
request_time_sec
pickup_district
dropoff_district
LDuals
IDuals
vehicle_ID
pick_position
drop_position

REQUESTS_INFO
2      915       534       29109     291       199       171       171       14        1         3         
1      435       505       29114     52        52        145       145       18        1         2         
3      937       1177      29123     291       84        177       177       80        1         2         
1      981       1207      29056     291       192       0         0         103       1         4         
1      863       863       29107     290       290       133       133       114       1         2         
3      802       873       29087     291       291       144       144       120       1         2         
1      191       333       29126     266       119       105       105       127       1         3         
3      1207      716       29109     192       189       169       169       133       1         3         
1      444       577       29118     168       189       93        93        141       1         2         
1      595       670       29118     131       280       110       110       244       1         2         
1      991       925       29127     290       290       111       111       297       1         2         
2      1086      848       29101     291       291       180       180       306       1         2         
1      199       212       29122     178       266       143       143       383       1         2         
2      291       66        29128     87        98        134       134       395       1         2         
1      710       547       29124     131       52        111       111       415       1         3         
3      915       534       29109     291       199       192       192       450       1         2         
3      1087      894       29109     291       291       195       195       483       1         3         
3      959       696       29119     291       189       185       185       520       1         2         
1      272       534       29078     127       199       186       186       537       1         3         
2      373       716       29106     119       189       168       168       592       1         2         
1      336       273       29042     277       206       208       208       634       1         2         
3      983       990       29101     291       290       210.5     210.5     654       1         3         
2      345       508       29125     299       199       184       184       685       1         3         
1      280       418       29118     277       168       190       190       745       1         2         
1      980       557       29111     291       189       147       147       767       1         4         
2      983       990       29101     291       290       151       151       768       1         2         
1      285       232       29104     299       266       168       168       795       1         3         
2      1207      716       29109     192       189       169       169       809       1         3         
1      1036      812       29111     84        290       155       155       874       1         2         
1      189       31        29117     286       9         114       114       934       1         3         
2      929       719       29120     290       189       139       139       1078      1         2         
1      950       727       29071     290       290       195.5     195.5     1084      1         2         
1      906       882       29129     290       290       116       116       1094      1         2         
2      937       1177      29123     291       84        177       177       1125      1         3         
2      864       676       29127     290       189       89        89        1138      1         3         
1      970       904       29119     290       290       143       143       1142      1         3         
3      812       743       29110     290       290       107       107       1185      1         2         
2      972       815       29112     290       290       150.5     150.5     1197      1         2         
2      915       1227      29113     291       192       188       188       1220      1         2         
2      373       604       29117     119       189       157       157       1238      1         2         
1      489       698       29118     199       189       105       105       1262      1         2         
1      664       505       29106     131       52        137       137       1297      1         3         
3      1043      648       28845     291       189       493       493       1416      1         2         
1      805       718       29116     291       189       121       121       1423      1         2         
1      1065      721       29026     291       290       210       210       1434      1         4         
3      373       716       29106     119       189       168       168       1447      1         2         
1      916       738       29108     291       189       169       169       1448      1         2         
3      345       508       29125     299       199       184       184       1476      1         3         
1      850       673       29124     291       189       102       102       1497      1         2         
1      747       906       29130     290       290       0         0         0         0         0         
1      156       248       29130     286       266       0         0         0         0         0         
2      915       626       29130     291       189       0         0         0         0         0         
3      915       626       29130     291       189       0         0         0         0         0         
2      679       1078      29131     290       84        0         0         0         0         0         
1      781       670       29131     291       280       0         0         0         0         0         
3      679       1078      29131     290       84        0         0         0         0         0         
2      905       881       29131     290       290       0         0         0         0         0         
1      488       557       29131     199       189       0         0         0         0         0         
1      768       483       29131     290       189       0         0         0         0         0         
2      1401      1217      29132     129       84        0         0         0         0         0         
1      294       20        29132     87        98        0         0         0         0         0         
1      511       694       29132     199       189       0         0         0         0         0         
2      991       722       29132     290       290       0         0         0         0         0         
1      65        556       29133     98        199       0         0         0         0         0         
4      521       324       29133     52        299       0         0         0         0         0         
1      368       416       29133     299       100       0         0         0         0         0         
1      791       622       29133     290       280       0         0         0         0         0         
1      505       292       29133     52        87        0         0         0         0         0         
2      950       1011      29133     290       84        0         0         0         0         0         
1      1010      672       29133     290       189       0         0         0         0         0         
1      512       332       29133     199       87        0         0         0         0         0         
1      457       603       29134     52        189       0         0         0         0         0         
1      858       700       29134     290       290       0         0         0         0         0         
1      556       399       29135     199       168       0         0         0         0         0         
1      1168      21        29135     291       98        0         0         0         0         0         
3      619       455       29135     131       52        0         0         0         0         0         
3      619       455       29135     131       52        0         0         0         0         0         
2      720       578       29135     290       189       0         0         0         0         0         
3      720       578       29135     290       189       0         0         0         0         0         
1      969       633       29135     290       189       0         0         0         0         0         
1      937       1056      29136     291       84        0         0         0         0         0         
2      398       256       29136     168       87        0         0         0         0         0         
2      678       726       29136     290       290       0         0         0         0         0         
1      790       881       29136     290       290       0         0         0         0         0         
1      852       673       29136     291       189       0         0         0         0         0         
3      398       256       29136     168       87        0         0         0         0         0         
1      598       873       29136     189       291       0         0         0         0         0         
1      173       391       29136     286       52        0         0         0         0         0         
3      247       355       29136     266       119       0         0         0         0         0         
1      527       399       29136     52        168       0         0         0         0         0         
3      927       947       29137     290       290       0         0         0         0         0         
1      834       946       29137     290       290       0         0         0         0         0         
1      532       672       29137     199       189       0         0         0         0         0         
1      418       581       29137     168       189       0         0         0         0         0         
1      584       698       29137     189       189       0         0         0         0         0         
1      836       355       29137     290       119       0         0         0         0         0         
3      436       499       29137     100       52        0         0         0         0         0         
3      436       499       29137     100       52        0         0         0         0         0         
2      721       946       29137     290       290       0         0         0         0         0         
2      927       947       29137     290       290       0         0         0         0         0         
3      721       946       29137     290       290       0         0         0         0         0         
1      235       443       29138     87        168       0         0         0         0         0         
3      883       691       29138     290       131       0         0         0         0         0         
2      842       837       29138     290       290       0         0         0         0         0         
3      883       691       29138     290       131       0         0         0         0         0         
1      689       676       29139     131       189       0         0         0         0         0         
1      908       1054      29139     290       84        0         0         0         0         0         
2      251       333       29139     127       119       0         0         0         0         0         
1      575       575       29139     189       189       0         0         0         0         0         
1      646       849       29139     280       291       0         0         0         0         0         
1      1065      436       29139     291       100       0         0         0         0         0         
1      782       725       29140     291       290       0         0         0         0         0         
2      578       969       29140     189       290       0         0         0         0         0         
1      527       605       29140     52        189       0         0         0         0         0         
1      556       712       29140     199       131       0         0         0         0         0         
2      330       421       29140     127       168       0         0         0         0         0         
3      330       421       29140     127       168       0         0         0         0         0         
1      894       1024      29140     291       291       0         0         0         0         0         
1      117       648       29141     286       189       0         0         0         0         0         
1      396       377       29141     119       168       0         0         0         0         0         
3      154       304       29141     286       299       0         0         0         0         0         
1      439       716       29141     189       189       0         0         0         0         0         
1      689       647       29142     131       280       0         0         0         0         0         
1      61        552       29142     98        189       0         0         0         0         0         
1      716       458       29142     189       52        0         0         0         0         0         
1      60        499       29142     9         52        0         0         0         0         0         
1      355       674       29142     119       189       0         0         0         0         0         
1      834       652       29142     290       189       0         0         0         0         0         
3      464       650       29143     168       189       0         0         0         0         0         
2      464       650       29143     168       189       0         0         0         0         0         
2      479       521       29143     52        52        0         0         0         0         0         
1      598       19        29143     189       98        0         0         0         0         0         
1      759       626       29143     131       189       0         0         0         0         0         
2      154       579       29144     286       189       0         0         0         0         0         
1      652       700       29144     189       290       0         0         0         0         0         
1      191       135       29144     266       286       0         0         0         0         0         
1      749       884       29144     290       290       0         0         0         0         0         
2      324       499       29144     299       52        0         0         0         0         0         
1      378       349       29144     168       127       0         0         0         0         0         
2      743       47        29144     290       98        0         0         0         0         0         
2      859       722       29144     290       290       0         0         0         0         0         
3      948       601       29145     290       189       0         0         0         0         0         
4      457       345       29145     52        299       0         0         0         0         0         
1      345       647       29145     299       280       0         0         0         0         0         
1      599       507       29145     280       189       0         0         0         0         0         
1      926       722       29145     290       290       0         0         0         0         0         
2      598       531       29145     189       189       0         0         0         0         0         
2      948       601       29145     290       189       0         0         0         0         0         
1      992       888       29146     290       290       0         0         0         0         0         
1      924       991       29146     290       290       0         0         0         0         0         
1      474       531       29146     52        189       0         0         0         0         0         
1      850       716       29146     291       189       0         0         0         0         0         
1      441       606       29147     168       189       0         0         0         0         0         
1      568       1011      29147     52        84        0         0         0         0         0         
1      896       696       29147     291       189       0         0         0         0         0         
1      631       554       29148     189       189       0         0         0         0         0         
2      769       1011      29148     290       84        0         0         0         0         0         
1      795       722       29148     290       290       0         0         0         0         0         
1      723       726       29148     290       290       0         0         0         0         0         
1      1190      1003      29149     192       291       0         0         0         0         0         
3      903       579       29149     290       189       0         0         0         0         0         
1      852       558       29149     291       189       0         0         0         0         0         
1      597       544       29149     131       52        0         0         0         0         0         
1      134       628       29149     9         189       0         0         0         0         0         
2      903       579       29149     290       189       0         0         0         0         0         
1      927       747       29149     290       290       0         0         0         0         0         
1      824       726       29149     291       290       0         0         0         0         0         
2      946       743       29150     290       290       0         0         0         0         0         
1      513       674       29150     199       189       0         0         0         0         0         
1      835       599       29150     290       280       0         0         0         0         0         
1      556       551       29150     199       189       0         0         0         0         0         
3      317       152       29151     277       9         0         0         0         0         0         
3      317       152       29151     277       9         0         0         0         0         0         
1      772       460       29151     290       189       0         0         0         0         0         
1      415       171       29151     100       286       0         0         0         0         0         
1      531       626       29151     189       189       0         0         0         0         0         
2      1004      916       29151     291       291       0         0         0         0         0         
1      626       394       29151     189       100       0         0         0         0         0         
3      628       742       29152     189       290       0         0         0         0         0         
2      628       742       29152     189       290       0         0         0         0         0         
2      481       524       29152     189       52        0         0         0         0         0         
3      722       859       29152     290       290       0         0         0         0         0         
1      185       91        29152     87        178       0         0         0         0         0         
1      527       377       29152     52        168       0         0         0         0         0         
1      509       627       29152     199       189       0         0         0         0         0         
2      599       665       29152     280       131       0         0         0         0         0         
1      557       377       29152     189       168       0         0         0         0         0         
1      461       675       29153     189       189       0         0         0         0         0         
1      440       506       29153     168       189       0         0         0         0         0         
1      745       1022      29153     290       291       0         0         0         0         0         
3      769       948       29153     290       290       0         0         0         0         0         
3      769       948       29153     290       290       0         0         0         0         0         
1      462       171       29154     189       286       0         0         0         0         0         
3      352       387       29154     119       299       0         0         0         0         0         
3      352       387       29154     119       299       0         0         0         0         0         
1      743       509       29154     290       199       0         0         0         0         0         
1      213       155       29154     266       286       0         0         0         0         0         
1      929       747       29154     290       290       0         0         0         0         0         
1      745       652       29154     290       189       0         0         0         0         0         
1      897       738       29154     291       189       0         0         0         0         0         
1      20        694       29155     98        189       0         0         0         0         0         
3      559       291       29155     189       87        0         0         0         0         0         
3      559       291       29155     189       87        0         0         0         0         0         
1      552       647       29156     189       280       0         0         0         0         0         
1      608       748       29156     189       290       0         0         0         0         0         
1      608       116       29157     189       9         0         0         0         0         0         
3      598       648       29158     189       189       0         0         0         0         0         
1      410       674       29158     52        189       0         0         0         0         0         
1      972       835       29158     290       290       0         0         0         0         0         
2      354       601       29158     119       189       0         0         0         0         0         
2      349       647       29158     127       280       0         0         0         0         0         
1      250       183       29158     127       178       0         0         0         0         0         
1      1446      1302      29158     129       129       0         0         0         0         0         
1      1148      738       29159     291       189       0         0         0         0         0         
1      475       393       29159     52        52        0         0         0         0         0         
1      10        46        29159     98        98        0         0         0         0         0         
1      310       191       29159     127       266       0         0         0         0         0         
1      354       651       29159     119       189       0         0         0         0         0         
1      948       744       29159     290       290       0         0         0         0         0         
1      758       695       29159     131       189       0         0         0         0         0         
