COLUMNS

passenger_count
pickup_ID
dropoff_ID
request_time_sec
pickup_district
dropoff_district

REQUESTS_INFO
3      392       179       50160     52        178       
1      650       721       50160     189       290       
2      651       652       50160     189       189       
1      218       125       50160     87        54        
1      873       981       50161     291       291       
1      269       254       50161     127       87        
1      480       480       50161     52        52        
1      770       1032      50161     290       84        
2      925       369       50161     290       52        
1      699       748       50161     290       290       
2      332       413       50162     87        52        
3      680       396       50162     290       119       
1      199       291       50162     178       87        
2      1189      1217      50162     192       84        
3      1189      1217      50162     192       84        
1      700       837       50162     290       290       
3      835       990       50163     290       290       
3      835       990       50163     290       290       
1      526       698       50163     52        189       
1      892       82        50163     291       98        
2      672       861       50163     189       290       
1      559       512       50163     189       199       
2      626       550       50163     189       189       
1      392       579       50164     52        189       
1      268       123       50164     299       54        
1      621       628       50164     280       189       
1      668       923       50164     280       290       
1      527       578       50164     52        189       
1      436       436       50164     100       100       
1      1090      904       50165     291       290       
1      766       835       50165     290       290       
2      629       840       50166     189       290       
1      210       398       50166     266       168       
1      217       465       50166     87        199       
1      760       851       50166     291       291       
3      482       482       50167     189       189       
3      482       482       50167     189       189       
3      415       622       50167     100       280       
3      415       622       50167     100       280       
1      662       212       50167     131       266       
1      554       251       50167     189       127       
1      332       237       50168     87        87        
3      1291      1115      50168     129       84        
3      1291      1115      50168     129       84        
1      983       834       50168     291       290       
1      794       772       50168     290       290       
1      442       353       50168     168       119       
1      813       214       50168     290       207       
1      1151      1025      50169     291       291       
3      32        176       50169     98        174       
1      556       698       50169     199       189       
2      556       550       50169     199       189       
2      524       459       50169     52        189       
1      431       555       50170     52        199       
3      817       199       50170     290       178       
1      460       555       50170     189       199       
4      549       626       50170     52        189       
1      651       527       50170     189       52        
1      873       738       50170     291       189       
1      693       709       50170     280       131       
1      293       91        50170     87        178       
2      817       199       50170     290       178       
1      625       605       50171     189       189       
1      827       770       50171     291       290       
1      724       794       50171     290       290       
1      597       760       50171     131       291       
1      507       49        50172     189       98        
1      602       507       50172     189       189       
2      532       926       50173     199       290       
3      532       926       50173     199       290       
1      769       742       50174     290       290       
1      236       507       50174     87        189       
1      668       268       50174     280       299       
1      460       334       50174     189       119       
1      20        702       50174     98        290       
1      622       551       50175     280       189       
1      625       695       50175     189       189       
3      972       771       50175     290       290       
3      1024      991       50175     291       290       
3      1024      991       50175     291       290       
1      607       392       50175     189       52        
1      604       719       50176     189       189       
1      782       505       50176     291       52        
1      416       621       50176     100       280       
1      710       476       50177     131       52        
1      626       811       50179     189       290       
1      643       31        50179     131       9         
1      349       458       50179     127       52        
1      826       1001      50179     291       291       
1      1065      925       50179     291       290       
3      605       417       50179     189       100       
3      230       458       50180     266       52        
2      1180      306       50180     84        299       
3      442       486       50180     168       199       
2      230       458       50180     266       52        
3      431       308       50181     52        127       
3      431       308       50181     52        127       
1      909       835       50181     290       290       
1      436       671       50181     100       280       
1      793       716       50181     290       189       
1      716       958       50181     189       291       
2      572       714       50181     131       131       
1      488       507       50182     199       189       
1      310       373       50182     127       119       
1      908       727       50182     290       290       
1      837       927       50182     290       290       
1      936       703       50183     291       290       
1      507       679       50183     189       290       
1      647       288       50183     280       127       
3      352       505       50184     119       52        
1      768       726       50185     290       290       
3      544       293       50185     52        87        
1      596       545       50186     131       52        
1      737       1021      50186     189       291       
3      1066      905       50186     291       290       
1      408       687       50186     299       131       
1      228       212       50186     266       266       
2      1066      905       50186     291       290       
1      530       559       50187     189       189       
1      1342      1340      50187     129       129       
1      48        43        50187     98        9         
1      723       680       50188     290       290       
1      463       376       50188     168       168       
1      527       372       50188     52        119       
1      959       1046      50188     291       291       
3      652       440       50189     189       168       
1      158       249       50189     174       266       
1      810       534       50189     290       199       
3      652       440       50189     189       168       
1      213       581       50190     266       189       
1      137       600       50190     286       280       
1      626       621       50190     189       280       
1      747       679       50190     290       290       
