COLUMNS

passenger_count
pickup_ID
dropoff_ID
request_time_sec
pickup_time_sec
pickup_depart_sec
vehicle_ID
pickup_district
dropoff_district
position

REQUESTS_INFO
1      499       850       31155     31301     31331     0              52             291            1              
1      499       1167      31165     31331     31361     0              52             291            2              
1      369       739       31077     31136     31166     2              52             189            1              
1      354       170       31014     31160     31190     3              119            286            1              
2      43        772       30850     30983     31013     6              9              290            1              
2      10        628       31083     31242     31272     7              98             189            1              
1      951       726       30870     31095     31125     8              290            290            1              
2      180       157       31023     31237     31267     9              178            54             1              
1      180       434       31111     31267     31297     9              178            52             2              
1      1055      578       31056     31352     31382     11             84             189            3              
1      1024      1048      31099     31178     31208     12             291            291            1              
1      936       290       31095     31276     31306     12             291            127            2              
1      443       431       31152     31250     31280     17             168            52             1              
1      765       602       31112     31275     31305     20             290            189            3              
2      646       117       30880     31014     31044     21             280            286            1              
1      189       675       30958     31066     31096     22             286            189            1              
1      345       694       30898     31026     31056     25             299            189            1              
2      274       504       30922     31077     31107     26             87             52             1              
1      293       527       30992     31127     31157     26             87             52             2              
1      436       602       30853     30934     30964     28             100            189            1              
1      459       578       30968     31067     31097     28             189            189            2              
1      484       906       31163     31223     31253     28             189            290            3              
1      836       527       31162     31287     31317     29             290            52             1              
1      790       476       31054     31186     31216     29             290            52             2              
2      836       432       31147     31257     31287     29             290            52             3              
2      441       324       30800     30924     30954     30             168            299            1              
2      710       526       31121     31239     31269     31             131            52             1              
2      31        923       30536     30662     30692     31             9              290            2              
1      356       504       30765     30962     30992     36             119            52             1              
2      887       925       31149     31211     31241     37             290            290            2              
1      887       530       31040     31181     31211     37             290            189            4              
1      1172      644       30786     30990     31020     40             129            131            1              
1      1172      434       30988     31050     31080     40             129            52             2              
1      644       116       30938     31054     31084     41             131            9              1              
1      374       718       30793     30952     30982     42             119            189            1              
1      332       858       31021     31089     31119     42             87             290            2              
1      959       726       30840     31120     31150     44             291            290            1              
2      914       1147      30842     31034     31064     45             291            291            2              
1      959       1227      30932     31106     31136     45             291            192            3              
3      1048      598       30688     30863     30893     46             291            189            1              
3      1044      914       31090     31211     31241     48             291            291            2              
1      373       486       31128     31225     31255     50             119            199            1              
2      393       554       31071     31153     31183     50             52             189            2              
1      373       721       31132     31255     31285     50             119            290            3              
1      60        626       31001     31100     31130     52             9              189            1              
1      760       556       30993     31101     31131     54             291            199            1              
1      643       134       31085     31215     31245     55             131            9              2              
1      717       396       30956     31032     31062     56             189            119            1              
3      736       530       30908     31063     31093     57             131            189            2              
1      416       776       31087     31176     31206     58             100            131            1              
1      642       646       31117     31254     31284     59             131            280            1              
2      570       780       31081     31164     31194     59             52             291            2              
1      780       772       30794     30993     31023     60             291            290            2              
3      1265      1065      30894     31086     31116     61             192            291            1              
1      653       559       31075     31184     31214     62             189            189            1              
1      724       526       31094     31249     31279     62             290            52             2              
1      689       389       30933     31092     31122     63             131            299            1              
1      692       35        30911     31027     31057     64             280            98             1              
3      479       325       30977     31144     31174     65             52             299            1              
1      573       581       30945     31059     31089     66             189            189            1              
1      549       923       31020     31123     31153     66             52             290            2              
1      1004      672       30912     31088     31118     69             291            189            1              
1      904       914       31000     31313     31343     69             290            291            2              
1      582       532       30990     31056     31086     70             189            199            1              
1      217       511       30704     30800     30830     71             87             199            1              
1      237       557       30826     30884     30914     71             87             189            2              
1      217       693       30855     30938     30968     71             87             280            3              
1      668       948       30971     31123     31153     73             280            290            1              
2      476       620       30913     31027     31057     74             52             131            1              
1      654       616       31064     31178     31208     76             189            131            1              
1      839       1102      31125     31216     31246     78             290            84             3              
1      716       576       30948     31100     31130     80             189            189            1              
1      887       698       30852     31043     31073     81             290            189            1              
1      886       697       30925     31167     31197     81             290            189            2              
3      549       667       31124     31223     31253     82             52             131            1              
1      549       602       31092     31193     31223     82             52             189            2              
1      646       558       31153     31206     31236     83             280            189            1              
3      646       527       31027     31176     31206     83             280            52             2              
1      512       408       30813     30890     30920     86             199            299            1              
1      812       1053      30731     30937     30967     87             290            84             1              
2      925       891       30966     31144     31174     87             290            291            2              
1      916       474       30784     30957     30987     88             291            52             1              
1      738       504       31004     31141     31171     90             189            52             3              
1      651       504       31110     31252     31282     90             189            52             4              
1      252       530       31013     31108     31138     91             206            189            1              
1      621       45        31042     31118     31148     93             280            98             1              
1      665       188       30757     30933     30963     95             131            286            1              
1      478       247       31122     31243     31273     95             52             266            2              
1      375       177       31109     31217     31247     98             119            207            1              
3      332       526       30904     31056     31086     99             87             52             1              
1      137       481       30643     30758     30788     100            286            189            1              
2      731       526       30985     31080     31110     101            131            52             1              
3      606       1706      30817     30957     30987     103            189            142            1              
1      1096      557       30864     30994     31024     104            84             189            1              
1      677       528       30847     30998     31028     106            189            52             1              
1      276       417       30962     31088     31118     107            87             100            1              
1      667       603       30985     31121     31151     109            131            189            1              
2      884       927       30812     31098     31128     110            290            290            1              
1      925       948       31123     31273     31303     110            290            290            2              
1      925       1218      31060     31243     31273     110            290            84             3              
1      435       698       30982     31104     31134     111            52             189            1              
3      936       365       31022     31284     31314     114            291            299            2              
1      527       789       30969     31020     31050     117            52             290            1              
1      238       556       30965     31121     31151     118            87             199            1              
1      311       527       30902     31061     31091     119            87             52             1              
1      655       727       30989     31098     31128     120            189            290            1              
1      700       860       31145     31259     31289     120            290            290            2              
3      905       1087      31048     31212     31242     121            290            291            1              
1      583       1087      30803     30942     30972     121            189            291            2              
2      298       377       30853     31117     31147     122            277            168            1              
1      296       505       30961     31221     31251     122            277            52             2              
1      1107      1015      30937     31147     31177     124            291            84             3              
1      239       544       31075     31196     31226     125            87             52             1              
1      354       557       31076     31207     31237     127            119            189            1              
3      354       606       31132     31237     31267     127            119            189            2              
1      914       334       31082     31180     31210     128            291            119            1              
1      1148      1268      31035     31142     31172     129            291            129            1              
1      1128      1670      31013     31186     31216     129            291            142            2              
2      768       739       31023     31222     31252     131            290            189            1              
2      768       926       31093     31252     31282     131            290            290            2              
3      484       881       31003     31095     31125     132            189            290            1              
1      291       557       31090     31275     31305     133            87             189            1              
3      274       732       31097     31188     31218     133            87             131            2              
2      847       620       31001     31330     31360     135            291            131            1              
1      759       526       30971     31195     31225     135            131            52             2              
2      81        551       30832     30919     30949     137            98             189            1              
1      813       905       31108     31243     31273     138            290            290            3              
1      45        507       30459     30615     30645     140            98             189            1              
1      20        903       30560     30730     30760     140            98             290            2              
3      484       768       30973     31078     31108     141            189            290            1              
1      629       686       31134     31267     31297     141            189            131            2              
1      983       1169      31115     31246     31276     143            291            291            3              
2      937       1226      30812     31049     31079     144            291            192            1              
1      34        155       30997     31119     31149     145            98             286            1              
2      10        605       31056     31218     31248     145            98             189            2              
3      646       269       30550     30696     30726     146            280            127            1              
1      306       229       31078     31241     31271     146            299            266            2              
1      908       1218      30986     31214     31244     148            290            84             1              
3      906       1615      30628     31115     31145     148            290            296            2              
1      47        651       31048     31178     31208     149            98             189            1              
1      85        550       31168     31311     31341     149            287            189            2              
1      747       349       30697     30839     30869     150            290            127            1              
1      465       369       31080     31215     31245     150            199            52             2              
1      465       331       31068     31185     31215     150            199            127            3              
1      839       940       30662     30968     30998     152            290            291            1              
1      817       983       30912     31039     31069     152            290            291            2              
1      644       742       31112     31287     31317     153            131            290            1              
2      644       675       31111     31257     31287     153            131            189            2              
1      666       526       31154     31210     31240     155            131            52             1              
2      666       526       30936     31180     31210     155            131            52             2              
1      690       31        30852     31073     31103     155            131            9              3              
1      1271      1219      30880     31056     31086     157            129            84             1              
1      1177      1249      31136     31280     31310     157            84             129            2              
1      476       371       30909     31017     31047     158            52             52             2              
1      487       35        30900     31062     31092     159            199            98             1              
1      771       1011      31014     31179     31209     162            290            84             1              
3      850       628       30873     31004     31034     163            291            189            1              
1      1225      894       31116     31201     31231     164            192            291            2              
1      78        526       31078     31174     31204     166            9              52             1              
3      916       759       31016     31255     31285     167            291            131            1              
1      961       620       31044     31175     31205     167            291            131            2              
1      718       97        30831     30913     30943     168            189            9              1              
2      760       628       30951     31091     31121     169            291            189            1              
1      1140      925       31071     31239     31269     170            84             290            1              
3      1119      377       30968     31189     31219     170            84             168            2              
1      981       935       30813     31005     31035     172            291            291            1              
3      896       698       31064     31218     31248     172            291            189            2              
1      894       79        30741     30890     30920     174            291            98             1              
1      369       441       30982     31104     31134     176            52             168            1              
2      464       272       31150     31237     31267     177            168            127            1              
1      376       252       30784     30959     30989     178            168            206            1              
1      392       651       31112     31212     31242     180            52             189            1              
1      349       724       30982     31059     31089     180            127            290            2              
3      1211      851       31074     31246     31276     181            129            291            2              
1      981       581       30740     31012     31042     183            291            189            1              
1      46        478       30889     31006     31036     185            98             52             1              
1      296       61        30717     30789     30819     187            277            98             1              
1      621       710       31045     31125     31155     188            280            131            2              
3      671       779       31107     31196     31226     190            280            131            1              
1      718       211       31153     31255     31285     190            189            266            2              
1      791       1281      30855     31028     31058     191            290            192            1              
3      680       20        30364     30528     30558     194            290            98             1              
1      269       527       31143     31255     31285     195            127            52             1              
2      268       755       31067     31184     31214     195            299            131            2              
1      771       699       30962     31055     31085     196            290            290            1              
1      772       527       30881     31024     31054     196            290            52             2              
1      906       926       31097     31250     31280     197            290            290            1              
1      948       790       30859     31096     31126     197            290            290            2              
1      970       851       31004     31165     31195     197            290            291            3              
1      464       598       30974     31048     31078     198            168            189            1              
1      556       550       31133     31182     31212     198            199            189            2              
2      623       117       31169     31301     31331     198            280            286            3              
3      837       581       30689     30928     30958     199            290            189            1              
1      652       418       31089     31210     31240     199            189            168            2              
1      675       618       31064     31195     31225     200            189            131            1              
1      297       836       30671     30865     30895     201            277            290            1              
1      533       693       31121     31204     31234     201            199            280            2              
1      981       827       31124     31250     31280     203            291            291            2              
1      369       170       31016     31133     31163     204            52             286            1              
1      253       481       30988     31130     31160     205            206            189            1              
3      274       732       31097     31207     31237     205            87             131            2              
1      310       745       31077     31217     31247     207            127            290            3              
1      333       357       31118     31256     31286     210            119            277            1              
1      333       421       31132     31286     31316     210            119            168            2              
2      679       1010      31168     31397     31427     211            290            290            1              
3      581       766       30849     30942     30972     212            189            290            1              
1      458       19        30660     30801     30831     213            52             98             1              
1      669       858       30841     31022     31052     214            280            290            2              
1      1192      599       30927     31132     31162     215            129            280            2              
2      183       293       31123     31246     31276     216            178            87             2              
1      199       258       31071     31204     31234     217            178            87             2              
1      984       883       30844     30934     30964     218            291            290            2              
2      1000      904       30878     31047     31077     218            291            290            3              
1      983       1227      30853     30981     31011     219            291            192            1              
1      1045      1217      31029     31254     31284     219            291            84             2              
1      756       719       31036     31218     31248     220            131            189            3              
2      558       620       30933     31001     31031     221            189            131            1              
1      534       692       31056     31147     31177     221            199            280            2              
1      679       627       31018     31177     31207     224            290            189            1              
1      679       556       30941     31147     31177     224            290            199            2              
2      771       466       31099     31256     31286     224            290            199            3              
1      326       271       31072     31200     31230     225            299            127            1              
3      325       531       30962     31100     31130     225            299            189            2              
1      462       768       31038     31169     31199     226            189            290            1              
2      462       765       31132     31199     31229     226            189            290            2              
1      1065      533       30675     30787     30817     227            291            199            1              
1      463       603       31139     31263     31293     228            168            189            1              
1      463       842       31087     31233     31263     228            168            290            2              
1      891       1010      31029     31285     31315     230            291            290            1              
1      556       710       31126     31202     31232     231            199            131            3              
1      817       373       30907     31088     31118     232            290            119            1              
1      78        358       31096     31183     31213     233            9              168            1              
1      458       534       31161     31200     31230     234            52             199            1              
2      458       647       31138     31170     31200     234            52             280            2              
1      883       1010      30937     31044     31074     235            290            290            1              
2      947       927       30818     31145     31175     235            290            290            2              
1      1032      1097      31083     31245     31275     235            84             84             3              
1      865       969       31127     31248     31278     236            290            290            3              
2      865       1263      31168     31278     31308     236            290            192            4              
2      759       940       30780     30973     31003     237            131            291            2              
2      549       247       31137     31223     31253     238            52             266            1              
1      642       209       30925     31033     31063     238            131            266            2              
1      549       61        31083     31193     31223     238            52             98             3              
2      61        717       31118     31218     31248     240            98             189            1              
1      557       511       31091     31144     31174     241            189            199            1              
2      628       859       31092     31218     31248     241            189            290            2              
2      534       827       30752     30845     30875     244            199            291            1              
1      758       894       31053     31221     31251     244            131            291            2              
1      695       1044      30940     31038     31068     244            189            291            3              
3      247       556       30870     31035     31065     245            266            199            1              
1      1109      1046      30960     31221     31251     246            291            291            1              
1      1211      676       30884     31063     31093     246            129            189            2              
1      757       718       31011     31232     31262     249            131            189            3              
1      505       179       31123     31258     31288     250            52             178            1              
1      369       527       30978     31083     31113     251            52             52             1              
1      328       791       30928     31004     31034     251            299            290            2              
3      43        772       30850     30910     30940     252            9              290            1              
1      194       195       31063     31170     31200     253            207            207            1              
1      194       46        31071     31200     31230     253            207            98             2              
3      482       625       31127     31267     31297     255            189            189            1              
2      731       615       31034     31192     31222     256            131            131            1              
2      731       526       31101     31222     31252     256            131            52             2              
1      1053      505       30749     30828     30858     258            84             52             1              
1      905       394       30917     31034     31064     258            290            100            2              
1      925       692       30706     30866     30896     259            290            280            1              
1      804       673       31043     31170     31200     260            291            189            1              
3      896       698       31064     31284     31314     260            291            189            2              
3      298       377       30853     31200     31230     261            277            168            2              
1      884       720       31044     31226     31256     264            290            290            3              
3      134       394       30917     31031     31061     267            9              100            1              
1      62        578       30950     31055     31085     270            98             189            1              
1      397       744       31148     31241     31271     271            168            290            1              
1      397       581       31027     31211     31241     271            168            189            2              
1      271       621       30981     31086     31116     272            127            280            1              
1      836       701       31087     31220     31250     273            290            290            1              
1      859       628       31044     31148     31178     273            290            189            2              
1      859       441       30818     31118     31148     273            290            168            3              
1      836       331       30875     31190     31220     273            290            127            4              
3      864       1016      30845     31056     31086     274            290            84             1              
1      213       504       30962     31153     31183     275            266            52             1              
1      213       597       31084     31183     31213     275            266            131            2              
2      250       842       31156     31306     31336     275            127            290            3              
1      621       487       31120     31260     31290     277            280            199            1              
1      218       651       30706     30819     30849     279            87             189            1              
3      462       765       31132     31275     31305     279            189            290            2              
1      680       749       31064     31241     31271     280            290            290            1              
3      680       535       30935     31211     31241     280            290            189            2              
3      332       97        31034     31104     31134     282            87             9              1              
1      336       251       30963     31170     31200     283            277            127            1              
1      337       269       31083     31223     31253     283            277            127            2              
1      507       459       31107     31181     31211     284            189            189            1              
2      484       745       31148     31233     31263     284            189            290            2              
1      675       1226      30866     30972     31002     285            189            192            1              
1      479       61        31068     31158     31188     288            52             98             1              
3      582       530       31054     31144     31174     289            189            189            2              
1      695       973       30869     30976     31006     290            189            84             1              
1      948       475       30796     30892     30922     292            290            52             1              
1      152       396       30779     30874     30904     293            9              119            1              
1      652       174       30827     30936     30966     294            189            266            1              
1      484       858       30921     30985     31015     295            189            290            1              
1      484       884       30766     30925     30955     295            189            290            2              
1      484       969       30948     31015     31045     295            189            290            3              
1      837       1078      31120     31305     31335     295            290            84             4              
1      721       550       30938     31042     31072     296            290            189            1              
1      668       582       31083     31227     31257     296            280            189            2              
1      354       621       30932     31036     31066     298            119            280            1              
1      314       550       30989     31161     31191     298            119            189            2              
2      216       229       31026     31222     31252     300            178            266            1              
2      534       527       30956     31040     31070     301            199            52             1              
1      559       527       31002     31137     31167     301            189            52             2              
1      702       1605      30730     30871     30901     302            290            296            1              
1      1068      598       30964     31093     31123     303            291            189            1              
3      770       504       31127     31375     31405     304            290            52             1              
3      864       1016      30845     31042     31072     307            290            84             1              
1      885       701       31053     31209     31239     307            290            290            2              
1      794       352       30878     31044     31074     308            290            119            1              
3      794       413       31002     31246     31276     308            290            52             2              
1      549       10        31005     31075     31105     310            52             98             1              
1      859       507       30862     31017     31047     313            290            189            2              
3      582       530       31054     31214     31244     317            189            189            2              
3      1107      579       30912     31203     31233     320            291            189            3              
1      607       479       31015     31123     31153     321            189            52             1              
1      923       1209      30808     30987     31017     322            290            192            1              
3      410       996       30777     30896     30926     323            52             84             2              
1      191       556       31100     31193     31223     324            266            199            1              
1      247       732       31136     31320     31350     324            266            131            2              
3      352       81        30731     30916     30946     325            119            98             1              
1      524       416       30994     31146     31176     326            52             100            1              
1      545       719       31048     31266     31296     326            52             189            2              
3      555       903       30909     31002     31032     328            199            290            1              
1      795       937       31106     31308     31338     328            290            291            2              
1      481       903       30878     30981     31011     329            189            290            1              
1      726       908       31138     31328     31358     329            290            290            2              
2      813       238       30994     31122     31152     330            290            87             2              
1      715       269       30875     30976     31006     331            131            127            1              
2      598       663       31158     31292     31322     334            189            131            1              
1      928       925       30700     31081     31111     336            290            290            3              
2      527       580       30936     31008     31038     337            52             189            1              
2      598       558       31090     31220     31250     337            189            189            2              
1      487       257       30998     31113     31143     339            199            87             1              
1      621       716       31060     31181     31211     341            280            189            1              
2      578       766       30973     31100     31130     341            189            290            2              
1      692       923       31141     31283     31313     341            280            290            3              
1      897       526       31003     31084     31114     342            291            52             1              
1      183       465       30880     31038     31068     346            178            199            1              
2      235       719       31001     31211     31241     346            87             189            2              
1      780       179       31124     31256     31286     347            291            178            3              
2      535       983       30766     30858     30888     348            189            291            1              
1      896       47        31132     31288     31318     348            291            98             2              
1      527       288       31057     31122     31152     350            52             127            1              
1      527       289       31081     31182     31212     350            52             127            2              
1      1140      252       30777     30865     30895     351            84             206            3              
1      643       367       31006     31138     31168     352            131            299            3              
3      527       371       31079     31126     31156     353            52             52             1              
1      621       990       30777     30861     30891     354            280            290            1              
2      484       768       30973     31119     31149     355            189            290            1              
1      488       745       31066     31233     31263     355            199            290            2              
1      488       875       31148     31263     31293     355            199            291            3              
2      60        547       31086     31218     31248     357            9              52             1              
1      511       214       30957     31061     31091     358            199            207            1              
1      390       252       30916     30982     31012     359            52             206            1              
1      1057      578       31117     31237     31267     360            84             189            3              
1      794       134       30335     30538     30568     361            290            9              1              
1      905       767       31098     31257     31287     362            290            290            1              
1      971       696       30933     31084     31114     362            290            189            2              
1      1034      288       30632     30952     30982     362            84             127            3              
3      411       599       31083     31201     31231     363            52             280            1              
1      836       652       31067     31229     31259     364            290            189            1              
1      836       580       30961     31199     31229     364            290            189            2              
1      835       461       31005     31133     31163     364            290            189            3              
1      484       534       31045     31142     31172     365            189            199            1              
1      484       768       31054     31172     31202     365            189            290            2              
3      462       511       31052     31209     31239     366            189            199            1              
1      597       238       30952     31010     31040     366            131            87             2              
1      388       665       30731     30882     30912     367            299            131            1              
2      710       640       31162     31287     31317     367            131            131            2              
1      710       526       31127     31257     31287     367            131            52             3              
2      1087      1386      30775     30899     30929     368            291            129            1              
1      849       1128      30803     31028     31058     369            291            291            2              
1      860       232       30785     30937     30967     370            290            266            3              
2      972       793       31075     31158     31188     372            290            290            1              
1      484       1139      30758     30837     30867     374            189            84             2              
1      972       188       30830     30967     30997     375            290            286            3              
3      298       397       30908     31098     31128     377            277            168            1              
1      317       652       30984     31229     31259     377            277            189            2              
1      375       693       30724     30888     30918     378            119            280            1              
3      710       526       31121     31284     31314     378            131            52             2              
1      597       756       31054     31179     31209     379            131            131            1              
1      549       839       31043     31099     31129     379            52             290            2              
1      527       555       31144     31222     31252     380            52             199            1              
1      527       394       31120     31192     31222     380            52             100            2              
1      621       924       30929     30973     31003     381            280            290            1              
3      651       840       31114     31270     31300     381            189            290            2              
1      309       526       30792     30937     30967     383            127            52             1              
1      607       506       30941     31042     31072     385            189            189            1              
1      581       623       31123     31245     31275     385            189            280            2              
3      937       1227      31094     31260     31290     386            291            192            2              
3      1189      962       30868     31092     31122     387            192            291            1              
1      748       527       30839     30974     31004     388            290            52             1              
1      669       512       31134     31249     31279     388            280            199            2              
3      814       969       31009     31329     31359     389            290            290            1              
1      652       992       30979     31050     31080     389            189            290            2              
1      646       153       30978     31076     31106     390            280            286            1              
1      526       64        31149     31273     31303     390            52             98             2              
1      812       174       31045     31175     31205     391            290            266            1              
1      827       777       30961     31036     31066     392            291            131            1              
3      671       779       31107     31210     31240     392            280            131            2              
1      1107      804       30913     31050     31080     395            291            291            1              
2      1107      579       30912     31020     31050     395            291            189            2              
2      827       479       30809     30902     30932     396            291            52             1              
1      526       1128      31151     31259     31289     396            52             291            2              
1      354       694       30854     31022     31052     399            119            189            1              
2      915       372       30835     30990     31020     400            291            119            1              
1      628       10        31025     31140     31170     402            189            98             1              
1      528       532       31087     31222     31252     403            52             199            3              
1      529       834       30846     30996     31026     404            189            290            1              
1      991       839       31103     31334     31364     406            290            290            2              
2      991       723       31036     31304     31334     406            290            290            3              
1      527       579       31019     31060     31090     411            52             189            1              
1      464       721       31084     31215     31245     411            168            290            2              
1      486       698       31022     31171     31201     411            199            189            3              
1      817       1263      30689     30759     30789     414            290            192            1              
1      726       827       30925     31118     31148     415            290            291            1              
1      702       937       30841     30962     30992     416            290            291            1              
1      677       804       31072     31200     31230     416            189            291            2              
1      605       597       30919     31016     31046     419            189            131            1              
1      665       814       31079     31264     31294     419            131            290            2              
1      788       923       31048     31224     31254     420            290            290            1              
3      673       882       30976     31098     31128     420            189            290            2              
1      463       527       31079     31197     31227     421            168            52             1              
1      861       349       30951     31094     31124     423            290            127            2              
1      818       436       30697     30903     30933     424            290            100            1              
1      1055      582       30973     31220     31250     425            84             189            1              
3      968       557       30827     31093     31123     425            290            189            2              
1      645       31        30390     30559     30589     430            280            9              1              
1      645       212       30898     30984     31014     431            280            266            1              
1      328       504       31109     31250     31280     435            299            52             3              
1      598       717       31116     31280     31310     436            189            189            1              
1      555       850       31083     31159     31189     436            199            291            2              
1      556       782       30788     30857     30887     438            199            291            1              
3      715       914       31041     31215     31245     438            131            291            2              
3      1119      377       30968     31171     31201     439            84             168            1              
2      217       850       31010     31168     31198     440            87             291            1              
1      396       526       30981     31086     31116     441            119            52             1              
2      747       720       30995     31279     31309     442            290            290            1              
1      653       781       31036     31171     31201     442            189            291            2              
1      397       861       31069     31236     31266     444            168            290            1              
1      723       747       31118     31307     31337     445            290            290            1              
1      725       272       30867     30935     30965     447            290            127            1              
1      749       291       30861     31065     31095     447            290            87             2              
1      512       393       31151     31279     31309     452            199            52             1              
1      1024      411       30966     31117     31147     453            291            52             1              
3      549       509       30882     30990     31020     454            52             199            1              
1      598       625       31078     31211     31241     454            189            189            2              
1      678       582       31144     31236     31266     455            290            189            1              
1      744       557       30911     31071     31101     455            290            189            2              
1      633       185       30771     30995     31025     456            189            87             1              
1      749       632       30992     31162     31192     457            290            189            1              
2      748       652       30924     31065     31095     457            290            189            2              
1      236       793       30459     30612     30642     458            87             290            1              
1      771       805       31045     31211     31241     458            290            291            2              
1      790       557       30905     31052     31082     461            290            189            1              
1      233       686       30801     30914     30944     462            206            131            1              
1      287       532       30999     31087     31117     463            299            199            1              
1      287       604       31017     31117     31147     463            299            189            2              
1      250       776       31088     31205     31235     463            127            131            3              
1      579       176       30663     30795     30825     464            189            174            1              
1      991       648       30952     31016     31046     466            290            189            1              
1      10        526       31101     31258     31288     467            98             52             1              
3      1175      1208      30938     31067     31097     468            129            192            1              
1      1091      1175      30943     31211     31241     468            291            129            2              
1      840       722       31073     31233     31263     472            290            290            2              
1      748       624       31089     31162     31192     472            290            189            3              
1      215       436       30679     30842     30872     473            178            100            1              
3      771       466       31099     31233     31263     474            290            199            1              
1      727       332       30937     31160     31190     474            290            87             2              
3      441       527       31169     31324     31354     477            168            52             1              
1      374       578       31073     31192     31222     477            119            189            2              
1      255       172       30982     31118     31148     481            87             286            1              
1      676       551       31009     31131     31161     482            189            189            1              
1      571       409       30879     30970     31000     484            52             52             1              
3      646       527       31027     31241     31271     487            280            52             1              
1      670       526       31067     31131     31161     487            280            52             2              
1      337       676       30697     30881     30911     488            277            189            1              
2      191       527       30911     31007     31037     489            266            52             1              
1      191       858       30935     31037     31067     489            266            290            2              
1      443       608       30927     31034     31064     490            168            189            1              
1      419       864       31014     31120     31150     490            168            290            2              
1      827       969       30756     30904     30934     491            291            290            1              
1      861       170       30706     30871     30901     494            290            286            2              
1      905       1011      31137     31207     31237     495            290            84             1              
3      968       1218      30583     31077     31107     495            290            84             2              
2      970       571       30631     30782     30812     496            290            52             2              
1      280       438       30904     31096     31126     499            277            100            1              
4      551       374       31102     31241     31271     501            189            119            1              
1      309       712       30805     30952     30982     502            127            131            1              
2      488       597       31076     31238     31268     503            199            131            2              
3      628       352       31120     31177     31207     504            189            119            1              
1      889       675       30699     30888     30918     507            290            189            1              
1      907       722       30831     31012     31042     507            290            290            2              
1      887       550       30938     31070     31100     507            290            189            3              
2      332       504       30866     30932     30962     508            87             52             1              
1      462       527       31070     31190     31220     508            189            52             2              
2      860       969       30833     31081     31111     509            290            290            1              
1      860       1116      30850     31051     31081     509            290            84             2              
1      621       530       30914     31031     31061     511            280            189            1              
1      840       48        30769     30882     30912     512            290            98             1              
1      509       438       31069     31159     31189     513            199            100            1              
1      596       399       31031     31132     31162     514            131            168            1              
1      916       172       30994     31151     31181     515            291            286            3              
1      1489      287       31086     31243     31273     516            296            299            3              
1      848       1227      30670     31082     31112     517            291            192            1              
1      913       1263      31124     31244     31274     517            291            192            2              
1      505       555       31140     31214     31244     518            52             199            1              
1      527       718       30994     31070     31100     518            52             189            2              
1      735       100       30744     30813     30843     522            131            57             1              
1      744       557       30877     31019     31049     526            290            189            1              
1      788       122       30847     30937     30967     526            290            54             2              
1      152       463       30539     30589     30619     527            9              168            1              
1      415       158       30842     30937     30967     528            100            174            1              
1      287       170       31087     31229     31259     528            299            286            2              
1      622       527       31155     31287     31317     530            280            52             1              
1      893       738       30995     31172     31202     531            291            189            1              
3      395       558       30993     31223     31253     532            100            189            1              
2      649       1128      30824     30950     30980     533            189            291            1              
1      643       884       30944     31003     31033     535            131            290            1              
1      1003      671       30958     31117     31147     536            291            280            1              
2      327       526       31004     31080     31110     540            299            52             1              
1      409       527       31074     31222     31252     540            52             52             2              
1      619       711       30947     31066     31096     541            131            131            1              
1      618       696       31032     31106     31136     541            131            189            2              
1      663       1706      31114     31212     31242     541            131            142            3              
1      535       504       31044     31173     31203     542            189            52             1              
1      81        117       31144     31250     31280     544            98             286            1              
1      171       721       31024     31146     31176     545            286            290            1              
1      421       700       30848     31028     31058     547            168            290            1              
2      770       504       31127     31310     31340     547            290            52             2              
3      673       882       30976     31112     31142     552            189            290            1              
1      189       599       30974     31096     31126     554            286            280            1              
3      268       755       31067     31241     31271     554            299            131            2              
1      1301      850       30725     30871     30901     555            192            291            1              
1      1168      959       30924     31073     31103     555            291            291            2              
1      769       717       31080     31173     31203     556            290            189            1              
1      905       504       30719     30824     30854     558            290            52             1              
1      527       417       31125     31210     31240     558            52             100            2              
1      621       581       31111     31225     31255     560            280            189            1              
1      621       533       31150     31255     31285     560            280            199            2              
1      621       394       31101     31195     31225     560            280            100            3              
1      731       551       30867     30998     31028     561            131            189            1              
1      665       488       30924     31088     31118     561            131            199            2              
1      913       188       31089     31158     31188     562            291            286            1              
1      847       628       30790     31018     31048     564            291            189            1              
2      549       667       31124     31243     31273     565            52             131            1              
1      549       723       31124     31213     31243     565            52             290            2              
1      992       643       30927     31062     31092     569            290            131            1              
1      905       815       30866     31093     31123     570            290            290            1              
1      417       632       31064     31176     31206     571            100            189            1              
3      903       656       30982     31248     31278     572            290            290            3              
2      534       742       31059     31207     31237     573            199            290            3              
1      232       209       31138     31320     31350     574            266            266            1              
1      724       851       30889     31051     31081     575            290            291            1              
2      875       1148      31151     31294     31324     575            291            291            2              
1      644       544       31052     31275     31305     576            131            52             2              
1      780       31        30919     31037     31067     576            291            9              3              
1      1218      1087      31064     31170     31200     577            84             291            1              
3      508       834       31060     31278     31308     578            199            290            1              
1      668       1281      30755     30873     30903     579            280            192            1              
2      938       1217      30930     31273     31303     579            291            84             2              
1      296       737       30795     31000     31030     580            277            189            1              
1      874       476       30854     31011     31041     582            291            52             1              
2      884       674       31068     31196     31226     584            290            189            1              
4      526       940       31111     31224     31254     585            52             291            1              
1      862       1170      31085     31263     31293     586            290            291            3              
1      32        160       31062     31208     31238     587            98             54             1              
1      1097      925       31000     31294     31324     588            84             290            2              
1      1097      234       31082     31324     31354     588            84             87             4              
1      745       463       30785     30938     30968     589            290            168            1              
1      452       598       30934     31057     31087     590            52             189            1              
1      875       728       30907     31117     31147     591            291            290            1              
1      842       672       30782     31031     31061     593            290            189            1              
1      925       34        30643     30796     30826     594            290            98             1              
1      836       717       30798     30966     30996     596            290            189            1              
2      1189      962       30868     31008     31038     597            192            291            1              
2      1069      549       31098     31265     31295     597            291            52             2              
1      791       728       30902     31117     31147     598            290            290            1              
1      792       559       31108     31176     31206     598            290            189            2              
1      691       777       30926     31052     31082     600            131            131            1              
1      716       968       31136     31239     31269     600            189            290            2              
3      62        209       31060     31217     31247     602            98             266            1              
1      992       373       30696     30889     30919     604            290            119            1              
1      498       578       30954     31014     31044     605            52             189            1              
1      710       527       31058     31213     31243     606            131            52             1              
1      663       410       31038     31142     31172     606            131            52             2              
1      992       395       30738     30882     30912     607            290            100            1              
1      906       415       30785     30980     31010     607            290            100            2              
1      885       457       30979     31080     31110     607            290            52             3              
1      287       200       31014     31130     31160     611            299            87             1              
2      369       556       31086     31198     31228     612            52             199            1              
2      332       97        31034     31171     31201     613            87             9              1              
1      364       217       31131     31187     31217     614            299            87             1              
1      1180      694       30988     31162     31192     616            84             189            1              
1      464       557       31061     31162     31192     618            168            189            1              
1      326       463       30906     31044     31074     619            299            168            1              
1      396       549       30941     31077     31107     620            119            52             1              
1      527       20        30847     30922     30952     625            52             98             1              
1      767       439       30864     30989     31019     629            290            189            1              
2      294       458       31145     31267     31297     633            87             52             1              
1      258       552       30979     31171     31201     633            87             189            2              
1      834       908       30928     31089     31119     635            290            290            1              
3      923       851       31139     31260     31290     635            290            291            2              
2      864       679       31003     31217     31247     636            290            290            1              
2      794       413       31002     31154     31184     636            290            52             2              
1      875       488       30705     30930     30960     637            291            199            1              
3      691       677       31132     31257     31287     637            131            189            2              
1      795       328       30935     31123     31153     638            290            299            1              
1      747       836       30883     31083     31113     640            290            290            1              
1      526       622       31037     31124     31154     641            52             280            1              
2      502       600       31068     31182     31212     641            52             280            2              
1      431       304       31035     31186     31216     643            52             299            1              
1      390       9         31158     31316     31346     643            52             98             2              
1      1101      874       30984     31429     31459     644            84             291            3              
2      651       840       31114     31228     31258     645            189            290            1              
1      650       939       31063     31168     31198     645            189            291            2              
1      1097      699       30699     30940     30970     646            84             290            1              
1      1097      386       30789     30970     31000     646            84             299            2              
1      443       373       30854     30991     31021     647            168            119            1              
1      418       504       30968     31118     31148     647            168            52             2              
2      397       455       31091     31206     31236     647            168            52             3              
1      959       293       30625     30856     30886     648            291            87             1              
1      857       677       30846     30982     31012     649            290            189            2              
2      860       694       30988     31096     31126     649            290            189            3              
1      767       628       30980     31238     31268     650            290            189            3              
3      1036      550       30684     30884     30914     652            84             189            1              
1      598       580       31034     31166     31196     653            189            189            1              
1      598       416       31078     31196     31226     653            189            100            2              
1      992       1218      30861     31123     31153     654            290            84             1              
1      717       990       30868     30908     30938     655            189            290            1              
1      702       1530      30873     31055     31085     655            290            296            2              
1      712       769       31008     31139     31169     656            131            290            1              
3      356       573       30899     31016     31046     657            119            189            1              
1      441       623       30925     30970     31000     658            168            280            1              
1      506       558       31087     31199     31229     658            189            189            2              
1      408       521       31098     31228     31258     660            299            52             1              
3      577       415       31151     31280     31310     661            189            100            1              
1      575       439       31077     31188     31218     661            189            189            2              
1      652       527       31124     31180     31210     662            189            52             1              
1      768       529       30926     31065     31095     663            290            189            1              
1      767       551       31057     31143     31173     663            290            189            2              
2      292       19        30798     30932     30962     664            87             98             1              
1      827       984       31131     31254     31284     665            291            291            2              
3      814       969       31009     31157     31187     666            290            290            1              
1      745       1227      31117     31230     31260     666            290            192            2              
1      875       1010      30870     31068     31098     667            291            290            1              
1      743       970       30776     30938     30968     668            290            290            1              
1      905       1066      31072     31255     31285     668            290            291            2              
1      768       1065      30909     31045     31075     668            290            291            3              
1      905       777       31063     31225     31255     668            290            131            4              
1      768       1015      31079     31196     31226     669            290            84             1              
3      768       926       31093     31226     31256     669            290            290            2              
1      650       795       30843     30959     30989     670            189            290            1              
1      723       925       30921     31073     31103     670            290            290            2              
1      838       1218      30809     31206     31236     670            290            84             3              
2      62        209       31060     31184     31214     671            98             266            1              
1      62        328       31155     31214     31244     671            98             299            2              
1      925       873       30931     31084     31114     672            290            291            1              
1      418       1023      30889     30965     30995     673            168            291            1              
1      326       159       31069     31260     31290     675            299            54             1              
1      909       645       30768     30872     30902     676            290            280            1              
1      722       621       31087     31231     31261     678            290            280            2              
1      722       485       31022     31201     31231     678            290            189            3              
2      416       10        30940     31053     31083     680            100            98             1              
1      894       674       30960     31094     31124     681            291            189            1              
2      794       358       30789     30884     30914     682            290            168            1              
1      1343      1249      30776     30933     30963     683            129            129            1              
1      559       504       31097     31193     31223     684            189            52             1              
3      395       558       30993     31086     31116     685            100            189            1              
1      354       556       31140     31285     31315     685            119            199            2              
1      1065      720       30839     30977     31007     686            291            290            1              
1      1355      434       30509     30578     30608     687            129            52             1              
3      484       745       31148     31244     31274     690            189            290            2              
1      452       668       30954     31066     31096     693            52             280            1              
1      499       696       31081     31183     31213     693            52             189            2              
1      154       378       31145     31272     31302     694            286            168            1              
2      782       351       30903     31116     31146     695            291            52             1              
1      557       464       31064     31138     31168     699            189            168            2              
3      947       927       30818     31087     31117     701            290            290            1              
1      991       352       30704     30828     30858     702            290            119            1              
3      722       504       30800     30977     31007     703            290            52             1              
1      549       649       31119     31222     31252     704            52             189            1              
3      549       334       31053     31192     31222     704            52             119            2              
1      894       372       30830     30887     30917     705            291            119            1              
2      526       582       31092     31143     31173     706            52             189            1              
1      526       129       31040     31113     31143     706            52             178            2              
1      350       554       30678     30956     30986     707            127            189            1              
2      332       526       30904     31053     31083     707            87             52             2              
1      852       747       30604     30957     30987     708            291            290            1              
1      851       837       30840     30994     31024     708            291            290            2              
2      527       779       30949     31002     31032     709            52             131            1              
3      549       334       31053     31249     31279     711            52             119            1              
1      668       116       30938     31031     31061     712            280            9              1              
2      559       277       31104     31168     31198     714            189            87             1              
1      179       421       31052     31255     31285     716            178            168            1              
1      925       272       30810     30937     30967     718            290            127            1              
1      1190      742       30889     31115     31145     719            192            290            1              
1      1003      1206      30939     31235     31265     720            291            192            1              
3      938       1217      30930     31145     31175     720            291            84             2              
3      268       119       31168     31266     31296     721            299            286            1              
2      924       157       31049     31233     31263     723            290            54             5              
1      598       1068      31013     31159     31189     725            189            291            1              
2      679       623       31131     31251     31281     726            290            280            3              
1      1271      663       30924     31069     31099     728            129            131            1              
3      991       723       31036     31318     31348     729            290            290            3              
1      1087      527       30815     31089     31119     732            291            52             1              
1      1187      737       30915     31072     31102     733            291            189            1              
1      1149      850       31121     31275     31305     733            291            291            2              
2      10        389       30777     30909     30939     734            98             299            1              
2      903       656       30982     31021     31051     735            290            290            1              
1      904       628       30989     31092     31122     735            290            189            2              
1      838       699       31003     31228     31258     735            290            290            3              
1      476       498       31154     31338     31368     736            52             52             1              
1      693       1263      30710     30774     30804     737            280            192            1              
1      673       528       30960     31116     31146     738            189            52             2              
1      605       616       30899     30970     31000     740            189            131            1              
2      527       777       31161     31206     31236     740            52             131            2              
1      568       415       31064     31241     31271     741            52             100            1              
3      527       371       31079     31128     31158     742            52             52             1              
1      479       391       31091     31236     31266     744            52             52             1              
1      1097      350       31081     31349     31379     745            84             127            3              
1      913       698       30895     30945     30975     747            291            189            1              
2      781       916       30925     31071     31101     748            291            291            1              
1      780       1208      31120     31252     31282     748            291            192            2              
1      1086      851       30893     30986     31016     750            291            291            1              
1      961       694       30981     31138     31168     750            291            189            2              
1      817       654       30973     31123     31153     751            290            189            2              
2      817       649       30939     31093     31123     751            290            189            3              
2      556       526       31004     31081     31111     752            199            52             1              
1      390       599       31132     31290     31320     753            52             280            1              
1      1086      758       30740     30983     31013     754            291            131            2              
1      1065      662       30667     31028     31058     754            291            131            3              
1      395       213       31109     31232     31262     755            100            266            1              
1      816       397       30962     31112     31142     756            290            168            1              
1      816       332       30904     31142     31172     756            290            87             2              
1      858       310       30960     31027     31057     756            290            127            3              
1      837       265       31055     31202     31232     756            290            299            4              
1      840       669       31167     31265     31295     758            290            280            1              
1      862       527       30894     31167     31197     758            290            52             2              
2      862       527       31014     31197     31227     758            290            52             3              
1      1300      804       30995     31102     31132     759            192            291            1              
1      1300      861       31163     31274     31304     759            192            290            2              
1      1068      927       30690     30910     30940     762            291            290            1              
1      1087      794       30817     30985     31015     762            291            290            2              
1      1003      865       30894     31069     31099     762            291            290            3              
2      366       578       31168     31300     31330     763            299            189            1              
1      303       719       31025     31172     31202     763            299            189            2              
1      313       781       30945     31074     31104     764            87             291            1              
1      1044      1128      30937     31116     31146     766            291            291            1              
1      1044      923       30933     31146     31176     766            291            290            2              
2      1021      905       31045     31216     31246     766            291            290            3              
1      644       272       30679     30725     30755     767            131            127            1              
1      1023      349       30542     30752     30782     769            291            127            2              
1      771       598       30723     30911     30941     770            290            189            1              
1      1177      710       30705     30836     30866     771            84             131            1              
1      304       371       31034     31187     31217     775            299            52             1              
3      366       738       31150     31298     31328     775            299            189            2              
3      915       372       30835     30930     30960     776            291            119            1              
1      874       252       30692     30783     30813     777            291            206            1              
1      291       527       31056     31110     31140     778            87             52             1              
2      992       506       30893     31065     31095     779            290            189            1              
1      992       252       31009     31095     31125     779            290            206            2              
2      850       628       30873     31072     31102     780            291            189            1              
1      620       19        31119     31329     31359     783            131            98             1              
2      731       621       31046     31089     31119     785            131            280            1              
1      710       158       31033     31149     31179     785            131            174            2              
1      395       534       30766     30931     30961     786            100            199            1              
1      794       527       30848     30923     30953     787            290            52             1              
1      675       526       31083     31180     31210     787            189            52             2              
1      486       905       31036     31151     31181     788            199            290            1              
2      463       884       30793     30897     30927     789            168            290            2              
1      721       811       31056     31212     31242     789            290            290            3              
1      461       968       30799     30925     30955     790            189            290            1              
3      748       43        31130     31310     31340     790            290            9              2              
1      992       794       31106     31307     31337     791            290            290            1              
1      992       699       31104     31277     31307     791            290            290            2              
2      1140      712       30985     31123     31153     791            84             131            3              
1      236       557       31009     31122     31152     792            87             189            1              
1      958       849       30899     31129     31159     794            291            291            1              
2      628       97        30744     30828     30858     795            189            9              1              
1      297       214       30876     31046     31076     796            277            207            1              
1      348       415       31154     31303     31333     797            299            100            1              
3      348       526       31160     31333     31363     797            299            52             2              
1      927       782       30510     30909     30939     799            290            291            1              
1      859       782       31074     31169     31199     799            290            291            2              
1      836       599       31022     31211     31241     799            290            280            3              
