COLUMNS

passenger_count
pickup_ID
dropoff_ID
request_time_sec
pickup_district
dropoff_district

REQUESTS_INFO
1      526       434       29880     52        52        
1      663       760       29880     131       291       
1      771       743       29880     290       290       
3      46        271       29881     98        127       
1      597       311       29881     131       87        
1      365       393       29882     299       52        
2      748       580       29883     290       189       
1      973       170       29883     84        286       
3      506       606       29883     189       189       
3      1068      599       29883     291       280       
3      1068      599       29883     291       280       
3      506       606       29883     189       189       
2      1045      873       29884     291       291       
3      453       663       29884     52        131       
1      152       36        29884     9         98        
1      458       777       29884     52        131       
3      453       663       29884     52        131       
1      607       621       29885     189       280       
3      839       695       29886     290       189       
1      744       510       29886     290       199       
3      250       511       29886     127       199       
2      250       511       29886     127       199       
1      292       534       29886     87        199       
1      771       575       29886     290       189       
1      527       621       29886     52        280       
1      549       644       29886     52        131       
1      914       1001      29887     291       291       
1      715       510       29887     131       199       
1      936       860       29887     291       290       
1      723       859       29887     290       290       
3      465       557       29888     199       189       
2      465       557       29888     199       189       
1      550       593       29888     189       52        
1      198       673       29889     178       189       
1      1066      351       29890     291       52        
2      772       479       29891     290       52        
1      1370      913       29891     129       291       
1      863       760       29891     290       291       
3      464       698       29892     168       189       
3      464       698       29892     168       189       
1      699       527       29892     290       52        
1      850       1032      29892     291       84        
1      482       452       29892     189       52        
1      551       625       29893     189       189       
1      814       724       29893     290       290       
1      390       250       29893     52        127       
1      598       578       29894     189       189       
1      483       458       29896     189       52        
1      608       409       29896     189       52        
1      236       356       29896     87        119       
1      747       692       29896     290       280       
1      155       484       29898     286       189       
1      571       288       29898     52        127       
1      527       522       29898     52        52        
1      604       104       29899     189       287       
1      745       728       29899     290       290       
1      256       348       29899     87        299       
2      840       1087      29900     290       291       
1      158       527       29900     174       52        
1      219       376       29900     87        168       
1      769       421       29900     290       168       
1      647       765       29900     280       290       
1      333       527       29900     119       52        
1      631       252       29900     189       206       
3      557       605       29900     189       189       
3      557       605       29900     189       189       
1      546       328       29901     52        299       
1      179       545       29901     178       52        
1      549       788       29901     52        290       
1      772       699       29903     290       290       
1      971       489       29903     290       199       
1      863       1015      29903     290       84        
1      992       815       29903     290       290       
1      860       909       29903     290       290       
1      722       533       29904     290       199       
1      927       582       29904     290       189       
3      307       392       29904     127       52        
2      307       392       29904     127       52        
1      1088      1208      29904     291       192       
2      768       233       29905     290       206       
1      655       771       29905     189       290       
1      693       693       29905     280       280       
1      82        288       29905     98        127       
1      814       906       29907     290       290       
3      747       789       29908     290       290       
2      747       789       29908     290       290       
1      527       396       29908     52        119       
1      350       497       29908     127       999       
1      439       621       29908     189       280       
1      530       116       29909     189       9         
1      631       557       29910     189       189       
1      390       721       29910     52        290       
