COLUMNS

passenger_count
pickup_ID
dropoff_ID
request_time_sec
pickup_district
dropoff_district

REQUESTS_INFO
1      325       673       32160     299       189       
2      116       227       32160     9         266       
1      415       211       32160     100       266       
1      365       414       32160     299       100       
1      549       99        32161     52        286       
2      155       229       32161     286       266       
1      46        45        32162     98        98        
1      474       117       32162     52        286       
1      817       652       32162     290       189       
1      993       592       32162     84        52        
1      546       530       32162     52        189       
1      760       602       32162     291       189       
1      137       702       32162     286       290       
1      488       698       32162     199       189       
1      717       531       32163     189       189       
1      697       772       32163     189       290       
2      526       412       32163     52        52        
3      512       310       32163     199       127       
2      512       310       32163     199       127       
1      824       646       32163     291       280       
1      676       721       32163     189       290       
1      863       749       32163     290       290       
1      679       749       32164     290       290       
1      155       116       32164     286       9         
1      840       557       32165     290       189       
1      969       1217      32165     290       84        
1      345       387       32165     299       299       
1      958       651       32165     291       189       
1      646       209       32165     280       266       
1      484       596       32165     189       131       
1      791       835       32166     290       290       
2      1087      526       32166     291       52        
3      646       552       32166     280       189       
1      1107      1208      32166     291       192       
1      672       555       32166     189       199       
1      665       1088      32166     131       291       
2      781       505       32166     291       52        
2      484       421       32166     189       168       
3      781       505       32166     291       52        
1      436       172       32166     100       286       
3      662       744       32166     131       290       
3      662       744       32166     131       290       
1      458       511       32167     52        199       
1      711       594       32167     131       131       
1      352       580       32167     119       189       
1      527       544       32167     52        52        
1      700       727       32167     290       290       
1      1263      1107      32168     192       291       
1      1206      696       32168     192       189       
1      60        189       32168     9         286       
1      386       531       32168     299       189       
1      915       716       32168     291       189       
1      894       717       32168     291       189       
2      648       527       32168     189       52        
1      583       698       32169     189       189       
1      554       671       32169     189       280       
1      598       947       32169     189       290       
3      484       435       32169     189       52        
1      737       779       32169     189       131       
1      791       905       32170     290       290       
2      526       601       32170     52        189       
1      802       850       32170     291       291       
1      200       369       32170     87        52        
1      21        78        32171     98        9         
1      35        232       32171     98        266       
2      927       1088      32171     290       291       
1      835       672       32171     290       189       
1      749       698       32171     290       189       
1      1371      163       32172     129       178       
1      527       35        32172     52        98        
1      936       897       32172     291       291       
1      1131      1045      32172     291       291       
1      772       655       32172     290       189       
1      694       484       32172     189       189       
3      238       336       32172     87        277       
1      479       508       32172     52        199       
1      377       460       32172     168       189       
1      275       393       32173     87        52        
1      43        415       32173     9         100       
1      947       1025      32173     290       291       
1      865       968       32174     290       290       
1      770       836       32174     290       290       
1      533       333       32174     199       119       
1      456       544       32175     52        52        
2      608       20        32175     189       98        
1      460       576       32175     189       189       
1      576       671       32175     189       280       
2      924       459       32175     290       189       
1      664       709       32175     131       131       
1      791       599       32176     290       280       
1      557       277       32176     189       87        
1      510       581       32176     199       189       
1      197       155       32176     178       286       
1      397       552       32176     168       189       
1      653       533       32177     189       199       
1      521       574       32177     52        189       
1      813       1010      32177     290       290       
1      287       116       32177     299       9         
1      416       435       32178     100       52        
1      151       394       32178     9         100       
1      314       435       32179     119       52        
1      460       310       32179     189       127       
2      534       599       32179     199       280       
1      526       96        32180     52        9         
1      768       884       32180     290       290       
1      958       768       32180     291       290       
1      291       504       32180     87        52        
1      172       651       32180     286       189       
1      1106      670       32181     291       280       
4      1128      744       32181     291       290       
1      512       48        32181     199       98        
1      914       417       32181     291       100       
1      134       32        32181     9         98        
1      913       737       32181     291       189       
1      735       651       32181     131       189       
1      897       719       32182     291       189       
2      304       554       32182     299       189       
1      749       915       32182     290       291       
1      304       555       32183     299       199       
1      189       134       32183     286       9         
2      690       709       32183     131       131       
1      463       10        32183     168       98        
1      499       349       32183     52        127       
1      881       649       32183     290       189       
1      152       34        32183     9         98        
1      549       655       32183     52        189       
1      506       647       32184     189       280       
2      691       719       32184     131       189       
1      905       651       32184     290       189       
1      811       632       32184     290       189       
2      554       393       32185     189       52        
1      191       291       32185     266       87        
1      923       673       32185     290       189       
1      693       616       32185     280       131       
2      553       461       32185     189       189       
1      645       1068      32185     280       291       
2      248       439       32185     266       189       
1      766       968       32185     290       290       
1      662       698       32185     131       189       
1      666       802       32185     131       291       
1      549       573       32185     52        189       
3      553       461       32185     189       189       
1      115       526       32186     9         52        
2      415       552       32186     100       189       
2      1011      792       32186     84        290       
1      1121      1200      32186     84        84        
1      443       578       32186     168       189       
1      511       228       32187     199       266       
1      605       674       32187     189       189       
1      1057      1246      32187     84        192       
1      527       399       32187     52        168       
1      817       669       32187     290       280       
1      364       828       32187     299       291       
1      1212      937       32188     129       291       
2      949       770       32188     290       290       
1      509       544       32188     199       52        
1      936       473       32188     291       52        
1      466       629       32188     199       189       
1      970       792       32188     290       290       
1      936       721       32189     291       290       
1      718       580       32189     189       189       
2      813       355       32189     290       119       
1      621       116       32189     280       9         
1      353       507       32190     119       189       
1      476       549       32190     52        52        
2      556       780       32190     199       291       
2      504       194       32190     52        207       
3      504       194       32190     52        207       
2      982       648       32190     291       189       
1      275       231       32190     87        266       
