COLUMNS

passenger_count
pickup_ID
dropoff_ID
request_time_sec
pickup_district
dropoff_district

REQUESTS_INFO
1      654       118       30840     189       286       
1      994       35        30840     84        98        
1      894       857       30840     291       290       
1      894       1148      30840     291       291       
1      310       369       30841     127       52        
1      871       626       30841     291       189       
2      336       228       30841     277       266       
3      850       674       30841     291       189       
1      275       171       30841     87        286       
1      654       605       30841     189       189       
1      1068      1107      30841     291       291       
1      805       502       30842     291       52        
2      719       779       30842     189       131       
1      766       602       30842     290       189       
1      231       348       30843     266       299       
1      415       331       30843     100       127       
1      743       651       30843     290       189       
1      865       737       30843     290       189       
1      31        460       30843     9         189       
1      153       32        30843     286       98        
1      946       1053      30843     290       84        
1      386       483       30844     299       189       
1      863       1069      30844     290       291       
1      352       399       30844     119       168       
1      760       697       30844     291       189       
1      556       771       30844     199       290       
1      840       603       30844     290       189       
1      498       605       30845     52        189       
1      287       671       30845     299       280       
1      535       647       30846     189       280       
1      908       680       30846     290       290       
1      557       397       30846     189       168       
1      356       436       30846     119       100       
1      1119      1037      30846     84        84        
3      744       892       30846     290       291       
3      652       174       30846     189       266       
2      652       174       30846     189       266       
3      744       892       30846     290       291       
1      850       723       30847     291       290       
1      801       626       30847     291       189       
3      233       46        30847     206       98        
1      630       378       30847     189       168       
1      526       544       30848     52        52        
1      66        46        30848     98        98        
2      723       814       30848     290       290       
1      598       486       30848     189       199       
1      959       984       30848     291       291       
1      627       695       30848     189       189       
1      326       233       30848     299       206       
2      440       396       30848     168       119       
3      440       396       30848     168       119       
1      715       555       30849     131       199       
1      827       701       30849     291       290       
1      766       852       30849     290       291       
1      748       909       30849     290       290       
1      734       781       30850     131       291       
1      455       171       30850     52        286       
3      374       116       30850     119       9         
2      374       116       30850     119       9         
1      395       788       30851     100       290       
4      463       581       30851     168       189       
1      789       903       30851     290       290       
3      213       504       30851     266       52        
2      527       555       30851     52        199       
3      527       555       30851     52        199       
3      213       504       30851     266       52        
3      573       392       30852     189       52        
1      332       651       30852     87        189       
4      421       600       30852     168       280       
1      873       972       30852     291       290       
1      580       436       30853     189       100       
1      269       134       30853     127       9         
3      370       410       30853     52        52        
1      213       527       30853     266       52        
4      795       422       30853     290       168       
2      476       603       30853     52        189       
2      1142      571       30854     84        52        
1      871       597       30854     291       131       
1      1171      1046      30854     192       291       
1      439       651       30854     189       189       
1      60        444       30854     9         168       
3      1142      571       30854     84        52        
3      745       743       30855     290       290       
1      549       116       30855     52        9         
1      695       556       30855     189       199       
1      330       499       30855     127       52        
1      436       828       30855     100       291       
1      572       651       30855     131       189       
1      440       695       30855     168       189       
1      646       649       30855     280       189       
3      744       650       30856     290       189       
4      618       1244      30856     131       192       
1      840       722       30856     290       290       
1      458       350       30857     52        127       
2      452       485       30857     52        189       
1      163       727       30857     178       290       
1      579       697       30857     189       189       
1      605       48        30857     189       98        
1      793       648       30857     290       189       
1      677       602       30857     189       189       
1      794       582       30857     290       189       
1      287       211       30857     299       266       
2      374       581       30858     119       189       
3      374       581       30858     119       189       
1      398       619       30858     168       131       
1      939       669       30858     291       280       
1      699       607       30859     290       189       
2      861       527       30859     290       52        
1      720       626       30859     290       189       
1      529       430       30859     189       52        
1      135       662       30859     286       131       
1      605       621       30859     189       280       
1      664       134       30859     131       9         
1      556       461       30860     199       189       
2      1188      963       30860     192       50        
1      772       557       30860     290       189       
1      629       629       30860     189       189       
2      420       555       30860     168       199       
1      345       413       30860     299       52        
1      1022      626       30861     291       189       
1      364       332       30861     299       87        
1      664       208       30861     131       286       
1      115       624       30861     9         189       
2      1046      693       30862     291       280       
1      717       393       30862     189       52        
1      692       415       30862     280       100       
1      835       696       30862     290       189       
3      397       47        30862     168       98        
3      397       47        30862     168       98        
3      1046      693       30862     291       280       
1      718       602       30863     189       189       
1      949       1180      30863     290       84        
2      506       420       30864     189       168       
3      506       420       30864     189       168       
1      371       462       30864     52        189       
1      440       393       30864     168       52        
1      870       287       30864     291       299       
3      488       673       30864     199       189       
3      946       991       30865     290       290       
2      796       693       30865     290       280       
3      796       693       30865     290       280       
3      487       399       30865     199       168       
1      508       480       30865     199       52        
1      375       122       30865     119       54        
3      946       991       30865     290       290       
1      604       767       30865     189       290       
1      744       699       30865     290       290       
1      691       902       30866     131       50        
1      115       19        30866     9         98        
1      291       100       30866     87        57        
1      1206      1065      30866     192       291       
3      837       605       30866     290       189       
4      377       606       30866     168       189       
2      837       605       30866     290       189       
3      992       1046      30867     290       291       
1      618       738       30867     131       189       
1      865       945       30867     290       50        
1      815       630       30867     290       189       
1      914       576       30867     291       189       
1      334       583       30867     119       189       
2      992       1046      30867     290       291       
1      674       579       30868     189       189       
1      1027      760       30868     50        291       
1      415       192       30868     100       266       
1      504       79        30868     52        98        
1      601       554       30869     189       189       
1      924       1107      30869     290       291       
1      604       673       30869     189       189       
1      760       434       30869     291       52        
3      835       970       30869     290       290       
3      835       970       30869     290       290       
2      697       20        30869     189       98        
1      465       436       30870     199       100       
