COLUMNS

passenger_count
pickup_ID
dropoff_ID
request_time_sec
pickup_district
dropoff_district

REQUESTS_INFO
1      609       793       31680     189       290       
1      1090      1089      31680     291       291       
1      213       117       31680     266       286       
2      1154      415       31680     129       100       
1      533       396       31681     199       119       
1      369       916       31681     52        291       
2      950       840       31681     290       290       
3      950       840       31681     290       290       
1      274       375       31681     87        119       
3      760       651       31682     291       189       
3      760       651       31682     291       189       
1      559       535       31682     189       189       
1      675       599       31682     189       280       
1      601       231       31682     189       266       
1      287       439       31682     299       189       
1      604       679       31683     189       290       
3      459       421       31683     189       168       
1      307       604       31684     127       189       
1      608       605       31684     189       189       
2      236       417       31684     87        100       
2      605       333       31684     189       119       
1      817       767       31684     290       290       
1      511       209       31684     199       266       
1      645       527       31685     280       52        
2      837       748       31685     290       290       
1      906       1066      31685     290       291       
1      118       649       31686     286       189       
1      219       10        31686     87        98        
1      875       527       31686     291       52        
1      630       35        31686     189       98        
1      579       767       31687     189       290       
1      553       581       31687     189       189       
1      436       511       31687     100       199       
1      842       483       31687     290       189       
2      858       968       31687     290       290       
3      858       968       31687     290       290       
1      527       473       31688     52        52        
1      488       608       31688     199       189       
3      133       570       31688     9         52        
1      715       417       31688     131       100       
3      554       173       31689     189       286       
2      554       173       31689     189       286       
1      48        727       31689     98        290       
1      249       556       31689     266       199       
1      696       554       31689     189       189       
2      804       720       31689     291       290       
1      696       675       31689     189       189       
1      736       599       31689     131       280       
1      970       990       31689     290       290       
1      644       850       31689     131       291       
1      351       365       31689     52        299       
1      229       310       31690     266       127       
1      248       325       31690     266       299       
1      758       596       31690     131       131       
1      884       671       31690     290       280       
1      389       312       31690     299       87        
2      461       717       31690     189       189       
1      1087      1225      31690     291       192       
1      481       783       31690     189       50        
3      674       749       31690     189       290       
2      674       749       31690     189       290       
1      410       1251      31691     52        129       
1      255       164       31691     87        178       
1      767       727       31692     290       290       
1      744       738       31692     290       189       
2      527       624       31692     52        189       
3      984       817       31692     291       290       
1      325       232       31692     299       266       
1      328       624       31693     299       189       
3      328       121       31693     299       57        
2      328       121       31693     299       57        
1      556       47        31693     199       98        
1      389       545       31693     299       52        
1      1005      1053      31693     50        84        
1      545       457       31693     52        52        
1      415       231       31694     100       266       
1      527       670       31694     52        280       
1      790       580       31695     290       189       
1      304       558       31695     299       189       
1      457       545       31695     52        52        
1      924       991       31696     290       290       
2      724       673       31696     290       189       
3      724       673       31696     290       189       
2      598       746       31696     189       290       
1      1128      413       31697     291       52        
1      573       779       31697     189       131       
1      580       584       31697     189       189       
1      436       621       31697     100       280       
1      527       376       31698     52        168       
1      464       674       31698     168       189       
3      531       386       31698     189       299       
1      717       551       31698     189       189       
1      925       991       31698     290       290       
1      35        557       31698     98        189       
1      574       508       31699     189       199       
1      527       484       31699     52        189       
1      629       512       31699     189       199       
3      209       161       31699     266       178       
1      1086      760       31699     291       291       
1      195       157       31700     207       54        
1      485       671       31701     189       280       
1      607       485       31701     189       189       
1      512       884       31701     199       290       
2      365       461       31701     299       189       
1      1149      1208      31701     291       192       
1      675       624       31701     189       189       
1      669       711       31701     280       131       
1      761       675       31701     50        189       
1      527       554       31702     52        189       
1      410       458       31702     52        52        
1      859       990       31702     290       290       
1      394       618       31702     100       131       
1      923       1002      31702     290       291       
1      1065      810       31702     291       290       
3      1110      782       31703     291       291       
1      549       549       31703     52        52        
1      534       676       31703     199       189       
1      230       526       31703     266       52        
1      488       788       31703     199       290       
1      745       990       31703     290       290       
2      1110      782       31703     291       291       
1      1132      940       31703     291       291       
2      457       291       31704     52        87        
1      78        410       31704     9         52        
2      950       772       31704     290       290       
1      601       596       31704     189       131       
1      396       628       31704     119       189       
2      527       416       31704     52        100       
3      557       575       31704     189       189       
2      557       575       31704     189       189       
2      698       648       31704     189       189       
3      19        603       31704     98        189       
3      698       648       31704     189       189       
3      19        603       31704     98        189       
3      698       1543      31704     189       296       
1      925       746       31704     290       290       
3      698       1543      31704     189       296       
1      232       230       31705     266       266       
1      410       395       31705     52        100       
1      716       716       31705     189       189       
1      654       1530      31705     189       296       
1      835       1000      31705     290       291       
2      803       1024      31705     291       291       
1      597       834       31705     131       290       
1      1005      719       31705     50        189       
1      913       780       31705     291       291       
3      925       652       31706     290       189       
1      850       742       31706     291       290       
3      925       652       31706     290       189       
1      151       498       31706     9         52        
1      304       694       31706     299       189       
1      936       743       31706     291       290       
3      170       451       31706     286       999       
1      509       354       31707     199       119       
1      417       393       31707     100       52        
2      527       438       31707     52        100       
2      438       604       31707     100       189       
3      675       851       31708     189       291       
3      292       414       31708     87        100       
3      292       414       31708     87        100       
2      675       851       31708     189       291       
1      1046      874       31708     291       291       
1      1091      674       31708     291       189       
1      744       748       31708     290       290       
1      1115      624       31708     84        189       
1      1208      902       31708     192       50        
1      78        351       31708     9         52        
1      651       646       31709     189       280       
2      835       650       31709     290       189       
3      835       650       31709     290       189       
1      749       583       31709     290       189       
1      1005      947       31709     50        290       
1      328       575       31709     299       189       
1      35        120       31709     98        57        
2      376       602       31709     168       189       
1      695       962       31709     189       291       
1      438       374       31710     100       119       
1      557       439       31710     189       189       
1      81        19        31710     98        98        
1      485       650       31710     189       189       
1      399       769       31710     168       290       
