COLUMNS

passenger_count
pickup_ID
dropoff_ID
request_time_sec
pickup_district
dropoff_district

REQUESTS_INFO
2      386       498       49140     299       52        
1      437       273       49140     100       206       
1      696       507       49141     189       189       
3      272       758       49141     127       131       
1      419       665       49141     168       131       
3      272       758       49141     127       131       
3      700       852       49141     290       291       
1      508       131       49142     199       178       
2      556       760       49142     199       291       
3      652       699       49142     189       290       
1      984       765       49142     291       290       
1      906       993       49142     290       84        
2      737       847       49142     189       291       
3      737       847       49142     189       291       
2      863       924       49143     290       290       
1      760       673       49143     291       189       
1      438       483       49143     100       189       
1      668       552       49144     280       189       
1      835       96        49144     290       9         
1      721       858       49144     290       290       
2      716       687       49145     189       131       
1      332       364       49145     87        299       
1      581       696       49145     189       189       
1      210       370       49146     266       52        
1      531       584       49146     189       189       
1      527       749       49146     52        290       
1      980       672       49146     291       189       
1      466       629       49146     199       189       
2      171       22        49146     286       98        
1      743       748       49147     290       290       
2      125       228       49147     54        266       
1      631       554       49147     189       189       
1      852       782       49147     291       291       
1      626       629       49147     189       189       
1      670       667       49147     280       131       
1      574       602       49147     189       189       
1      35        984       49148     98        291       
4      914       711       49148     291       131       
1      436       573       49148     100       189       
1      1066      717       49148     291       189       
1      908       992       49148     290       290       
1      462       818       49150     189       290       
1      748       488       49150     290       199       
1      313       392       49150     87        52        
1      713       1002      49150     131       291       
3      692       275       49150     280       87        
3      692       275       49150     280       87        
1      835       627       49151     290       189       
1      532       308       49151     199       127       
1      651       904       49151     189       290       
3      696       534       49151     189       199       
2      308       481       49152     127       189       
1      534       116       49152     199       9         
1      720       626       49152     290       189       
1      454       351       49152     52        52        
1      549       790       49152     52        290       
1      554       525       49153     189       52        
1      757       780       49153     131       291       
1      694       507       49153     189       189       
1      441       485       49153     168       189       
1      749       839       49153     290       290       
3      464       374       49155     168       119       
2      676       747       49155     189       290       
1      526       534       49155     52        199       
1      574       364       49155     189       299       
1      863       703       49156     290       290       
1      864       744       49156     290       290       
1      993       924       49156     84        290       
3      888       864       49157     290       290       
3      888       864       49157     290       290       
1      627       738       49157     189       189       
1      649       527       49157     189       52        
4      576       984       49158     189       291       
1      578       393       49158     189       52        
1      531       768       49158     189       290       
1      676       771       49158     189       290       
1      523       716       49158     52        189       
2      197       328       49158     178       299       
1      208       502       49158     286       52        
1      213       734       49158     266       131       
1      694       695       49158     189       189       
3      1047      768       49158     291       290       
3      1047      768       49158     291       290       
1      134       390       49159     9         52        
1      461       552       49159     189       189       
1      461       372       49160     189       119       
1      629       727       49160     189       290       
1      560       550       49160     189       189       
2      747       117       49161     290       286       
2      905       792       49161     290       290       
3      747       117       49161     290       286       
1      875       692       49162     291       280       
2      959       693       49163     291       280       
1      534       676       49163     199       189       
1      722       511       49163     290       199       
1      213       698       49163     266       189       
1      397       461       49163     168       189       
1      924       398       49164     290       168       
1      510       477       49164     199       52        
1      534       651       49165     199       189       
1      723       817       49165     290       290       
1      769       805       49165     290       291       
1      528       537       49165     52        189       
4      34        121       49166     98        57        
1      701       721       49167     290       290       
1      531       597       49167     189       131       
3      1121      1175      49167     84        129       
2      1121      1175      49167     84        129       
3      835       923       49167     290       290       
2      835       923       49167     290       290       
1      212       189       49167     266       286       
1      958       1068      49168     291       291       
1      527       195       49168     52        207       
1      802       835       49168     291       290       
1      781       712       49168     291       131       
1      535       924       49169     189       290       
1      499       369       49169     52        52        
1      534       1142      49169     199       84        
1      804       938       49169     291       291       
2      1250      1208      49169     129       192       
3      580       351       49169     189       52        
3      580       351       49169     189       52        
1      395       652       49169     100       189       
2      554       397       49170     189       168       
1      577       393       49170     189       52        
2      476       461       49170     52        189       
1      723       742       49170     290       290       
1      673       602       49170     189       189       
