COLUMNS

passenger_count
pickup_ID
dropoff_ID
ready_time_sec
pickup_district
dropoff_district
LDuals
IDuals
vehicle_ID
pick_position
drop_position

REQUESTS_INFO
2      388       413       47441     299       52        429       429       3         1         2         
3      828       802       47519     291       291       267       267       4         1         2         
1      625       350       47408     189       127       342       342       9         1         3         
1      674       603       47442     189       189       314       314       18        1         2         
1      369       369       47516     52        52        307       307       27        1         2         
2      180       925       47486     178       290       300       300       33        1         2         
2      506       621       47436     189       280       226       226       38        1         3         
1      1131      1120      47466     291       84        268       268       40        1         3         
1      861       836       47322     290       290       492       492       44        1         2         
3      893       749       47482     291       290       290       290       48        1         2         
1      508       694       47435     199       189       295       295       59        1         3         
2      718       350       47477     189       127       261       261       60        1         3         
3      439       271       47458     189       127       326       326       61        1         3         
3      475       481       47435     52        189       367       367       64        1         2         
3      488       727       47430     199       290       354       354       71        1         2         
1      462       270       47487     189       127       247       247       77        1         3         
1      596       430       47430     131       52        402       402       84        1         3         
1      904       721       47476     290       290       339       339       92        1         2         
1      653       483       47484     189       189       223       223       99        1         3         
1      805       699       47493     291       290       289       289       100       1         2         
1      578       272       47517     189       127       236       236       102       1         3         
1      693       372       47493     280       119       302       302       104       1         3         
1      594       579       47443     131       189       233       233       109       1         4         
1      439       505       47513     189       52        272       272       113       1         3         
1      713       371       47410     131       52        352       352       117       1         3         
1      431       365       47352     52        299       451       451       119       1         3         
1      972       839       47513     290       290       249       249       122       1         3         
1      894       649       47466     291       189       286       286       125       1         4         
2      881       916       47516     290       291       326       326       126       1         2         
1      179       179       47441     178       178       339       339       127       1         2         
2      860       904       47493     290       290       357       357       130       1         3         
2      307       331       47458     127       127       296       296       135       1         3         
1      413       455       47459     52        52        293       293       138       1         3         
3      718       529       47394     189       189       393       393       140       1         3         
2      992       1097      47502     290       84        161       161       142       1         4         
1      116       240       47514     9         87        200       200       146       1         3         
1      768       1200      47475     290       84        330       330       148       1         4         
1      871       981       47457     291       291       294       294       150       1         2         
2      893       749       47482     291       290       288       288       155       1         2         
1      648       971       47470     189       290       188       188       161       1         4         
1      826       1109      47479     291       291       224       224       167       1         4         
1      697       834       47460     189       290       283       283       169       1         2         
3      392       577       47437     52        189       362       362       173       1         2         
1      905       557       47498     290       189       307       307       182       1         3         
3      231       136       47361     266       286       366       366       185       1         3         
1      837       926       47487     290       290       283       283       187       1         2         
1      552       782       47486     189       291       311       311       189       1         2         
1      395       347       47275     100       299       451       451       190       1         3         
3      609       679       47436     189       290       305       305       192       1         3         
3      1023      1151      47463     291       291       272       272       196       1         2         
1      704       969       47434     290       290       351       351       197       1         3         
1      480       480       47342     52        52        458       458       203       1         2         
2      1130      1025      47472     291       291       263       263       209       1         2         
2      416       903       47439     100       290       322       322       211       1         4         
1      904       722       47488     290       290       328       328       212       1         2         
4      116       670       47320     9         280       426       426       215       1         2         
2      676       527       47456     189       52        320       320       216       1         2         
1      1087      1369      47494     291       129       232       232       217       1         3         
3      221       351       47515     87        52        243       243       219       1         2         
3      794       906       47462     290       290       338       338       225       1         3         
1      272       81        47346     127       98        359       359       232       1         3         
1      393       191       47503     52        266       244       244       235       1         3         
1      802       782       47507     291       291       243       243       244       1         2         
3      968       476       47518     290       52        284       284       246       1         3         
3      531       531       47437     189       189       347       347       248       1         2         
2      838       724       47501     290       290       313       313       253       1         2         
3      577       415       47403     189       100       373       373       254       1         3         
1      131       148       47424     178       178       359       359       255       1         2         
3      863       842       47486     290       290       368       368       264       1         2         
1      715       688       47467     131       131       331       331       267       1         2         
1      552       720       47300     189       290       497       497       268       1         2         
1      893       544       47436     291       52        335       335       269       1         3         
1      666       528       47482     131       52        295       295       271       1         2         
2      483       9         47517     189       98        243       243       273       1         3         
1      571       460       47440     52        189       309       309       274       1         2         
3      439       271       47458     189       127       326       326       277       1         3         
1      628       813       47516     189       290       222       222       291       1         3         
3      99        194       47504     286       207       160       160       299       1         2         
1      666       572       47454     131       131       335       335       300       1         2         
1      462       505       47407     189       52        352       352       318       1         2         
1      189       35        47470     286       98        277       277       322       1         3         
1      101       162       47487     57        178       204       204       323       1         2         
3      768       768       47454     290       290       351       351       325       1         3         
1      960       813       47356     291       290       349       349       327       1         3         
2      677       727       47427     189       290       308       308       328       1         4         
3      860       904       47493     290       290       357       357       337       1         2         
1      578       718       47402     189       189       328       328       338       1         2         
1      742       699       47498     290       290       302       302       352       1         2         
1      163       232       47512     178       266       276       276       363       1         2         
3      158       116       47460     174       9         258       258       369       1         3         
2      552       629       47508     189       189       289       289       371       1         2         
2      571       642       47460     52        131       344       344       379       1         2         
2      601       528       47490     189       52        236       236       381       1         2         
1      464       875       47419     168       291       314       314       395       1         3         
1      487       129       47509     199       178       234       234       397       1         3         
1      61        718       47505     98        189       194       194       405       1         3         
1      438       554       47471     100       189       341       341       407       1         2         
3      578       572       47432     189       131       302       302       408       1         2         
1      630       816       47484     189       290       197       197       410       1         4         
1      668       1004      47486     280       291       222       222       411       1         3         
2      1149      1087      47435     291       291       296       296       414       1         3         
1      668       606       47435     280       189       312       312       415       1         4         
1      436       555       47505     100       199       208       208       418       1         2         
1      951       1012      47486     290       84        211       211       429       1         4         
2      788       769       47478     290       290       333       333       431       1         2         
1      533       464       47452     199       168       252       252       432       1         4         
2      158       116       47460     174       9         244       244       441       1         4         
1      766       627       47352     290       189       349       349       447       1         2         
1      680       628       47478     290       189       292       292       458       1         3         
1      627       742       47357     189       290       366       366       460       1         2         
1      173       389       47484     286       299       284       284       462       1         2         
3      310       691       47261     127       131       567       567       463       1         3         
1      926       946       47513     290       290       293       293       468       1         3         
1      486       676       47504     199       189       240       240       476       1         3         
3      211       505       47506     266       52        265       265       477       1         3         
1      375       372       47437     119       119       379       379       478       1         2         
2      413       232       47312     52        266       468       468       484       1         2         
4      642       388       47260     131       299       525       525       486       1         2         
3      651       864       47437     189       290       301       301       493       1         3         
3      577       560       47513     189       189       219       219       494       1         3         
1      757       347       47423     131       299       306       306       507       1         3         
1      376       332       47499     168       87        221       221       510       1         2         
1      536       974       47484     189       84        265       265       514       1         4         
2      211       505       47506     266       52        152       152       519       1         4         
1      652       906       47473     189       290       280       280       521       1         2         
2      91        232       47440     178       266       266       266       528       1         2         
1      834       720       47446     290       290       341       341       531       1         3         
4      1023      913       47218     291       291       517       517       533       1         2         
1      434       698       47503     52        189       320       320       539       1         3         
4      950       864       47501     290       290       277       277       540       1         2         
1      858       905       47513     290       290       282       282       547       1         3         
2      814       505       47493     290       52        308       308       550       1         2         
3      416       482       47472     100       189       300       300       554       1         2         
1      647       393       47468     280       52        201       201       559       1         3         
1      571       801       47384     52        291       420       420       561       1         2         
3      649       597       47419     189       131       358       358       564       1         2         
3      257       22        47363     87        98        456       456       568       1         2         
3      603       771       47309     189       290       419       419       570       1         2         
1      178       197       47401     178       178       330       330       571       1         2         
1      1065      778       47495     291       131       209       209       573       1         4         
1      549       62        47461     52        98        263       263       574       1         3         
3      332       600       47515     87        280       301       301       577       1         3         
3      531       531       47437     189       189       347       347       578       1         2         
3      749       1151      47433     290       291       400       400       586       1         3         
1      256       218       47347     87        87        419       419       590       1         3         
4      695       929       47455     189       290       325       325       595       1         2         
1      138       43        47496     57        9         265       265       598       1         3         
2      864       604       47239     290       189       536       536       601       1         4         
3      332       600       47515     87        280       301       301       603       1         3         
1      483       674       47509     189       189       271       271       607       1         4         
2      64        251       47479     98        127       165       165       608       1         3         
1      526       221       47489     52        87        193       193       609       1         4         
1      948       631       47411     290       189       395       395       623       1         2         
1      434       528       47502     52        52        321       321       629       1         2         
1      627       100       47362     189       57        344       344       633       1         3         
1      345       390       47439     299       52        243       243       635       1         3         
2      375       436       47385     119       100       431       431       642       1         2         
1      913       723       47450     291       290       320       320       646       1         2         
1      391       307       47394     52        127       450       450       647       1         3         
2      860       788       47452     290       290       381       381       650       1         3         
2      544       410       47478     52        52        267       267       652       1         2         
2      552       604       47478     189       189       319       319       654       1         3         
4      177       409       47489     207       52        223       223       658       1         2         
1      625       599       47454     189       280       296       296       662       1         2         
4      882       742       47490     290       290       326       326       663       1         2         
2      972       1335      47429     290       192       191       191       666       1         4         
1      737       737       47506     189       189       111       111       667       1         3         
1      687       526       47485     131       52        275       275       673       1         3         
1      601       858       47466     189       290       220       220       675       1         4         
1      604       580       47342     189       189       384       384       677       1         2         
2      554       460       47401     189       189       372       372       678       1         3         
1      477       458       47287     52        52        512       512       679       1         3         
3      947       465       47415     290       199       373       373       682       1         2         
3      295       398       47432     87        168       399       399       686       1         2         
1      768       841       47392     290       290       413       413       688       1         4         
1      118       435       47511     286       52        209       209       689       1         3         
1      624       526       47461     189       52        278       278       697       1         4         
2      441       864       47499     168       290       298       298       698       1         3         
3      571       642       47460     52        131       344       344       706       1         3         
1      347       455       47512     299       52        266       266       713       1         4         
1      802       745       47408     291       290       342       342       715       1         2         
2      803       602       47319     291       189       466       466       720       1         2         
3      481       345       47300     189       299       381       381       731       1         3         
1      350       573       47471     127       189       412       412       736       1         2         
3      947       527       47451     290       52        337       337       740       1         2         
1      435       285       47504     52        299       210       210       742       1         4         
3      927       946       47507     290       290       306       306       743       1         3         
1      528       155       47359     52        286       378       378       744       1         4         
1      742       925       47264     290       290       536       536       745       1         2         
3      452       396       47500     52        119       292       292       748       1         3         
1      599       412       47218     280       52        530       530       749       1         4         
1      891       679       47213     291       290       527       527       752       1         2         
1      627       770       47370     189       290       361       361       758       1         3         
1      1044      485       47495     291       189       225       225       767       1         4         
3      720       767       47477     290       290       331       331       770       1         3         
3      768       768       47454     290       290       351       351       771       1         2         
2      850       665       47387     291       131       397       397       772       1         2         
1      173       325       47504     286       299       233       233       775       1         2         
1      410       415       47329     52        100       392       392       778       1         3         
1      673       936       47497     189       291       264       264       782       1         4         
1      455       503       47518     52        52        248       248       783       1         2         
1      314       399       47333     119       168       469       469       788       1         3         
1      628       395       47479     189       100       259       259       791       1         2         
1      338       272       47381     277       127       419       419       792       1         3         
1      698       769       47465     189       290       321       321       795       1         3         
2      439       1001      47452     189       291       325       325       798       1         4         
3      690       621       47451     131       280       316       316       802       1         3         
1      308       291       47441     127       87        362       362       806       1         2         
1      376       604       47452     168       189       308       308       807       1         3         
1      126       332       47441     178       87        219       219       808       1         3         
1      465       486       47316     199       199       465       465       814       1         2         
2      310       268       47478     127       299       350       350       821       1         3         
1      757       727       47372     131       290       337       337       822       1         3         
3      221       351       47515     87        52        243       243       824       1         3         
4      396       556       47353     119       199       442       442       827       1         2         
1      676       724       47381     189       290       393       393       841       1         2         
2      915       1087      47435     291       291       295       295       847       1         3         
3      1023      1151      47463     291       291       272       272       851       1         3         
1      903       628       47510     290       189       310       310       853       1         2         
1      887       603       47480     290       189       179       179       854       1         4         
1      914       847       47480     291       291       276       276       856       1         2         
2      802       914       47342     291       291       408       408       858       1         2         
3      676       527       47456     189       52        320       320       864       1         3         
1      722       947       47471     290       290       149       149       873       1         4         
1      372       527       47455     119       52        328       328       874       1         2         
3      528       579       47435     52        189       336       336       875       1         2         
1      483       394       47448     189       100       317       317       876       1         3         
1      1392      1252      47463     129       129       230       230       878       1         2         
2      485       505       47412     189       52        343       343       894       1         3         
2      350       332       47464     127       87        419       419       899       1         2         
2      737       697       47466     189       189       298       298       905       1         2         
1      534       551       47477     199       189       155       155       908       1         3         
1      333       652       47491     119       189       270       270       919       1         3         
2      456       419       47508     52        168       252       252       920       1         2         
1      744       651       47457     290       189       312       312       926       1         3         
1      698       702       47371     189       290       415       415       934       1         3         
1      354       371       47459     119       52        351       351       936       1         3         
2      778       642       47505     131       131       242       242       937       1         2         
2      392       577       47437     52        189       361       361       940       1         3         
1      948       666       47431     290       131       375       375       941       1         3         
2      550       675       47486     189       189       275       275       944       1         3         
3      307       623       47301     127       280       453       453       950       1         2         
2      483       419       47360     189       168       400       400       955       1         2         
2      434       230       47485     52        266       338       338       958       1         3         
1      387       79        47431     299       98        380       380       959       1         3         
1      871       194       47466     291       207       290       290       969       1         4         
1      285       387       47513     299       299       247       247       971       1         2         
1      373       555       47473     119       199       247       247       975       1         3         
3      419       630       47390     168       189       409       409       979       1         2         
1      695       841       47435     189       290       241       241       981       1         4         
3      885       725       47311     290       290       501       501       982       1         2         
3      828       802       47519     291       291       267       267       984       1         2         
1      649       906       47515     189       290       216       216       986       1         3         
1      314       532       47474     119       199       328       328       992       1         3         
1      847       1168      47371     291       291       407       407       993       1         2         
1      959       850       47449     291       291       289       289       994       1         3         
1      725       875       47407     290       291       393       393       999       1         2         
1      665       716       47520     131       189       0         0         0         0         0         
1      631       861       47520     189       290       0         0         0         0         0         
1      529       530       47521     189       189       0         0         0         0         0         
1      649       981       47521     189       291       0         0         0         0         0         
2      696       736       47521     189       131       0         0         0         0         0         
1      691       675       47521     131       189       0         0         0         0         0         
1      605       528       47521     189       52        0         0         0         0         0         
3      673       554       47521     189       189       0         0         0         0         0         
3      673       554       47521     189       189       0         0         0         0         0         
1      331       874       47521     127       291       0         0         0         0         0         
2      698       723       47522     189       290       0         0         0         0         0         
1      834       649       47522     290       189       0         0         0         0         0         
1      232       534       47522     266       199       0         0         0         0         0         
1      650       460       47522     189       189       0         0         0         0         0         
1      580       836       47523     189       290       0         0         0         0         0         
2      415       285       47523     100       299       0         0         0         0         0         
1      888       233       47523     290       206       0         0         0         0         0         
1      881       709       47523     290       131       0         0         0         0         0         
1      410       525       47523     52        52        0         0         0         0         0         
2      355       549       47523     119       52        0         0         0         0         0         
2      511       702       47524     199       290       0         0         0         0         0         
1      857       850       47524     290       291       0         0         0         0         0         
3      511       702       47524     199       290       0         0         0         0         0         
1      860       940       47524     290       291       0         0         0         0         0         
1      412       673       47524     52        189       0         0         0         0         0         
1      458       836       47525     52        290       0         0         0         0         0         
1      1142      840       47525     84        290       0         0         0         0         0         
1      651       904       47525     189       290       0         0         0         0         0         
2      399       455       47525     168       52        0         0         0         0         0         
3      399       455       47525     168       52        0         0         0         0         0         
1      782       915       47526     291       291       0         0         0         0         0         
1      248       217       47526     266       87        0         0         0         0         0         
1      813       531       47526     290       189       0         0         0         0         0         
1      374       505       47526     119       52        0         0         0         0         0         
1      924       701       47526     290       290       0         0         0         0         0         
1      628       252       47526     189       206       0         0         0         0         0         
1      925       973       47527     290       84        0         0         0         0         0         
3      903       838       47528     290       290       0         0         0         0         0         
3      903       838       47528     290       290       0         0         0         0         0         
1      408       499       47528     299       52        0         0         0         0         0         
1      437       294       47528     100       87        0         0         0         0         0         
1      669       772       47528     280       290       0         0         0         0         0         
1      914       981       47528     291       291       0         0         0         0         0         
2      720       675       47528     290       189       0         0         0         0         0         
1      527       463       47528     52        168       0         0         0         0         0         
2      417       557       47528     100       189       0         0         0         0         0         
1      697       462       47529     189       189       0         0         0         0         0         
1      925       961       47529     290       291       0         0         0         0         0         
2      393       285       47529     52        299       0         0         0         0         0         
1      694       694       47529     189       189       0         0         0         0         0         
1      417       813       47529     100       290       0         0         0         0         0         
1      189       473       47530     286       52        0         0         0         0         0         
3      882       627       47530     290       189       0         0         0         0         0         
3      882       627       47530     290       189       0         0         0         0         0         
1      455       532       47530     52        199       0         0         0         0         0         
1      718       694       47530     189       189       0         0         0         0         0         
2      582       476       47531     189       52        0         0         0         0         0         
2      724       814       47531     290       290       0         0         0         0         0         
3      179       269       47531     178       127       0         0         0         0         0         
2      179       269       47531     178       127       0         0         0         0         0         
1      718       555       47532     189       199       0         0         0         0         0         
1      369       576       47532     52        189       0         0         0         0         0         
1      575       354       47532     189       119       0         0         0         0         0         
2      650       650       47533     189       189       0         0         0         0         0         
2      289       505       47533     127       52        0         0         0         0         0         
1      602       354       47533     189       119       0         0         0         0         0         
1      417       552       47533     100       189       0         0         0         0         0         
2      782       579       47533     291       189       0         0         0         0         0         
1      697       858       47533     189       290       0         0         0         0         0         
1      647       1544      47534     280       296       0         0         0         0         0         
3      441       534       47535     168       199       0         0         0         0         0         
4      439       210       47535     189       266       0         0         0         0         0         
1      531       531       47535     189       189       0         0         0         0         0         
2      441       534       47535     168       199       0         0         0         0         0         
4      571       212       47536     52        266       0         0         0         0         0         
1      849       924       47536     291       290       0         0         0         0         0         
1      529       328       47536     189       299       0         0         0         0         0         
1      789       676       47536     290       189       0         0         0         0         0         
3      116       549       47536     9         52        0         0         0         0         0         
2      116       549       47536     9         52        0         0         0         0         0         
1      605       214       47536     189       207       0         0         0         0         0         
3      252       369       47536     206       52        0         0         0         0         0         
1      686       431       47537     131       52        0         0         0         0         0         
1      337       125       47537     277       54        0         0         0         0         0         
2      936       592       47537     291       52        0         0         0         0         0         
1      155       249       47537     286       266       0         0         0         0         0         
1      276       394       47538     87        100       0         0         0         0         0         
3      1129      914       47538     291       291       0         0         0         0         0         
2      1129      914       47538     291       291       0         0         0         0         0         
1      962       408       47539     291       299       0         0         0         0         0         
1      782       700       47539     291       290       0         0         0         0         0         
3      387       662       47539     299       131       0         0         0         0         0         
3      387       662       47539     299       131       0         0         0         0         0         
3      291       329       47539     87        127       0         0         0         0         0         
3      291       329       47539     87        127       0         0         0         0         0         
1      237       615       47539     87        131       0         0         0         0         0         
4      137       386       47539     286       299       0         0         0         0         0         
1      529       768       47540     189       290       0         0         0         0         0         
1      439       199       47540     189       178       0         0         0         0         0         
2      827       757       47540     291       131       0         0         0         0         0         
1      662       1066      47541     131       291       0         0         0         0         0         
3      372       484       47541     119       189       0         0         0         0         0         
2      372       484       47541     119       189       0         0         0         0         0         
1      259       486       47541     87        199       0         0         0         0         0         
1      812       738       47541     290       189       0         0         0         0         0         
1      699       835       47542     290       290       0         0         0         0         0         
1      369       675       47542     52        189       0         0         0         0         0         
4      291       392       47542     87        52        0         0         0         0         0         
1      505       555       47543     52        199       0         0         0         0         0         
1      500       348       47543     52        299       0         0         0         0         0         
1      1044      579       47543     291       189       0         0         0         0         0         
2      650       836       47543     189       290       0         0         0         0         0         
2      709       407       47544     131       299       0         0         0         0         0         
1      478       415       47545     52        100       0         0         0         0         0         
1      850       1066      47545     291       291       0         0         0         0         0         
1      721       960       47545     290       291       0         0         0         0         0         
1      510       528       47546     199       52        0         0         0         0         0         
1      535       473       47546     189       52        0         0         0         0         0         
2      884       744       47546     290       290       0         0         0         0         0         
2      664       268       47546     131       299       0         0         0         0         0         
1      438       650       47546     100       189       0         0         0         0         0         
3      479       556       47546     52        199       0         0         0         0         0         
3      479       556       47546     52        199       0         0         0         0         0         
2      213       258       47546     266       87        0         0         0         0         0         
3      213       258       47546     266       87        0         0         0         0         0         
1      269       195       47548     127       207       0         0         0         0         0         
1      1086      810       47548     291       290       0         0         0         0         0         
1      436       463       47548     100       168       0         0         0         0         0         
